// alphaN vs mean energy [eV]; air_plasma [94c490be646f8872], T_gas = 300.000000 K
(
    (0 0.0000000000e+00)
    (1.3716749438e-01 0.0000000000e+00)
    (1.4076979314e-01 0.0000000000e+00)
    (1.4397604008e-01 0.0000000000e+00)
    (1.4684113805e-01 0.0000000000e+00)
    (1.4941204783e-01 0.0000000000e+00)
    (1.5172864004e-01 0.0000000000e+00)
    (1.5382482203e-01 0.0000000000e+00)
    (1.5572964088e-01 0.0000000000e+00)
    (1.5746824649e-01 0.0000000000e+00)
    (1.5906268561e-01 0.0000000000e+00)
    (1.6040186980e-01 0.0000000000e+00)
    (1.6189539494e-01 0.0000000000e+00)
    (1.6316727128e-01 0.0000000000e+00)
    (1.6436286366e-01 0.0000000000e+00)
    (1.6549578572e-01 0.0000000000e+00)
    (1.6657873020e-01 0.0000000000e+00)
    (1.6762359287e-01 0.0000000000e+00)
    (1.6865359887e-01 0.0000000000e+00)
    (1.6965539117e-01 0.0000000000e+00)
    (1.7065096866e-01 0.0000000000e+00)
    (1.7163702901e-01 0.0000000000e+00)
    (1.7264762429e-01 0.0000000000e+00)
    (1.7367878080e-01 0.0000000000e+00)
    (1.7473849913e-01 0.0000000000e+00)
    (1.7583432821e-01 0.0000000000e+00)
    (1.7697337833e-01 0.0000000000e+00)
    (1.7816233417e-01 0.0000000000e+00)
    (1.7940746844e-01 0.0000000000e+00)
    (1.8071465956e-01 0.0000000000e+00)
    (1.8208941158e-01 0.0000000000e+00)
    (1.8353687952e-01 0.0000000000e+00)
    (1.8506190021e-01 0.0000000000e+00)
    (1.8666902928e-01 0.0000000000e+00)
    (1.8836258474e-01 0.0000000000e+00)
    (1.9014669747e-01 0.0000000000e+00)
    (1.9202536831e-01 0.0000000000e+00)
    (1.9400253175e-01 0.0000000000e+00)
    (1.9608212573e-01 0.0000000000e+00)
    (1.9826816696e-01 0.0000000000e+00)
    (2.0056483136e-01 0.0000000000e+00)
    (2.0297653896e-01 0.0000000000e+00)
    (2.0550804255e-01 0.0000000000e+00)
    (2.0816451961e-01 0.0000000000e+00)
    (2.1095166654e-01 0.0000000000e+00)
    (2.1387579417e-01 0.0000000000e+00)
    (2.1694256551e-01 0.0000000000e+00)
    (2.2014788174e-01 0.0000000000e+00)
    (2.2353446165e-01 0.0000000000e+00)
    (2.2709477487e-01 0.0000000000e+00)
    (2.3084127841e-01 0.0000000000e+00)
    (2.3479833990e-01 0.0000000000e+00)
    (2.3896131204e-01 0.0000000000e+00)
    (2.4336011410e-01 0.0000000000e+00)
    (2.4801612280e-01 0.0000000000e+00)
    (2.5295360836e-01 0.0000000000e+00)
    (2.5819915170e-01 0.0000000000e+00)
    (2.6378576428e-01 0.0000000000e+00)
    (2.6974626976e-01 0.0000000000e+00)
    (2.7611829297e-01 0.0000000000e+00)
    (2.8294269841e-01 0.0000000000e+00)
    (2.9026321198e-01 0.0000000000e+00)
    (2.9812580887e-01 0.0000000000e+00)
    (3.0657783145e-01 0.0000000000e+00)
    (3.1566682518e-01 0.0000000000e+00)
    (3.2543909275e-01 0.0000000000e+00)
    (3.3590887576e-01 0.0000000000e+00)
    (3.4717223366e-01 0.0000000000e+00)
    (3.5923184525e-01 0.0000000000e+00)
    (3.7211014051e-01 0.0000000000e+00)
    (3.8581860584e-01 0.0000000000e+00)
    (4.0035610545e-01 0.0000000000e+00)
    (4.1570760906e-01 0.0000000000e+00)
    (4.3184344429e-01 0.0000000000e+00)
    (4.4871916534e-01 0.0000000000e+00)
    (4.6627608546e-01 0.0000000000e+00)
    (4.8444246122e-01 0.0000000000e+00)
    (5.0313526437e-01 0.0000000000e+00)
    (5.2226243543e-01 0.0000000000e+00)
    (5.4172546688e-01 0.0000000000e+00)
    (5.6142215538e-01 0.0000000000e+00)
    (5.8124935489e-01 0.0000000000e+00)
    (6.0110557847e-01 0.0000000000e+00)
    (6.2089332763e-01 0.0000000000e+00)
    (6.4052105642e-01 0.0000000000e+00)
    (6.5990472218e-01 0.0000000000e+00)
    (6.7896890624e-01 0.0000000000e+00)
    (6.9764751934e-01 0.0000000000e+00)
    (7.1588412933e-01 0.0000000000e+00)
    (7.3358637930e-01 0.0000000000e+00)
    (7.5079958278e-01 0.0000000000e+00)
    (7.6745534914e-01 0.0000000000e+00)
    (7.8353257443e-01 0.0000000000e+00)
    (7.9901752925e-01 0.0000000000e+00)
    (8.1390306874e-01 0.0000000000e+00)
    (8.2818782881e-01 0.0000000000e+00)
    (8.4187543928e-01 0.0000000000e+00)
    (8.5497377065e-01 0.0000000000e+00)
    (8.6749423532e-01 0.0000000000e+00)
    (8.7945114959e-01 0.0000000000e+00)
    (8.9086116369e-01 0.0000000000e+00)
    (9.0174276209e-01 0.0000000000e+00)
    (9.1211583392e-01 0.0000000000e+00)
    (9.2200131124e-01 0.0000000000e+00)
    (9.3142087166e-01 0.0000000000e+00)
    (9.4039670018e-01 0.0000000000e+00)
    (9.4895130466e-01 0.0000000000e+00)
    (9.5710737851e-01 0.0000000000e+00)
    (9.6488770504e-01 0.0000000000e+00)
    (9.7229590480e-01 0.0000000000e+00)
    (9.7938516806e-01 0.0000000000e+00)
    (9.8616493157e-01 0.0000000000e+00)
    (9.9265725541e-01 0.0000000000e+00)
    (9.9888405066e-01 0.0000000000e+00)
    (1.0048670871e+00 0.0000000000e+00)
    (1.0106280072e+00 0.0000000000e+00)
    (1.0161883436e+00 0.0000000000e+00)
    (1.0215695406e+00 0.0000000000e+00)
    (1.0267929771e+00 0.0000000000e+00)
    (1.0318799906e+00 0.0000000000e+00)
    (1.0368231653e+00 0.0000000000e+00)
    (1.0417033545e+00 0.0000000000e+00)
    (1.0465120906e+00 0.0000000000e+00)
    (1.0510868807e+00 0.0000000000e+00)
    (1.0558591909e+00 0.0000000000e+00)
    (1.0606532018e+00 0.0000000000e+00)
    (1.0655074201e+00 0.0000000000e+00)
    (1.0704684874e+00 0.0000000000e+00)
    (1.0751997678e+00 0.0000000000e+00)
    (1.0804337622e+00 0.0000000000e+00)
    (1.0860944541e+00 0.0000000000e+00)
    (1.0921800386e+00 0.0000000000e+00)
    (1.0986620881e+00 3.7926881808e-29)
    (1.1060807530e+00 7.2929062922e-29)
    (1.1144567565e+00 1.3589574773e-28)
    (1.1240549778e+00 2.4602527067e-28)
    (1.1350476813e+00 1.9120849374e-27)
    (1.1481500998e+00 3.4873199355e-27)
    (1.1636258816e+00 6.1861938951e-27)
    (1.1819885903e+00 1.0694972106e-26)
    (1.2038177970e+00 1.8044165825e-26)
    (1.2301634392e+00 3.3105897005e-26)
    (1.2609969547e+00 5.4284590220e-26)
    (1.2973623011e+00 8.7204841108e-26)
    (1.3400043219e+00 1.3735514097e-25)
    (1.3902463434e+00 2.2455830311e-25)
    (1.4476740790e+00 3.4573103165e-25)
    (1.5134371389e+00 5.2347452240e-25)
    (1.5880617832e+00 7.8005043633e-25)
    (1.6719409936e+00 1.1446304438e-24)
    (1.7660607111e+00 1.6861752716e-24)
    (1.8689224012e+00 2.4099421212e-24)
    (1.9811674971e+00 3.4003841692e-24)
    (2.1024762205e+00 4.7380545614e-24)
    (2.2323544682e+00 6.5216066983e-24)
    (2.3723894733e+00 8.9187213541e-24)
    (2.5173051548e+00 1.2001524812e-23)
    (2.6685098830e+00 1.5974928076e-23)
    (2.8251127850e+00 2.1041085178e-23)
    (2.9864403851e+00 2.7468442143e-23)
    (3.1511716909e+00 3.5475495597e-23)
    (3.3187345269e+00 4.5390742590e-23)
    (3.4884072290e+00 5.7559870384e-23)
    (3.6595680233e+00 7.2368662783e-23)
    (3.8329812664e+00 9.0245940231e-23)
    (4.0054036496e+00 1.1165096264e-22)
    (4.1781426577e+00 1.3711273692e-22)
    (4.3510158693e+00 1.6719122359e-22)
    (4.5239369987e+00 2.0248937911e-22)
    (4.6971621124e+00 2.4384711413e-22)
    (4.8701409956e+00 2.9157869637e-22)
    (5.0433978981e+00 3.4659187987e-22)
    (5.2171246269e+00 4.0964861691e-22)
    (5.3915564385e+00 4.8154211188e-22)
    (5.5669629672e+00 5.6309216262e-22)
    (5.7436400437e+00 6.5513891363e-22)
    (5.9219025873e+00 7.5853645223e-22)
    (6.1010979378e+00 8.7357238165e-22)
    (6.2835570480e+00 1.0022770643e-21)
    (6.4679920424e+00 1.1447137255e-21)
    (6.6560078498e+00 1.3021052383e-21)
    (6.8473428105e+00 1.4752803436e-21)
    (7.0423340173e+00 1.6649755193e-21)
    (7.2409465160e+00 1.8715894162e-21)
    (7.4442081971e+00 2.0963144381e-21)
    (7.6521663603e+00 2.3398026390e-21)
    (7.8676105911e+00 2.6080596086e-21)
    (8.0858487204e+00 2.8913414052e-21)
    (8.3098278045e+00 3.1952207904e-21)
    (8.5398932951e+00 3.5202128940e-21)
    (8.7763949131e+00 3.8667798038e-21)
    (9.0196879697e+00 4.2353305910e-21)
    (9.2670974767e+00 4.6199041921e-21)
    (9.5251096886e+00 5.0329071891e-21)
    (9.7910839770e+00 5.4690818333e-21)
    (1.0065371630e+01 5.9283034782e-21)
    (1.0346344593e+01 6.4084623557e-21)
    (1.0638438926e+01 6.9131528880e-21)
    (1.0940187398e+01 7.4413016753e-21)
    (1.1925355136e+01 9.0220475910e-21)
    (1.2308824412e+01 9.7037599351e-21)
    (1.2709276652e+01 1.0414648669e-20)
    (1.3126439691e+01 1.1155336103e-20)
    (1.3561263285e+01 1.1926299299e-20)
    (1.4012493747e+01 1.2722664289e-20)
    (1.4484291915e+01 1.3545987243e-20)
    (1.4973992379e+01 1.4388907228e-20)
    (1.5487666223e+01 1.5264865508e-20)
    (1.6023909695e+01 1.6165438736e-20)
    (1.6583468512e+01 1.7099610507e-20)
    (1.7168941463e+01 1.8045941971e-20)
    (1.7781023452e+01 1.9013101952e-20)
    (1.8422151615e+01 2.0005366322e-20)
    (1.9092649339e+01 2.1010632492e-20)
    (1.9794733945e+01 2.2031857443e-20)
    (2.0530664058e+01 2.3067942900e-20)
    (2.1299508263e+01 2.4111141386e-20)
    (2.2109288431e+01 2.5170603134e-20)
    (2.2959485968e+01 2.6238517815e-20)
    (2.3850104879e+01 2.7312626658e-20)
    (2.4788921536e+01 2.8390113382e-20)
    (2.5776295005e+01 2.9468764182e-20)
    (2.6817698048e+01 3.0550371852e-20)
    (2.7909067436e+01 3.1621386809e-20)
    (2.9061538888e+01 3.2686939911e-20)
    (3.0279874265e+01 3.3748651534e-20)
    (3.1556757395e+01 3.4789915063e-20)
    (3.2908931845e+01 3.5816600176e-20)
    (3.4342348823e+01 3.6834434648e-20)
    (3.5842127009e+01 3.7812381050e-20)
    (3.7437719791e+01 3.8774959697e-20)
    (3.9117090489e+01 3.9700335785e-20)
    (4.0644106575e+01 4.0407106780e-20)
    (4.2796040127e+01 4.1478123743e-20)
    (4.4789131155e+01 4.2301319892e-20)
    (4.6589221150e+01 4.2912229296e-20)
    (4.9179324484e+01 4.3864109613e-20)
    (5.1201199815e+01 4.4385483509e-20)
    (5.4099126670e+01 4.5222553299e-20)
    (5.6778858337e+01 4.5806740738e-20)
    (5.9117854096e+01 4.6156255357e-20)
    (6.2718461942e+01 4.6878751381e-20)
    (6.5410085846e+01 4.7137515370e-20)
    (6.9496742822e+01 4.7725259124e-20)
    (7.3180976752e+01 4.8029299810e-20)
    (7.7182577491e+01 4.8300166685e-20)
    (8.1420085225e+01 4.8495003214e-20)
    (8.6011788405e+01 4.8634011005e-20)
    (9.0867763137e+01 4.8670520091e-20)
    (9.6165388139e+01 4.8673539157e-20)
    (1.0177823578e+02 4.8589572973e-20)
    (1.0792309375e+02 4.8451052634e-20)
    (1.1458604701e+02 4.8240622908e-20)
    (1.2160542734e+02 4.7925218593e-20)
    (1.2939531717e+02 4.7570781941e-20)
    (1.3542361118e+02 4.6990358483e-20)
    (1.4388362195e+02 4.6410308191e-20)
    (1.5371740495e+02 4.5866158842e-20)
    (1.6736124994e+02 4.5402757336e-20)
    (1.7556818514e+02 4.4576717036e-20)
    (1.9180551086e+02 4.3903877516e-20)
    (2.0148427830e+02 4.2935776329e-20)
);
