// alpha_EI_N2_ION_N2 [m^2] (reduced, mole-fraction weighted) vs reducedE [V m^2]; air_plasma [94c490be646f8872], T_gas = 300.000000 K
(
    (0 0.0000000000e+00)
    (1.0000000000e-22 0.0000000000e+00)
    (1.0452754953e-22 0.0000000000e+00)
    (1.0926008611e-22 0.0000000000e+00)
    (1.1420689063e-22 0.0000000000e+00)
    (1.1937766417e-22 0.0000000000e+00)
    (1.2478254705e-22 0.0000000000e+00)
    (1.3043213867e-22 0.0000000000e+00)
    (1.3633751836e-22 0.0000000000e+00)
    (1.4251026703e-22 0.0000000000e+00)
    (1.4896248996e-22 0.0000000000e+00)
    (1.5570684048e-22 0.0000000000e+00)
    (1.6275654480e-22 0.0000000000e+00)
    (1.7012542799e-22 0.0000000000e+00)
    (1.7782794100e-22 0.0000000000e+00)
    (1.8587918911e-22 0.0000000000e+00)
    (1.9429496147e-22 0.0000000000e+00)
    (2.0309176209e-22 0.0000000000e+00)
    (2.1228684221e-22 0.0000000000e+00)
    (2.2189823415e-22 0.0000000000e+00)
    (2.3194478661e-22 0.0000000000e+00)
    (2.4244620171e-22 0.0000000000e+00)
    (2.5342307358e-22 0.0000000000e+00)
    (2.6489692876e-22 0.0000000000e+00)
    (2.7689026842e-22 0.0000000000e+00)
    (2.8942661247e-22 0.0000000000e+00)
    (3.0253054571e-22 0.0000000000e+00)
    (3.1622776602e-22 0.0000000000e+00)
    (3.3054513476e-22 0.0000000000e+00)
    (3.4551072946e-22 0.0000000000e+00)
    (3.6115389887e-22 0.0000000000e+00)
    (3.7750532053e-22 0.0000000000e+00)
    (3.9459706091e-22 0.0000000000e+00)
    (4.1246263829e-22 0.0000000000e+00)
    (4.3113708854e-22 0.0000000000e+00)
    (4.5065703377e-22 0.0000000000e+00)
    (4.7106075420e-22 0.0000000000e+00)
    (4.9238826317e-22 0.0000000000e+00)
    (5.1468138568e-22 0.0000000000e+00)
    (5.3798384034e-22 0.0000000000e+00)
    (5.6234132519e-22 0.0000000000e+00)
    (5.8780160723e-22 0.0000000000e+00)
    (6.1441461614e-22 0.0000000000e+00)
    (6.4223254222e-22 0.0000000000e+00)
    (6.7130993868e-22 0.0000000000e+00)
    (7.0170382867e-22 0.0000000000e+00)
    (7.3347381708e-22 0.0000000000e+00)
    (7.6668220745e-22 0.0000000000e+00)
    (8.0139412415e-22 0.0000000000e+00)
    (8.3767764007e-22 0.0000000000e+00)
    (8.7560391014e-22 0.0000000000e+00)
    (9.1524731088e-22 0.0000000000e+00)
    (9.5668558622e-22 0.0000000000e+00)
    (1.0000000000e-21 0.0000000000e+00)
    (1.0452754953e-21 0.0000000000e+00)
    (1.0926008611e-21 0.0000000000e+00)
    (1.1420689063e-21 0.0000000000e+00)
    (1.1937766417e-21 0.0000000000e+00)
    (1.2478254705e-21 0.0000000000e+00)
    (1.3043213867e-21 0.0000000000e+00)
    (1.3633751836e-21 0.0000000000e+00)
    (1.4251026703e-21 0.0000000000e+00)
    (1.4896248996e-21 0.0000000000e+00)
    (1.5570684048e-21 0.0000000000e+00)
    (1.6275654480e-21 0.0000000000e+00)
    (1.7012542799e-21 0.0000000000e+00)
    (1.7782794100e-21 0.0000000000e+00)
    (1.8587918911e-21 0.0000000000e+00)
    (1.9429496147e-21 0.0000000000e+00)
    (2.0309176209e-21 0.0000000000e+00)
    (2.1228684221e-21 0.0000000000e+00)
    (2.2189823415e-21 0.0000000000e+00)
    (2.3194478661e-21 0.0000000000e+00)
    (2.4244620171e-21 0.0000000000e+00)
    (2.5342307358e-21 0.0000000000e+00)
    (2.6489692876e-21 0.0000000000e+00)
    (2.7689026842e-21 0.0000000000e+00)
    (2.8942661247e-21 0.0000000000e+00)
    (3.0253054571e-21 0.0000000000e+00)
    (3.1622776602e-21 0.0000000000e+00)
    (3.3054513476e-21 0.0000000000e+00)
    (3.4551072946e-21 0.0000000000e+00)
    (3.6115389887e-21 0.0000000000e+00)
    (3.7750532053e-21 0.0000000000e+00)
    (3.9459706091e-21 0.0000000000e+00)
    (4.1246263829e-21 0.0000000000e+00)
    (4.3113708854e-21 0.0000000000e+00)
    (4.5065703377e-21 0.0000000000e+00)
    (4.7106075420e-21 0.0000000000e+00)
    (4.9238826317e-21 0.0000000000e+00)
    (5.1468138568e-21 0.0000000000e+00)
    (5.3798384034e-21 0.0000000000e+00)
    (5.6234132519e-21 0.0000000000e+00)
    (5.8780160723e-21 0.0000000000e+00)
    (6.1441461614e-21 0.0000000000e+00)
    (6.4223254222e-21 0.0000000000e+00)
    (6.7130993868e-21 0.0000000000e+00)
    (7.0170382867e-21 0.0000000000e+00)
    (7.3347381708e-21 0.0000000000e+00)
    (7.6668220745e-21 0.0000000000e+00)
    (8.0139412415e-21 0.0000000000e+00)
    (8.3767764007e-21 0.0000000000e+00)
    (8.7560391014e-21 0.0000000000e+00)
    (9.1524731088e-21 0.0000000000e+00)
    (9.5668558622e-21 0.0000000000e+00)
    (1.0000000000e-20 0.0000000000e+00)
    (1.0452754953e-20 0.0000000000e+00)
    (1.0926008611e-20 0.0000000000e+00)
    (1.1420689063e-20 0.0000000000e+00)
    (1.1937766417e-20 0.0000000000e+00)
    (1.2478254705e-20 0.0000000000e+00)
    (1.3043213867e-20 0.0000000000e+00)
    (1.3633751836e-20 0.0000000000e+00)
    (1.4251026703e-20 0.0000000000e+00)
    (1.4896248996e-20 0.0000000000e+00)
    (1.5570684048e-20 0.0000000000e+00)
    (1.6275654480e-20 0.0000000000e+00)
    (1.7012542799e-20 0.0000000000e+00)
    (1.7782794100e-20 0.0000000000e+00)
    (1.8587918911e-20 0.0000000000e+00)
    (1.9429496147e-20 0.0000000000e+00)
    (2.0309176209e-20 0.0000000000e+00)
    (2.1228684221e-20 0.0000000000e+00)
    (2.2189823415e-20 0.0000000000e+00)
    (2.3194478661e-20 0.0000000000e+00)
    (2.4244620171e-20 0.0000000000e+00)
    (2.5342307358e-20 0.0000000000e+00)
    (2.6489692876e-20 0.0000000000e+00)
    (2.7689026842e-20 0.0000000000e+00)
    (2.8942661247e-20 0.0000000000e+00)
    (3.0253054571e-20 0.0000000000e+00)
    (3.1622776602e-20 0.0000000000e+00)
    (3.3054513476e-20 0.0000000000e+00)
    (3.4551072946e-20 0.0000000000e+00)
    (3.6115389887e-20 0.0000000000e+00)
    (3.7750532053e-20 0.0000000000e+00)
    (3.9459706091e-20 0.0000000000e+00)
    (4.1246263829e-20 0.0000000000e+00)
    (4.3113708854e-20 0.0000000000e+00)
    (4.5065703377e-20 0.0000000000e+00)
    (4.7106075420e-20 0.0000000000e+00)
    (4.9238826317e-20 8.0804896756e-28)
    (5.1468138568e-20 1.5752447911e-27)
    (5.3798384034e-20 2.9512481523e-27)
    (5.6234132519e-20 5.3465548014e-27)
    (5.8780160723e-20 1.9796820607e-26)
    (6.1441461614e-20 3.6160908433e-26)
    (6.4223254222e-20 6.3746877325e-26)
    (6.7130993868e-20 1.0903215778e-25)
    (7.0170382867e-20 1.8147258623e-25)
    (7.3347381708e-20 3.1887921031e-25)
    (7.6668220745e-20 5.0821872702e-25)
    (8.0139412415e-20 7.9407163605e-25)
    (8.3767764007e-20 1.2165785429e-24)
    (8.7560391014e-20 1.8283624737e-24)
    (9.1524731088e-20 2.7238173343e-24)
    (9.5668558622e-20 3.9539969718e-24)
    (1.0000000000e-19 5.6436013365e-24)
    (1.0452754953e-19 7.9258319195e-24)
    (1.0926008611e-19 1.0977034902e-23)
    (1.1420689063e-19 1.4966509603e-23)
    (1.1937766417e-19 2.0123590775e-23)
    (1.2478254705e-19 2.6703272750e-23)
    (1.3043213867e-19 3.4995162316e-23)
    (1.3633751836e-19 4.5321629251e-23)
    (1.4251026703e-19 5.8048657189e-23)
    (1.4896248996e-19 7.3580142056e-23)
    (1.5570684048e-19 9.2354914670e-23)
    (1.6275654480e-19 1.1484830010e-22)
    (1.7012542799e-19 1.4169224087e-22)
    (1.7782794100e-19 1.7320314131e-22)
    (1.8587918911e-19 2.1006982648e-22)
    (1.9429496147e-19 2.5289974161e-22)
    (2.0309176209e-19 3.0232575069e-22)
    (2.1228684221e-19 3.5900203816e-22)
    (2.2189823415e-19 4.2359878279e-22)
    (2.3194478661e-19 4.9679668191e-22)
    (2.4244620171e-19 5.7887186865e-22)
    (2.5342307358e-19 6.7133698708e-22)
    (2.6489692876e-19 7.7430930709e-22)
    (2.7689026842e-19 8.8871804389e-22)
    (2.8942661247e-19 1.0152212560e-21)
    (3.0253054571e-19 1.1543964731e-21)
    (3.1622776602e-19 1.3065791492e-21)
    (3.3054513476e-19 1.4726475527e-21)
    (3.4551072946e-19 1.6531099662e-21)
    (3.6115389887e-19 1.8523309964e-21)
    (3.7750532053e-19 2.0632823386e-21)
    (3.9459706091e-19 2.2899879067e-21)
    (4.1246263829e-19 2.5328160303e-21)
    (4.3113708854e-19 2.7920890693e-21)
    (4.5065703377e-19 3.0680837300e-21)
    (4.7106075420e-19 3.3564194525e-21)
    (4.9238826317e-19 3.6661141016e-21)
    (5.1468138568e-19 3.9932959527e-21)
    (5.3798384034e-19 4.3378279167e-21)
    (5.6234132519e-19 4.6981136167e-21)
    (5.8780160723e-19 5.0767324317e-21)
    (6.1441461614e-19 5.4728410341e-21)
    (6.4223254222e-19 6.6573882880e-21)
    (6.7130993868e-19 7.1676913906e-21)
    (7.0170382867e-19 7.6994002586e-21)
    (7.3347381708e-19 8.2528726939e-21)
    (7.6668220745e-19 8.8283702776e-21)
    (8.0139412415e-19 9.4222162884e-21)
    (8.3767764007e-19 1.0035468390e-20)
    (8.7560391014e-19 1.0662537339e-20)
    (9.1524731088e-19 1.1313388928e-20)
    (9.5668558622e-19 1.1981659174e-20)
    (1.0000000000e-18 1.2673857927e-20)
    (1.0452754953e-18 1.3374160666e-20)
    (1.0926008611e-18 1.4088859771e-20)
    (1.1420689063e-18 1.4820968210e-20)
    (1.1937766417e-18 1.5561627679e-20)
    (1.2478254705e-18 1.6312903888e-20)
    (1.3043213867e-18 1.7073926226e-20)
    (1.3633751836e-18 1.7838844938e-20)
    (1.4251026703e-18 1.8614569489e-20)
    (1.4896248996e-18 1.9395204128e-20)
    (1.5570684048e-18 2.0178985396e-20)
    (1.6275654480e-18 2.0963983359e-20)
    (1.7012542799e-18 2.1748477092e-20)
    (1.7782794100e-18 2.2533743057e-20)
    (1.8587918911e-18 2.3309876228e-20)
    (1.9429496147e-18 2.4080689282e-20)
    (2.0309176209e-18 2.4847309291e-20)
    (2.1228684221e-18 2.5597685539e-20)
    (2.2189823415e-18 2.6336089490e-20)
    (2.3194478661e-18 2.7066713811e-20)
    (2.4244620171e-18 2.7767034282e-20)
    (2.5342307358e-18 2.8454920594e-20)
    (2.6489692876e-18 2.9114481689e-20)
    (2.7689026842e-18 2.9614998756e-20)
    (2.8942661247e-18 3.0377306177e-20)
    (3.0253054571e-18 3.0959345946e-20)
    (3.1622776602e-18 3.1387333394e-20)
    (3.3054513476e-18 3.2059936318e-20)
    (3.4551072946e-18 3.2421373410e-20)
    (3.6115389887e-18 3.3008864215e-20)
    (3.7750532053e-18 3.3413264326e-20)
    (3.9459706091e-18 3.3648469095e-20)
    (4.1246263829e-18 3.4150509373e-20)
    (4.3113708854e-18 3.4318960275e-20)
    (4.5065703377e-18 3.4722297662e-20)
    (4.7106075420e-18 3.4921416800e-20)
    (4.9238826317e-18 3.5096155672e-20)
    (5.1468138568e-18 3.5215692764e-20)
    (5.3798384034e-18 3.5294735357e-20)
    (5.6234132519e-18 3.5299735307e-20)
    (5.8780160723e-18 3.5280464252e-20)
    (6.1441461614e-18 3.5198653473e-20)
    (6.4223254222e-18 3.5077439941e-20)
    (6.7130993868e-18 3.4904605704e-20)
    (7.0170382867e-18 3.4656626109e-20)
    (7.3347381708e-18 3.4380817265e-20)
    (7.6668220745e-18 3.3943725522e-20)
    (8.0139412415e-18 3.3506150426e-20)
    (8.3767764007e-18 3.3095404372e-20)
    (8.7560391014e-18 3.2744857785e-20)
    (9.1524731088e-18 3.2132508540e-20)
    (9.5668558622e-18 3.1635789345e-20)
    (1.0000000000e-17 3.0922245815e-20)
);
