// alpha_EI_N2_ION_N2_B2SIGMA [m^2] (reduced, mole-fraction weighted) vs reducedE [V m^2]; air_plasma [94c490be646f8872], T_gas = 300.000000 K
(
    (0 0.0000000000e+00)
    (1.0000000000e-22 0.0000000000e+00)
    (1.0452754953e-22 0.0000000000e+00)
    (1.0926008611e-22 0.0000000000e+00)
    (1.1420689063e-22 0.0000000000e+00)
    (1.1937766417e-22 0.0000000000e+00)
    (1.2478254705e-22 0.0000000000e+00)
    (1.3043213867e-22 0.0000000000e+00)
    (1.3633751836e-22 0.0000000000e+00)
    (1.4251026703e-22 0.0000000000e+00)
    (1.4896248996e-22 0.0000000000e+00)
    (1.5570684048e-22 0.0000000000e+00)
    (1.6275654480e-22 0.0000000000e+00)
    (1.7012542799e-22 0.0000000000e+00)
    (1.7782794100e-22 0.0000000000e+00)
    (1.8587918911e-22 0.0000000000e+00)
    (1.9429496147e-22 0.0000000000e+00)
    (2.0309176209e-22 0.0000000000e+00)
    (2.1228684221e-22 0.0000000000e+00)
    (2.2189823415e-22 0.0000000000e+00)
    (2.3194478661e-22 0.0000000000e+00)
    (2.4244620171e-22 0.0000000000e+00)
    (2.5342307358e-22 0.0000000000e+00)
    (2.6489692876e-22 0.0000000000e+00)
    (2.7689026842e-22 0.0000000000e+00)
    (2.8942661247e-22 0.0000000000e+00)
    (3.0253054571e-22 0.0000000000e+00)
    (3.1622776602e-22 0.0000000000e+00)
    (3.3054513476e-22 0.0000000000e+00)
    (3.4551072946e-22 0.0000000000e+00)
    (3.6115389887e-22 0.0000000000e+00)
    (3.7750532053e-22 0.0000000000e+00)
    (3.9459706091e-22 0.0000000000e+00)
    (4.1246263829e-22 0.0000000000e+00)
    (4.3113708854e-22 0.0000000000e+00)
    (4.5065703377e-22 0.0000000000e+00)
    (4.7106075420e-22 0.0000000000e+00)
    (4.9238826317e-22 0.0000000000e+00)
    (5.1468138568e-22 0.0000000000e+00)
    (5.3798384034e-22 0.0000000000e+00)
    (5.6234132519e-22 0.0000000000e+00)
    (5.8780160723e-22 0.0000000000e+00)
    (6.1441461614e-22 0.0000000000e+00)
    (6.4223254222e-22 0.0000000000e+00)
    (6.7130993868e-22 0.0000000000e+00)
    (7.0170382867e-22 0.0000000000e+00)
    (7.3347381708e-22 0.0000000000e+00)
    (7.6668220745e-22 0.0000000000e+00)
    (8.0139412415e-22 0.0000000000e+00)
    (8.3767764007e-22 0.0000000000e+00)
    (8.7560391014e-22 0.0000000000e+00)
    (9.1524731088e-22 0.0000000000e+00)
    (9.5668558622e-22 0.0000000000e+00)
    (1.0000000000e-21 0.0000000000e+00)
    (1.0452754953e-21 0.0000000000e+00)
    (1.0926008611e-21 0.0000000000e+00)
    (1.1420689063e-21 0.0000000000e+00)
    (1.1937766417e-21 0.0000000000e+00)
    (1.2478254705e-21 0.0000000000e+00)
    (1.3043213867e-21 0.0000000000e+00)
    (1.3633751836e-21 0.0000000000e+00)
    (1.4251026703e-21 0.0000000000e+00)
    (1.4896248996e-21 0.0000000000e+00)
    (1.5570684048e-21 0.0000000000e+00)
    (1.6275654480e-21 0.0000000000e+00)
    (1.7012542799e-21 0.0000000000e+00)
    (1.7782794100e-21 0.0000000000e+00)
    (1.8587918911e-21 0.0000000000e+00)
    (1.9429496147e-21 0.0000000000e+00)
    (2.0309176209e-21 0.0000000000e+00)
    (2.1228684221e-21 0.0000000000e+00)
    (2.2189823415e-21 0.0000000000e+00)
    (2.3194478661e-21 0.0000000000e+00)
    (2.4244620171e-21 0.0000000000e+00)
    (2.5342307358e-21 0.0000000000e+00)
    (2.6489692876e-21 0.0000000000e+00)
    (2.7689026842e-21 0.0000000000e+00)
    (2.8942661247e-21 0.0000000000e+00)
    (3.0253054571e-21 0.0000000000e+00)
    (3.1622776602e-21 0.0000000000e+00)
    (3.3054513476e-21 0.0000000000e+00)
    (3.4551072946e-21 0.0000000000e+00)
    (3.6115389887e-21 0.0000000000e+00)
    (3.7750532053e-21 0.0000000000e+00)
    (3.9459706091e-21 0.0000000000e+00)
    (4.1246263829e-21 0.0000000000e+00)
    (4.3113708854e-21 0.0000000000e+00)
    (4.5065703377e-21 0.0000000000e+00)
    (4.7106075420e-21 0.0000000000e+00)
    (4.9238826317e-21 0.0000000000e+00)
    (5.1468138568e-21 0.0000000000e+00)
    (5.3798384034e-21 0.0000000000e+00)
    (5.6234132519e-21 0.0000000000e+00)
    (5.8780160723e-21 0.0000000000e+00)
    (6.1441461614e-21 0.0000000000e+00)
    (6.4223254222e-21 0.0000000000e+00)
    (6.7130993868e-21 0.0000000000e+00)
    (7.0170382867e-21 0.0000000000e+00)
    (7.3347381708e-21 0.0000000000e+00)
    (7.6668220745e-21 0.0000000000e+00)
    (8.0139412415e-21 0.0000000000e+00)
    (8.3767764007e-21 0.0000000000e+00)
    (8.7560391014e-21 0.0000000000e+00)
    (9.1524731088e-21 0.0000000000e+00)
    (9.5668558622e-21 0.0000000000e+00)
    (1.0000000000e-20 0.0000000000e+00)
    (1.0452754953e-20 0.0000000000e+00)
    (1.0926008611e-20 0.0000000000e+00)
    (1.1420689063e-20 0.0000000000e+00)
    (1.1937766417e-20 0.0000000000e+00)
    (1.2478254705e-20 0.0000000000e+00)
    (1.3043213867e-20 0.0000000000e+00)
    (1.3633751836e-20 0.0000000000e+00)
    (1.4251026703e-20 0.0000000000e+00)
    (1.4896248996e-20 0.0000000000e+00)
    (1.5570684048e-20 0.0000000000e+00)
    (1.6275654480e-20 0.0000000000e+00)
    (1.7012542799e-20 0.0000000000e+00)
    (1.7782794100e-20 0.0000000000e+00)
    (1.8587918911e-20 0.0000000000e+00)
    (1.9429496147e-20 0.0000000000e+00)
    (2.0309176209e-20 0.0000000000e+00)
    (2.1228684221e-20 0.0000000000e+00)
    (2.2189823415e-20 0.0000000000e+00)
    (2.3194478661e-20 0.0000000000e+00)
    (2.4244620171e-20 0.0000000000e+00)
    (2.5342307358e-20 0.0000000000e+00)
    (2.6489692876e-20 0.0000000000e+00)
    (2.7689026842e-20 0.0000000000e+00)
    (2.8942661247e-20 0.0000000000e+00)
    (3.0253054571e-20 0.0000000000e+00)
    (3.1622776602e-20 0.0000000000e+00)
    (3.3054513476e-20 0.0000000000e+00)
    (3.4551072946e-20 0.0000000000e+00)
    (3.6115389887e-20 0.0000000000e+00)
    (3.7750532053e-20 0.0000000000e+00)
    (3.9459706091e-20 0.0000000000e+00)
    (4.1246263829e-20 0.0000000000e+00)
    (4.3113708854e-20 0.0000000000e+00)
    (4.5065703377e-20 0.0000000000e+00)
    (4.7106075420e-20 0.0000000000e+00)
    (4.9238826317e-20 0.0000000000e+00)
    (5.1468138568e-20 0.0000000000e+00)
    (5.3798384034e-20 0.0000000000e+00)
    (5.6234132519e-20 0.0000000000e+00)
    (5.8780160723e-20 9.2424632191e-31)
    (6.1441461614e-20 2.1857408053e-30)
    (6.4223254222e-20 4.4781935105e-30)
    (6.7130993868e-20 8.5182938472e-30)
    (7.0170382867e-20 1.5422682890e-29)
    (7.3347381708e-20 1.6911017839e-27)
    (7.6668220745e-20 2.9335184038e-27)
    (8.0139412415e-20 5.0292172935e-27)
    (8.3767764007e-20 8.4703467519e-27)
    (8.7560391014e-20 1.3971768519e-26)
    (9.1524731088e-20 2.5776993293e-26)
    (9.5668558622e-20 4.1334486808e-26)
    (1.0000000000e-19 6.4934686357e-26)
    (1.0452754953e-19 9.9960382329e-26)
    (1.0926008611e-19 1.5216774460e-25)
    (1.1420689063e-19 2.2626036564e-25)
    (1.1937766417e-19 3.3034941364e-25)
    (1.2478254705e-19 4.7408294043e-25)
    (1.3043213867e-19 6.6934575782e-25)
    (1.3633751836e-19 9.3015260570e-25)
    (1.4251026703e-19 1.2752067590e-24)
    (1.4896248996e-19 1.7246809683e-24)
    (1.5570684048e-19 2.3027055290e-24)
    (1.6275654480e-19 3.0370709182e-24)
    (1.7012542799e-19 3.9657456231e-24)
    (1.7782794100e-19 5.1140620732e-24)
    (1.8587918911e-19 6.5269792452e-24)
    (1.9429496147e-19 8.2488148543e-24)
    (2.0309176209e-19 1.0327991446e-23)
    (2.1228684221e-19 1.2816885559e-23)
    (2.2189823415e-19 1.5771533408e-23)
    (2.3194478661e-19 1.9251270334e-23)
    (2.4244620171e-19 2.3299791012e-23)
    (2.5342307358e-19 2.8024200178e-23)
    (2.6489692876e-19 3.3459527899e-23)
    (2.7689026842e-19 3.9691724374e-23)
    (2.8942661247e-19 4.6792982664e-23)
    (3.0253054571e-19 5.4829163569e-23)
    (3.1622776602e-19 6.3853781740e-23)
    (3.3054513476e-19 7.3950063160e-23)
    (3.4551072946e-19 8.5187311245e-23)
    (3.6115389887e-19 9.7879954004e-23)
    (3.7750532053e-19 1.1160992982e-22)
    (3.9459706091e-19 1.2666450485e-22)
    (4.1246263829e-19 1.4309771321e-22)
    (4.3113708854e-19 1.6095908559e-22)
    (4.5065703377e-19 1.8029331296e-22)
    (4.7106075420e-19 2.0082537328e-22)
    (4.9238826317e-19 2.2318783554e-22)
    (5.1468138568e-19 2.4714080532e-22)
    (5.3798384034e-19 2.7268948227e-22)
    (5.6234132519e-19 2.9973289274e-22)
    (5.8780160723e-19 3.2846457340e-22)
    (6.1441461614e-19 3.5883336742e-22)
    (6.4223254222e-19 4.5087771412e-22)
    (6.7130993868e-19 4.9126256973e-22)
    (7.0170382867e-19 5.3364707961e-22)
    (7.3347381708e-19 5.7805140517e-22)
    (7.6668220745e-19 6.2447778329e-22)
    (8.0139412415e-19 6.7263251362e-22)
    (8.3767764007e-19 7.2257246254e-22)
    (8.7560391014e-19 7.7387179733e-22)
    (9.1524731088e-19 8.2719666354e-22)
    (9.5668558622e-19 8.8206449829e-22)
    (1.0000000000e-18 9.3892549522e-22)
    (1.0452754953e-18 9.9655880551e-22)
    (1.0926008611e-18 1.0553917269e-21)
    (1.1420689063e-18 1.1156179572e-21)
    (1.1937766417e-18 1.1765115420e-21)
    (1.2478254705e-18 1.2381932063e-21)
    (1.3043213867e-18 1.3005554704e-21)
    (1.3633751836e-18 1.3631085797e-21)
    (1.4251026703e-18 1.4263454523e-21)
    (1.4896248996e-18 1.4897776073e-21)
    (1.5570684048e-18 1.5532302423e-21)
    (1.6275654480e-18 1.6165340670e-21)
    (1.7012542799e-18 1.6795235256e-21)
    (1.7782794100e-18 1.7422695437e-21)
    (1.8587918911e-18 1.8039978182e-21)
    (1.9429496147e-18 1.8649757033e-21)
    (2.0309176209e-18 1.9252767774e-21)
    (2.1228684221e-18 1.9839700434e-21)
    (2.2189823415e-18 2.0413820450e-21)
    (2.3194478661e-18 2.0978269306e-21)
    (2.4244620171e-18 2.1515934683e-21)
    (2.5342307358e-18 2.2040444372e-21)
    (2.6489692876e-18 2.2539807805e-21)
    (2.7689026842e-18 2.2915632557e-21)
    (2.8942661247e-18 2.3485618325e-21)
    (3.0253054571e-18 2.3916290794e-21)
    (3.1622776602e-18 2.4227700379e-21)
    (3.3054513476e-18 2.4720967814e-21)
    (3.4551072946e-18 2.4976771159e-21)
    (3.6115389887e-18 2.5400947960e-21)
    (3.7750532053e-18 2.5684743341e-21)
    (3.9459706091e-18 2.5839618802e-21)
    (4.1246263829e-18 2.6194054444e-21)
    (4.3113708854e-18 2.6295634519e-21)
    (4.5065703377e-18 2.6573737771e-21)
    (4.7106075420e-18 2.6697114365e-21)
    (4.9238826317e-18 2.6801857859e-21)
    (5.1468138568e-18 2.6864740136e-21)
    (5.3798384034e-18 2.6897539718e-21)
    (5.6234132519e-18 2.6874878587e-21)
    (5.8780160723e-18 2.6834716323e-21)
    (6.1441461614e-18 2.6748234277e-21)
    (6.4223254222e-18 2.6633083357e-21)
    (6.7130993868e-18 2.6480070617e-21)
    (7.0170382867e-18 2.6271564582e-21)
    (7.3347381708e-18 2.6043220932e-21)
    (7.6668220745e-18 2.5695599001e-21)
    (8.0139412415e-18 2.5349519137e-21)
    (8.3767764007e-18 2.5023467954e-21)
    (8.7560391014e-18 2.4737304686e-21)
    (9.1524731088e-18 2.4265552971e-21)
    (9.5668558622e-18 2.3866065265e-21)
    (1.0000000000e-17 2.3322366382e-21)
);
