// DEpsN vs reducedE [V m^2]; air_plasma [94c490be646f8872], T_gas = 300.000000 K
(
    (0 1.2531316707e+24)
    (1.0000000000e-22 1.2531316707e+24)
    (1.0452754953e-22 1.2550424217e+24)
    (1.0926008611e-22 1.2567883667e+24)
    (1.1420689063e-22 1.2583997766e+24)
    (1.1937766417e-22 1.2599007565e+24)
    (1.2478254705e-22 1.2613108273e+24)
    (1.3043213867e-22 1.2626461440e+24)
    (1.3633751836e-22 1.2639204006e+24)
    (1.4251026703e-22 1.2651454891e+24)
    (1.4896248996e-22 1.2663319692e+24)
    (1.5570684048e-22 1.2676990928e+24)
    (1.6275654480e-22 1.2686265769e+24)
    (1.7012542799e-22 1.2697516825e+24)
    (1.7782794100e-22 1.2708724069e+24)
    (1.8587918911e-22 1.2719960195e+24)
    (1.9429496147e-22 1.2731294228e+24)
    (2.0309176209e-22 1.2742791912e+24)
    (2.1228684221e-22 1.2754933388e+24)
    (2.2189823415e-22 1.2766950274e+24)
    (2.3194478661e-22 1.2779317932e+24)
    (2.4244620171e-22 1.2792909353e+24)
    (2.5342307358e-22 1.2806096347e+24)
    (2.6489692876e-22 1.2819795741e+24)
    (2.7689026842e-22 1.2834059136e+24)
    (2.8942661247e-22 1.2848937114e+24)
    (3.0253054571e-22 1.2864479521e+24)
    (3.1622776602e-22 1.2880735785e+24)
    (3.3054513476e-22 1.2897755243e+24)
    (3.4551072946e-22 1.2915587577e+24)
    (3.6115389887e-22 1.2934283238e+24)
    (3.7750532053e-22 1.2953893962e+24)
    (3.9459706091e-22 1.2974473343e+24)
    (4.1246263829e-22 1.2996077486e+24)
    (4.3113708854e-22 1.3018765725e+24)
    (4.5065703377e-22 1.3042601430e+24)
    (4.7106075420e-22 1.3067652888e+24)
    (4.9238826317e-22 1.3093994276e+24)
    (5.1468138568e-22 1.3121706722e+24)
    (5.3798384034e-22 1.3150879448e+24)
    (5.6234132519e-22 1.3181611009e+24)
    (5.8780160723e-22 1.3214010620e+24)
    (6.1441461614e-22 1.3248199544e+24)
    (6.4223254222e-22 1.3284312536e+24)
    (6.7130993868e-22 1.3322499294e+24)
    (7.0170382867e-22 1.3362925837e+24)
    (7.3347381708e-22 1.3406100671e+24)
    (7.6668220745e-22 1.3451621000e+24)
    (8.0139412415e-22 1.3500232362e+24)
    (8.3767764007e-22 1.3552087175e+24)
    (8.7560391014e-22 1.3607513748e+24)
    (9.1524731088e-22 1.3667312067e+24)
    (9.5668558622e-22 1.3731044329e+24)
    (1.0000000000e-21 1.3799604929e+24)
    (1.0452754953e-21 1.3873504549e+24)
    (1.0926008611e-21 1.3953298640e+24)
    (1.1420689063e-21 1.4039860056e+24)
    (1.1937766417e-21 1.4133258903e+24)
    (1.2478254705e-21 1.4234412145e+24)
    (1.3043213867e-21 1.4343951483e+24)
    (1.3633751836e-21 1.4462474818e+24)
    (1.4251026703e-21 1.4590513674e+24)
    (1.4896248996e-21 1.4728496180e+24)
    (1.5570684048e-21 1.4876707314e+24)
    (1.6275654480e-21 1.5035249340e+24)
    (1.7012542799e-21 1.5204005863e+24)
    (1.7782794100e-21 1.5382438011e+24)
    (1.8587918911e-21 1.5570249631e+24)
    (1.9429496147e-21 1.5766379716e+24)
    (2.0309176209e-21 1.5969673748e+24)
    (2.1228684221e-21 1.6178751662e+24)
    (2.2189823415e-21 1.6392052522e+24)
    (2.3194478661e-21 1.6607890892e+24)
    (2.4244620171e-21 1.6824520109e+24)
    (2.5342307358e-21 1.7040197287e+24)
    (2.6489692876e-21 1.7253244776e+24)
    (2.7689026842e-21 1.7462103673e+24)
    (2.8942661247e-21 1.7665376227e+24)
    (3.0253054571e-21 1.7861855514e+24)
    (3.1622776602e-21 1.8050542081e+24)
    (3.3054513476e-21 1.8230648627e+24)
    (3.4551072946e-21 1.8401594531e+24)
    (3.6115389887e-21 1.8562992517e+24)
    (3.7750532053e-21 1.8714629879e+24)
    (3.9459706091e-21 1.8856446477e+24)
    (4.1246263829e-21 1.8988511429e+24)
    (4.3113708854e-21 1.9110999987e+24)
    (4.5065703377e-21 1.9224171677e+24)
    (4.7106075420e-21 1.9328350386e+24)
    (4.9238826317e-21 1.9423839762e+24)
    (5.1468138568e-21 1.9511177872e+24)
    (5.3798384034e-21 1.9590720530e+24)
    (5.6234132519e-21 1.9662897914e+24)
    (5.8780160723e-21 1.9728140421e+24)
    (6.1441461614e-21 1.9786872021e+24)
    (6.4223254222e-21 1.9839505134e+24)
    (6.7130993868e-21 1.9886436775e+24)
    (7.0170382867e-21 1.9928045752e+24)
    (7.3347381708e-21 1.9964690737e+24)
    (7.6668220745e-21 1.9996709014e+24)
    (8.0139412415e-21 2.0024415798e+24)
    (8.3767764007e-21 2.0048103970e+24)
    (8.7560391014e-21 2.0068044170e+24)
    (9.1524731088e-21 2.0084485129e+24)
    (9.5668558622e-21 2.0097654212e+24)
    (1.0000000000e-20 2.0107758087e+24)
    (1.0452754953e-20 2.0114983504e+24)
    (1.0926008611e-20 2.0119498129e+24)
    (1.1420689063e-20 2.0121451425e+24)
    (1.1937766417e-20 2.0120937133e+24)
    (1.2478254705e-20 2.0118136249e+24)
    (1.3043213867e-20 2.0113121149e+24)
    (1.3633751836e-20 2.0105976647e+24)
    (1.4251026703e-20 2.0096773543e+24)
    (1.4896248996e-20 2.0085569395e+24)
    (1.5570684048e-20 2.0072409256e+24)
    (1.6275654480e-20 2.0057326393e+24)
    (1.7012542799e-20 2.0040342964e+24)
    (1.7782794100e-20 2.0021470679e+24)
    (1.8587918911e-20 2.0000711441e+24)
    (1.9429496147e-20 1.9978684358e+24)
    (2.0309176209e-20 1.9954125718e+24)
    (2.1228684221e-20 1.9927632072e+24)
    (2.2189823415e-20 1.9899855133e+24)
    (2.3194478661e-20 1.9870328515e+24)
    (2.4244620171e-20 1.9839425118e+24)
    (2.5342307358e-20 1.9807498354e+24)
    (2.6489692876e-20 1.9775095836e+24)
    (2.7689026842e-20 1.9742358085e+24)
    (2.8942661247e-20 1.9716780438e+24)
    (3.0253054571e-20 1.9690026956e+24)
    (3.1622776602e-20 1.9669180695e+24)
    (3.3054513476e-20 1.9656598556e+24)
    (3.4551072946e-20 1.9659153901e+24)
    (3.6115389887e-20 1.9680963019e+24)
    (3.7750532053e-20 1.9728975246e+24)
    (3.9459706091e-20 1.9814921405e+24)
    (4.1246263829e-20 1.9942877332e+24)
    (4.3113708854e-20 2.0126741858e+24)
    (4.5065703377e-20 2.0378781015e+24)
    (4.7106075420e-20 2.0711728986e+24)
    (4.9238826317e-20 2.1155907034e+24)
    (5.1468138568e-20 2.1688524911e+24)
    (5.3798384034e-20 2.2334198562e+24)
    (5.6234132519e-20 2.3098087213e+24)
    (5.8780160723e-20 2.3991738564e+24)
    (6.1441461614e-20 2.4989916322e+24)
    (6.4223254222e-20 2.6093355467e+24)
    (6.7130993868e-20 2.7288346703e+24)
    (7.0170382867e-20 2.8557667909e+24)
    (7.3347381708e-20 2.9914580713e+24)
    (7.6668220745e-20 3.1270512042e+24)
    (8.0139412415e-20 3.2641702350e+24)
    (8.3767764007e-20 3.4010627028e+24)
    (8.7560391014e-20 3.5362330244e+24)
    (9.1524731088e-20 3.6708781607e+24)
    (9.5668558622e-20 3.7990371958e+24)
    (1.0000000000e-19 3.9228105212e+24)
    (1.0452754953e-19 4.0418622831e+24)
    (1.0926008611e-19 4.1561986811e+24)
    (1.1420689063e-19 4.2655728052e+24)
    (1.1937766417e-19 4.3703507758e+24)
    (1.2478254705e-19 4.4708101925e+24)
    (1.3043213867e-19 4.5672935744e+24)
    (1.3633751836e-19 4.6611230499e+24)
    (1.4251026703e-19 4.7506676435e+24)
    (1.4896248996e-19 4.8374672194e+24)
    (1.5570684048e-19 4.9219303164e+24)
    (1.6275654480e-19 5.0044574792e+24)
    (1.7012542799e-19 5.0856246082e+24)
    (1.7782794100e-19 5.1653936068e+24)
    (1.8587918911e-19 5.2443558862e+24)
    (1.9429496147e-19 5.3228507428e+24)
    (2.0309176209e-19 5.4012006291e+24)
    (2.1228684221e-19 5.4797112800e+24)
    (2.2189823415e-19 5.5586717482e+24)
    (2.3194478661e-19 5.6383545410e+24)
    (2.4244620171e-19 5.7193561233e+24)
    (2.5342307358e-19 5.8012553421e+24)
    (2.6489692876e-19 5.8842524676e+24)
    (2.7689026842e-19 5.9693132700e+24)
    (2.8942661247e-19 6.0563063241e+24)
    (3.0253054571e-19 6.1454072237e+24)
    (3.1622776602e-19 6.2373762167e+24)
    (3.3054513476e-19 6.3311549008e+24)
    (3.4551072946e-19 6.4275766328e+24)
    (3.6115389887e-19 6.5270151365e+24)
    (3.7750532053e-19 6.6292561876e+24)
    (3.9459706091e-19 6.7345901564e+24)
    (4.1246263829e-19 6.8431527894e+24)
    (4.3113708854e-19 6.9550745163e+24)
    (4.5065703377e-19 7.0704811084e+24)
    (4.7106075420e-19 7.1890618029e+24)
    (4.9238826317e-19 7.3117876472e+24)
    (5.1468138568e-19 7.4385125169e+24)
    (5.3798384034e-19 7.5692740978e+24)
    (5.6234132519e-19 7.7036842324e+24)
    (5.8780160723e-19 7.8428128135e+24)
    (6.1441461614e-19 7.9865935268e+24)
    (6.4223254222e-19 8.2743973039e+24)
    (6.7130993868e-19 8.4374973875e+24)
    (7.0170382867e-19 8.6060324963e+24)
    (7.3347381708e-19 8.7808712299e+24)
    (7.6668220745e-19 8.9624550469e+24)
    (8.0139412415e-19 9.1503789457e+24)
    (8.3767764007e-19 9.3451782182e+24)
    (8.7560391014e-19 9.5503125609e+24)
    (9.1524731088e-19 9.7609609387e+24)
    (9.5668558622e-19 9.9804516675e+24)
    (1.0000000000e-18 1.0211576658e+25)
    (1.0452754953e-18 1.0451079990e+25)
    (1.0926008611e-18 1.0701453119e+25)
    (1.1420689063e-18 1.0967864972e+25)
    (1.1937766417e-18 1.1243013410e+25)
    (1.2478254705e-18 1.1531449527e+25)
    (1.3043213867e-18 1.1834591181e+25)
    (1.3633751836e-18 1.2158801557e+25)
    (1.4251026703e-18 1.2493555068e+25)
    (1.4896248996e-18 1.2845935951e+25)
    (1.5570684048e-18 1.3223655089e+25)
    (1.6275654480e-18 1.3614064936e+25)
    (1.7012542799e-18 1.4025453459e+25)
    (1.7782794100e-18 1.4462669232e+25)
    (1.8587918911e-18 1.4924938056e+25)
    (1.9429496147e-18 1.5406234042e+25)
    (2.0309176209e-18 1.5919362694e+25)
    (2.1228684221e-18 1.6459008666e+25)
    (2.2189823415e-18 1.7024161191e+25)
    (2.3194478661e-18 1.7630318606e+25)
    (2.4244620171e-18 1.8262678561e+25)
    (2.5342307358e-18 1.8930590660e+25)
    (2.6489692876e-18 1.9649882426e+25)
    (2.7689026842e-18 2.0189436459e+25)
    (2.8942661247e-18 2.1190996566e+25)
    (3.0253054571e-18 2.2042080000e+25)
    (3.1622776602e-18 2.2646892273e+25)
    (3.3054513476e-18 2.3899970292e+25)
    (3.4551072946e-18 2.4546127442e+25)
    (3.6115389887e-18 2.5993733896e+25)
    (3.7750532053e-18 2.7163978621e+25)
    (3.9459706091e-18 2.7881218981e+25)
    (4.1246263829e-18 2.9750440437e+25)
    (4.3113708854e-18 3.0539609411e+25)
    (4.5065703377e-18 3.2730187418e+25)
    (4.7106075420e-18 3.4392689946e+25)
    (4.9238826317e-18 3.6198050120e+25)
    (5.1468138568e-18 3.8153160678e+25)
    (5.3798384034e-18 4.0268279697e+25)
    (5.6234132519e-18 4.2579227401e+25)
    (5.8780160723e-18 4.5084768107e+25)
    (6.1441461614e-18 4.7829237812e+25)
    (6.4223254222e-18 5.0822963920e+25)
    (6.7130993868e-18 5.4183598072e+25)
    (7.0170382867e-18 5.7721721346e+25)
    (7.3347381708e-18 6.1772906425e+25)
    (7.6668220745e-18 6.3167377485e+25)
    (8.0139412415e-18 6.7375823142e+25)
    (8.3767764007e-18 7.2492549517e+25)
    (8.7560391014e-18 8.2324828555e+25)
    (9.1524731088e-18 8.4020629671e+25)
    (9.5668558622e-18 9.6403177487e+25)
    (1.0000000000e-17 9.8284989087e+25)
);
