// DLN vs reducedE [V m^2]; air_plasma [94c490be646f8872], T_gas = 300.000000 K
(
    (0 1.2208742548e+24)
    (1.0000000000e-22 1.2208742548e+24)
    (1.0452754953e-22 1.2235965378e+24)
    (1.0926008611e-22 1.2260202974e+24)
    (1.1420689063e-22 1.2281880771e+24)
    (1.1937766417e-22 1.2301359769e+24)
    (1.2478254705e-22 1.2318944617e+24)
    (1.3043213867e-22 1.2334893169e+24)
    (1.3633751836e-22 1.2349425492e+24)
    (1.4251026703e-22 1.2362731578e+24)
    (1.4896248996e-22 1.2374977617e+24)
    (1.5570684048e-22 1.2385696021e+24)
    (1.6275654480e-22 1.2396864017e+24)
    (1.7012542799e-22 1.2406757141e+24)
    (1.7782794100e-22 1.2416100952e+24)
    (1.8587918911e-22 1.2424998003e+24)
    (1.9429496147e-22 1.2433544078e+24)
    (2.0309176209e-22 1.2441829154e+24)
    (2.1228684221e-22 1.2450054036e+24)
    (2.2189823415e-22 1.2458069576e+24)
    (2.3194478661e-22 1.2466067332e+24)
    (2.4244620171e-22 1.2474109874e+24)
    (2.5342307358e-22 1.2482281428e+24)
    (2.6489692876e-22 1.2490642483e+24)
    (2.7689026842e-22 1.2499256216e+24)
    (2.8942661247e-22 1.2508182916e+24)
    (3.0253054571e-22 1.2517480123e+24)
    (3.1622776602e-22 1.2527202778e+24)
    (3.3054513476e-22 1.2537403373e+24)
    (3.4551072946e-22 1.2548132146e+24)
    (3.6115389887e-22 1.2559437285e+24)
    (3.7750532053e-22 1.2571365184e+24)
    (3.9459706091e-22 1.2583960754e+24)
    (4.1246263829e-22 1.2597267774e+24)
    (4.3113708854e-22 1.2611329315e+24)
    (4.5065703377e-22 1.2626188214e+24)
    (4.7106075420e-22 1.2641887618e+24)
    (4.9238826317e-22 1.2658471587e+24)
    (5.1468138568e-22 1.2675985755e+24)
    (5.3798384034e-22 1.2694478055e+24)
    (5.6234132519e-22 1.2713999494e+24)
    (5.8780160723e-22 1.2734604982e+24)
    (6.1441461614e-22 1.2756354205e+24)
    (6.4223254222e-22 1.2779312549e+24)
    (6.7130993868e-22 1.2803552047e+24)
    (7.0170382867e-22 1.2829152362e+24)
    (7.3347381708e-22 1.2855964592e+24)
    (7.6668220745e-22 1.2884354866e+24)
    (8.0139412415e-22 1.2914667206e+24)
    (8.3767764007e-22 1.2946785862e+24)
    (8.7560391014e-22 1.2980858048e+24)
    (9.1524731088e-22 1.3017732752e+24)
    (9.5668558622e-22 1.3056212193e+24)
    (1.0000000000e-21 1.3097211371e+24)
    (1.0452754953e-21 1.3140966978e+24)
    (1.0926008611e-21 1.3187743042e+24)
    (1.1420689063e-21 1.3237739223e+24)
    (1.1937766417e-21 1.3291468474e+24)
    (1.2478254705e-21 1.3349183514e+24)
    (1.3043213867e-21 1.3411261217e+24)
    (1.3633751836e-21 1.3478100815e+24)
    (1.4251026703e-21 1.3550117680e+24)
    (1.4896248996e-21 1.3627734623e+24)
    (1.5570684048e-21 1.3711370493e+24)
    (1.6275654480e-21 1.3801426102e+24)
    (1.7012542799e-21 1.3898267673e+24)
    (1.7782794100e-21 1.4002061543e+24)
    (1.8587918911e-21 1.4113331662e+24)
    (1.9429496147e-21 1.4232085854e+24)
    (2.0309176209e-21 1.4358357979e+24)
    (2.1228684221e-21 1.4492053098e+24)
    (2.2189823415e-21 1.4632934969e+24)
    (2.3194478661e-21 1.4780618881e+24)
    (2.4244620171e-21 1.4934570790e+24)
    (2.5342307358e-21 1.5094113399e+24)
    (2.6489692876e-21 1.5258439173e+24)
    (2.7689026842e-21 1.5426629758e+24)
    (2.8942661247e-21 1.5597680676e+24)
    (3.0253054571e-21 1.5770529807e+24)
    (3.1622776602e-21 1.5944087778e+24)
    (3.3054513476e-21 1.6117268440e+24)
    (3.4551072946e-21 1.6289017624e+24)
    (3.6115389887e-21 1.6458338706e+24)
    (3.7750532053e-21 1.6624313886e+24)
    (3.9459706091e-21 1.6786120500e+24)
    (4.1246263829e-21 1.6943042161e+24)
    (4.3113708854e-21 1.7094474876e+24)
    (4.5065703377e-21 1.7239928587e+24)
    (4.7106075420e-21 1.7379024799e+24)
    (4.9238826317e-21 1.7511185356e+24)
    (5.1468138568e-21 1.7636830394e+24)
    (5.3798384034e-21 1.7755580148e+24)
    (5.6234132519e-21 1.7867425140e+24)
    (5.8780160723e-21 1.7972422957e+24)
    (6.1441461614e-21 1.8070687551e+24)
    (6.4223254222e-21 1.8162378993e+24)
    (6.7130993868e-21 1.8247693919e+24)
    (7.0170382867e-21 1.8326856840e+24)
    (7.3347381708e-21 1.8400112392e+24)
    (7.6668220745e-21 1.8467718564e+24)
    (8.0139412415e-21 1.8529940888e+24)
    (8.3767764007e-21 1.8587047543e+24)
    (8.7560391014e-21 1.8639305319e+24)
    (9.1524731088e-21 1.8686976361e+24)
    (9.5668558622e-21 1.8730315607e+24)
    (1.0000000000e-20 1.8769568837e+24)
    (1.0452754953e-20 1.8804971248e+24)
    (1.0926008611e-20 1.8836746479e+24)
    (1.1420689063e-20 1.8865106006e+24)
    (1.1937766417e-20 1.8890153423e+24)
    (1.2478254705e-20 1.8912226546e+24)
    (1.3043213867e-20 1.8931435090e+24)
    (1.3633751836e-20 1.8947938042e+24)
    (1.4251026703e-20 1.8961882029e+24)
    (1.4896248996e-20 1.8973401705e+24)
    (1.5570684048e-20 1.8982620171e+24)
    (1.6275654480e-20 1.8989649449e+24)
    (1.7012542799e-20 1.8994590960e+24)
    (1.7782794100e-20 1.8997536027e+24)
    (1.8587918911e-20 1.8998566371e+24)
    (1.9429496147e-20 1.8997953367e+24)
    (2.0309176209e-20 1.8995371877e+24)
    (2.1228684221e-20 1.8991067574e+24)
    (2.2189823415e-20 1.8984637380e+24)
    (2.3194478661e-20 1.8977227808e+24)
    (2.4244620171e-20 1.8968374271e+24)
    (2.5342307358e-20 1.8958196398e+24)
    (2.6489692876e-20 1.8946853602e+24)
    (2.7689026842e-20 1.8930757915e+24)
    (2.8942661247e-20 1.8921381250e+24)
    (3.0253054571e-20 1.8907860231e+24)
    (3.1622776602e-20 1.8894482400e+24)
    (3.3054513476e-20 1.8879574183e+24)
    (3.4551072946e-20 1.8868886474e+24)
    (3.6115389887e-20 1.8861014576e+24)
    (3.7750532053e-20 1.8857372240e+24)
    (3.9459706091e-20 1.8860220285e+24)
    (4.1246263829e-20 1.8870799881e+24)
    (4.3113708854e-20 1.8892062662e+24)
    (4.5065703377e-20 1.8926982803e+24)
    (4.7106075420e-20 1.8978966986e+24)
    (4.9238826317e-20 1.9056072202e+24)
    (5.1468138568e-20 1.9154512908e+24)
    (5.3798384034e-20 1.9282505015e+24)
    (5.6234132519e-20 1.9444667482e+24)
    (5.8780160723e-20 1.9643352748e+24)
    (6.1441461614e-20 1.9888002525e+24)
    (6.4223254222e-20 2.0179996744e+24)
    (6.7130993868e-20 2.0522851385e+24)
    (7.0170382867e-20 2.0919300590e+24)
    (7.3347381708e-20 2.1385777146e+24)
    (7.6668220745e-20 2.1893302403e+24)
    (8.0139412415e-20 2.2456165198e+24)
    (8.3767764007e-20 2.3072647978e+24)
    (8.7560391014e-20 2.3739883787e+24)
    (9.1524731088e-20 2.4467347650e+24)
    (9.5668558622e-20 2.5223060238e+24)
    (1.0000000000e-19 2.6015385098e+24)
    (1.0452754953e-19 2.6838556193e+24)
    (1.0926008611e-19 2.7678223916e+24)
    (1.1420689063e-19 2.8545468372e+24)
    (1.1937766417e-19 2.9426238609e+24)
    (1.2478254705e-19 3.0315378176e+24)
    (1.3043213867e-19 3.1208273870e+24)
    (1.3633751836e-19 3.2111146527e+24)
    (1.4251026703e-19 3.2998749333e+24)
    (1.4896248996e-19 3.3880228493e+24)
    (1.5570684048e-19 3.4753551942e+24)
    (1.6275654480e-19 3.5617279841e+24)
    (1.7012542799e-19 3.6467894860e+24)
    (1.7782794100e-19 3.7309768366e+24)
    (1.8587918911e-19 3.8140801426e+24)
    (1.9429496147e-19 3.8961337914e+24)
    (2.0309176209e-19 3.9772017253e+24)
    (2.1228684221e-19 4.0573719951e+24)
    (2.2189823415e-19 4.1367518036e+24)
    (2.3194478661e-19 4.2154631194e+24)
    (2.4244620171e-19 4.2940311751e+24)
    (2.5342307358e-19 4.3717812078e+24)
    (2.6489692876e-19 4.4481552892e+24)
    (2.7689026842e-19 4.5255845094e+24)
    (2.8942661247e-19 4.6030743830e+24)
    (3.0253054571e-19 4.6807720947e+24)
    (3.1622776602e-19 4.7593319143e+24)
    (3.3054513476e-19 4.8378587607e+24)
    (3.4551072946e-19 4.9170341859e+24)
    (3.6115389887e-19 4.9959790257e+24)
    (3.7750532053e-19 5.0768298033e+24)
    (3.9459706091e-19 5.1587532465e+24)
    (4.1246263829e-19 5.2418803067e+24)
    (4.3113708854e-19 5.3263393582e+24)
    (4.5065703377e-19 5.4122564811e+24)
    (4.7106075420e-19 5.4999285405e+24)
    (4.9238826317e-19 5.5891240924e+24)
    (5.1468138568e-19 5.6801656048e+24)
    (5.3798384034e-19 5.7731636073e+24)
    (5.6234132519e-19 5.8669468266e+24)
    (5.8780160723e-19 5.9642426428e+24)
    (6.1441461614e-19 6.0638928641e+24)
    (6.4223254222e-19 6.2552993991e+24)
    (6.7130993868e-19 6.3621264026e+24)
    (7.0170382867e-19 6.4728429091e+24)
    (7.3347381708e-19 6.5863736744e+24)
    (7.6668220745e-19 6.7028892389e+24)
    (8.0139412415e-19 6.8213085364e+24)
    (8.3767764007e-19 6.9440492105e+24)
    (8.7560391014e-19 7.0739602274e+24)
    (9.1524731088e-19 7.2036086195e+24)
    (9.5668558622e-19 7.3371582288e+24)
    (1.0000000000e-18 7.4696634968e+24)
    (1.0452754953e-18 7.6121565369e+24)
    (1.0926008611e-18 7.7593750465e+24)
    (1.1420689063e-18 7.9121105371e+24)
    (1.1937766417e-18 8.0698730674e+24)
    (1.2478254705e-18 8.2334327716e+24)
    (1.3043213867e-18 8.4032832362e+24)
    (1.3633751836e-18 8.5813544004e+24)
    (1.4251026703e-18 8.7649834509e+24)
    (1.4896248996e-18 8.9563192005e+24)
    (1.5570684048e-18 9.1543073889e+24)
    (1.6275654480e-18 9.3627911688e+24)
    (1.7012542799e-18 9.5806737339e+24)
    (1.7782794100e-18 9.8091457952e+24)
    (1.8587918911e-18 1.0046237279e+25)
    (1.9429496147e-18 1.0296328610e+25)
    (2.0309176209e-18 1.0559398362e+25)
    (2.1228684221e-18 1.0831146441e+25)
    (2.2189823415e-18 1.1120290641e+25)
    (2.3194478661e-18 1.1425520357e+25)
    (2.4244620171e-18 1.1742024557e+25)
    (2.5342307358e-18 1.2078608440e+25)
    (2.6489692876e-18 1.2433641269e+25)
    (2.7689026842e-18 1.2738515328e+25)
    (2.8942661247e-18 1.3201246929e+25)
    (3.0253054571e-18 1.3618839508e+25)
    (3.1622776602e-18 1.3960961435e+25)
    (3.3054513476e-18 1.4524476905e+25)
    (3.4551072946e-18 1.4911549380e+25)
    (3.6115389887e-18 1.5534042378e+25)
    (3.7750532053e-18 1.6085621892e+25)
    (3.9459706091e-18 1.6526706002e+25)
    (4.1246263829e-18 1.7292878876e+25)
    (4.3113708854e-18 1.7808608337e+25)
    (4.5065703377e-18 1.8672500567e+25)
    (4.7106075420e-18 1.9417652712e+25)
    (4.9238826317e-18 2.0233281860e+25)
    (5.1468138568e-18 2.1092901359e+25)
    (5.3798384034e-18 2.2031791911e+25)
    (5.6234132519e-18 2.3028594559e+25)
    (5.8780160723e-18 2.4117758060e+25)
    (6.1441461614e-18 2.5274499627e+25)
    (6.4223254222e-18 2.6548129454e+25)
    (6.7130993868e-18 2.7938021374e+25)
    (7.0170382867e-18 2.9412610462e+25)
    (7.3347381708e-18 3.1056365637e+25)
    (7.6668220745e-18 3.2269988587e+25)
    (8.0139412415e-18 3.4090945603e+25)
    (8.3767764007e-18 3.6198636631e+25)
    (8.7560391014e-18 3.9227696263e+25)
    (9.1524731088e-18 4.0929475877e+25)
    (9.5668558622e-18 4.4643241598e+25)
    (1.0000000000e-17 4.6700320870e+25)
);
