// DLN vs mean energy [eV]; air_plasma [94c490be646f8872], T_gas = 300.000000 K
(
    (0 1.2208742548e+24)
    (1.3716749438e-01 1.2208742548e+24)
    (1.4076979314e-01 1.2235965378e+24)
    (1.4397604008e-01 1.2260202974e+24)
    (1.4684113805e-01 1.2281880771e+24)
    (1.4941204783e-01 1.2301359769e+24)
    (1.5172864004e-01 1.2318944617e+24)
    (1.5382482203e-01 1.2334893169e+24)
    (1.5572964088e-01 1.2349425492e+24)
    (1.5746824649e-01 1.2362731578e+24)
    (1.5906268561e-01 1.2374977617e+24)
    (1.6040186980e-01 1.2385696021e+24)
    (1.6189539494e-01 1.2396864017e+24)
    (1.6316727128e-01 1.2406757141e+24)
    (1.6436286366e-01 1.2416100952e+24)
    (1.6549578572e-01 1.2424998003e+24)
    (1.6657873020e-01 1.2433544078e+24)
    (1.6762359287e-01 1.2441829154e+24)
    (1.6865359887e-01 1.2450054036e+24)
    (1.6965539117e-01 1.2458069576e+24)
    (1.7065096866e-01 1.2466067332e+24)
    (1.7163702901e-01 1.2474109874e+24)
    (1.7264762429e-01 1.2482281428e+24)
    (1.7367878080e-01 1.2490642483e+24)
    (1.7473849913e-01 1.2499256216e+24)
    (1.7583432821e-01 1.2508182916e+24)
    (1.7697337833e-01 1.2517480123e+24)
    (1.7816233417e-01 1.2527202778e+24)
    (1.7940746844e-01 1.2537403373e+24)
    (1.8071465956e-01 1.2548132146e+24)
    (1.8208941158e-01 1.2559437285e+24)
    (1.8353687952e-01 1.2571365184e+24)
    (1.8506190021e-01 1.2583960754e+24)
    (1.8666902928e-01 1.2597267774e+24)
    (1.8836258474e-01 1.2611329315e+24)
    (1.9014669747e-01 1.2626188214e+24)
    (1.9202536831e-01 1.2641887618e+24)
    (1.9400253175e-01 1.2658471587e+24)
    (1.9608212573e-01 1.2675985755e+24)
    (1.9826816696e-01 1.2694478055e+24)
    (2.0056483136e-01 1.2713999494e+24)
    (2.0297653896e-01 1.2734604982e+24)
    (2.0550804255e-01 1.2756354205e+24)
    (2.0816451961e-01 1.2779312549e+24)
    (2.1095166654e-01 1.2803552047e+24)
    (2.1387579417e-01 1.2829152362e+24)
    (2.1694256551e-01 1.2855964592e+24)
    (2.2014788174e-01 1.2884354866e+24)
    (2.2353446165e-01 1.2914667206e+24)
    (2.2709477487e-01 1.2946785862e+24)
    (2.3084127841e-01 1.2980858048e+24)
    (2.3479833990e-01 1.3017732752e+24)
    (2.3896131204e-01 1.3056212193e+24)
    (2.4336011410e-01 1.3097211371e+24)
    (2.4801612280e-01 1.3140966978e+24)
    (2.5295360836e-01 1.3187743042e+24)
    (2.5819915170e-01 1.3237739223e+24)
    (2.6378576428e-01 1.3291468474e+24)
    (2.6974626976e-01 1.3349183514e+24)
    (2.7611829297e-01 1.3411261217e+24)
    (2.8294269841e-01 1.3478100815e+24)
    (2.9026321198e-01 1.3550117680e+24)
    (2.9812580887e-01 1.3627734623e+24)
    (3.0657783145e-01 1.3711370493e+24)
    (3.1566682518e-01 1.3801426102e+24)
    (3.2543909275e-01 1.3898267673e+24)
    (3.3590887576e-01 1.4002061543e+24)
    (3.4717223366e-01 1.4113331662e+24)
    (3.5923184525e-01 1.4232085854e+24)
    (3.7211014051e-01 1.4358357979e+24)
    (3.8581860584e-01 1.4492053098e+24)
    (4.0035610545e-01 1.4632934969e+24)
    (4.1570760906e-01 1.4780618881e+24)
    (4.3184344429e-01 1.4934570790e+24)
    (4.4871916534e-01 1.5094113399e+24)
    (4.6627608546e-01 1.5258439173e+24)
    (4.8444246122e-01 1.5426629758e+24)
    (5.0313526437e-01 1.5597680676e+24)
    (5.2226243543e-01 1.5770529807e+24)
    (5.4172546688e-01 1.5944087778e+24)
    (5.6142215538e-01 1.6117268440e+24)
    (5.8124935489e-01 1.6289017624e+24)
    (6.0110557847e-01 1.6458338706e+24)
    (6.2089332763e-01 1.6624313886e+24)
    (6.4052105642e-01 1.6786120500e+24)
    (6.5990472218e-01 1.6943042161e+24)
    (6.7896890624e-01 1.7094474876e+24)
    (6.9764751934e-01 1.7239928587e+24)
    (7.1588412933e-01 1.7379024799e+24)
    (7.3358637930e-01 1.7511185356e+24)
    (7.5079958278e-01 1.7636830394e+24)
    (7.6745534914e-01 1.7755580148e+24)
    (7.8353257443e-01 1.7867425140e+24)
    (7.9901752925e-01 1.7972422957e+24)
    (8.1390306874e-01 1.8070687551e+24)
    (8.2818782881e-01 1.8162378993e+24)
    (8.4187543928e-01 1.8247693919e+24)
    (8.5497377065e-01 1.8326856840e+24)
    (8.6749423532e-01 1.8400112392e+24)
    (8.7945114959e-01 1.8467718564e+24)
    (8.9086116369e-01 1.8529940888e+24)
    (9.0174276209e-01 1.8587047543e+24)
    (9.1211583392e-01 1.8639305319e+24)
    (9.2200131124e-01 1.8686976361e+24)
    (9.3142087166e-01 1.8730315607e+24)
    (9.4039670018e-01 1.8769568837e+24)
    (9.4895130466e-01 1.8804971248e+24)
    (9.5710737851e-01 1.8836746479e+24)
    (9.6488770504e-01 1.8865106006e+24)
    (9.7229590480e-01 1.8890153423e+24)
    (9.7938516806e-01 1.8912226546e+24)
    (9.8616493157e-01 1.8931435090e+24)
    (9.9265725541e-01 1.8947938042e+24)
    (9.9888405066e-01 1.8961882029e+24)
    (1.0048670871e+00 1.8973401705e+24)
    (1.0106280072e+00 1.8982620171e+24)
    (1.0161883436e+00 1.8989649449e+24)
    (1.0215695406e+00 1.8994590960e+24)
    (1.0267929771e+00 1.8997536027e+24)
    (1.0318799906e+00 1.8998566371e+24)
    (1.0368231653e+00 1.8997953367e+24)
    (1.0417033545e+00 1.8995371877e+24)
    (1.0465120906e+00 1.8991067574e+24)
    (1.0510868807e+00 1.8984637380e+24)
    (1.0558591909e+00 1.8977227808e+24)
    (1.0606532018e+00 1.8968374271e+24)
    (1.0655074201e+00 1.8958196398e+24)
    (1.0704684874e+00 1.8946853602e+24)
    (1.0751997678e+00 1.8930757915e+24)
    (1.0804337622e+00 1.8921381250e+24)
    (1.0860944541e+00 1.8907860231e+24)
    (1.0921800386e+00 1.8894482400e+24)
    (1.0986620881e+00 1.8879574183e+24)
    (1.1060807530e+00 1.8868886474e+24)
    (1.1144567565e+00 1.8861014576e+24)
    (1.1240549778e+00 1.8857372240e+24)
    (1.1350476813e+00 1.8860220285e+24)
    (1.1481500998e+00 1.8870799881e+24)
    (1.1636258816e+00 1.8892062662e+24)
    (1.1819885903e+00 1.8926982803e+24)
    (1.2038177970e+00 1.8978966986e+24)
    (1.2301634392e+00 1.9056072202e+24)
    (1.2609969547e+00 1.9154512908e+24)
    (1.2973623011e+00 1.9282505015e+24)
    (1.3400043219e+00 1.9444667482e+24)
    (1.3902463434e+00 1.9643352748e+24)
    (1.4476740790e+00 1.9888002525e+24)
    (1.5134371389e+00 2.0179996744e+24)
    (1.5880617832e+00 2.0522851385e+24)
    (1.6719409936e+00 2.0919300590e+24)
    (1.7660607111e+00 2.1385777146e+24)
    (1.8689224012e+00 2.1893302403e+24)
    (1.9811674971e+00 2.2456165198e+24)
    (2.1024762205e+00 2.3072647978e+24)
    (2.2323544682e+00 2.3739883787e+24)
    (2.3723894733e+00 2.4467347650e+24)
    (2.5173051548e+00 2.5223060238e+24)
    (2.6685098830e+00 2.6015385098e+24)
    (2.8251127850e+00 2.6838556193e+24)
    (2.9864403851e+00 2.7678223916e+24)
    (3.1511716909e+00 2.8545468372e+24)
    (3.3187345269e+00 2.9426238609e+24)
    (3.4884072290e+00 3.0315378176e+24)
    (3.6595680233e+00 3.1208273870e+24)
    (3.8329812664e+00 3.2111146527e+24)
    (4.0054036496e+00 3.2998749333e+24)
    (4.1781426577e+00 3.3880228493e+24)
    (4.3510158693e+00 3.4753551942e+24)
    (4.5239369987e+00 3.5617279841e+24)
    (4.6971621124e+00 3.6467894860e+24)
    (4.8701409956e+00 3.7309768366e+24)
    (5.0433978981e+00 3.8140801426e+24)
    (5.2171246269e+00 3.8961337914e+24)
    (5.3915564385e+00 3.9772017253e+24)
    (5.5669629672e+00 4.0573719951e+24)
    (5.7436400437e+00 4.1367518036e+24)
    (5.9219025873e+00 4.2154631194e+24)
    (6.1010979378e+00 4.2940311751e+24)
    (6.2835570480e+00 4.3717812078e+24)
    (6.4679920424e+00 4.4481552892e+24)
    (6.6560078498e+00 4.5255845094e+24)
    (6.8473428105e+00 4.6030743830e+24)
    (7.0423340173e+00 4.6807720947e+24)
    (7.2409465160e+00 4.7593319143e+24)
    (7.4442081971e+00 4.8378587607e+24)
    (7.6521663603e+00 4.9170341859e+24)
    (7.8676105911e+00 4.9959790257e+24)
    (8.0858487204e+00 5.0768298033e+24)
    (8.3098278045e+00 5.1587532465e+24)
    (8.5398932951e+00 5.2418803067e+24)
    (8.7763949131e+00 5.3263393582e+24)
    (9.0196879697e+00 5.4122564811e+24)
    (9.2670974767e+00 5.4999285405e+24)
    (9.5251096886e+00 5.5891240924e+24)
    (9.7910839770e+00 5.6801656048e+24)
    (1.0065371630e+01 5.7731636073e+24)
    (1.0346344593e+01 5.8669468266e+24)
    (1.0638438926e+01 5.9642426428e+24)
    (1.0940187398e+01 6.0638928641e+24)
    (1.1925355136e+01 6.2552993991e+24)
    (1.2308824412e+01 6.3621264026e+24)
    (1.2709276652e+01 6.4728429091e+24)
    (1.3126439691e+01 6.5863736744e+24)
    (1.3561263285e+01 6.7028892389e+24)
    (1.4012493747e+01 6.8213085364e+24)
    (1.4484291915e+01 6.9440492105e+24)
    (1.4973992379e+01 7.0739602274e+24)
    (1.5487666223e+01 7.2036086195e+24)
    (1.6023909695e+01 7.3371582288e+24)
    (1.6583468512e+01 7.4696634968e+24)
    (1.7168941463e+01 7.6121565369e+24)
    (1.7781023452e+01 7.7593750465e+24)
    (1.8422151615e+01 7.9121105371e+24)
    (1.9092649339e+01 8.0698730674e+24)
    (1.9794733945e+01 8.2334327716e+24)
    (2.0530664058e+01 8.4032832362e+24)
    (2.1299508263e+01 8.5813544004e+24)
    (2.2109288431e+01 8.7649834509e+24)
    (2.2959485968e+01 8.9563192005e+24)
    (2.3850104879e+01 9.1543073889e+24)
    (2.4788921536e+01 9.3627911688e+24)
    (2.5776295005e+01 9.5806737339e+24)
    (2.6817698048e+01 9.8091457952e+24)
    (2.7909067436e+01 1.0046237279e+25)
    (2.9061538888e+01 1.0296328610e+25)
    (3.0279874265e+01 1.0559398362e+25)
    (3.1556757395e+01 1.0831146441e+25)
    (3.2908931845e+01 1.1120290641e+25)
    (3.4342348823e+01 1.1425520357e+25)
    (3.5842127009e+01 1.1742024557e+25)
    (3.7437719791e+01 1.2078608440e+25)
    (3.9117090489e+01 1.2433641269e+25)
    (4.0644106575e+01 1.2738515328e+25)
    (4.2796040127e+01 1.3201246929e+25)
    (4.4789131155e+01 1.3618839508e+25)
    (4.6589221150e+01 1.3960961435e+25)
    (4.9179324484e+01 1.4524476905e+25)
    (5.1201199815e+01 1.4911549380e+25)
    (5.4099126670e+01 1.5534042378e+25)
    (5.6778858337e+01 1.6085621892e+25)
    (5.9117854096e+01 1.6526706002e+25)
    (6.2718461942e+01 1.7292878876e+25)
    (6.5410085846e+01 1.7808608337e+25)
    (6.9496742822e+01 1.8672500567e+25)
    (7.3180976752e+01 1.9417652712e+25)
    (7.7182577491e+01 2.0233281860e+25)
    (8.1420085225e+01 2.1092901359e+25)
    (8.6011788405e+01 2.2031791911e+25)
    (9.0867763137e+01 2.3028594559e+25)
    (9.6165388139e+01 2.4117758060e+25)
    (1.0177823578e+02 2.5274499627e+25)
    (1.0792309375e+02 2.6548129454e+25)
    (1.1458604701e+02 2.7938021374e+25)
    (1.2160542734e+02 2.9412610462e+25)
    (1.2939531717e+02 3.1056365637e+25)
    (1.3542361118e+02 3.2269988587e+25)
    (1.4388362195e+02 3.4090945603e+25)
    (1.5371740495e+02 3.6198636631e+25)
    (1.6736124994e+02 3.9227696263e+25)
    (1.7556818514e+02 4.0929475877e+25)
    (1.9180551086e+02 4.4643241598e+25)
    (2.0148427830e+02 4.6700320870e+25)
);
