// eta_EI_O2_ATT [m^2] vs mean energy [eV]; air_plasma [94c490be646f8872], T_gas = 300.000000 K
(
    (0 1.2538173327e-21)
    (1.3716736877e-01 1.2538173327e-21)
    (1.4076967004e-01 1.2470247846e-21)
    (1.4397591983e-01 1.2392709137e-21)
    (1.4684102077e-01 1.2307718315e-21)
    (1.4941193350e-01 1.2216804119e-21)
    (1.5172852860e-01 1.2121016076e-21)
    (1.5382471337e-01 1.2021040069e-21)
    (1.5572953486e-01 1.1917285467e-21)
    (1.5746814299e-01 1.1809951519e-21)
    (1.5906258451e-01 1.1699078912e-21)
    (1.6040177321e-01 1.1568920939e-21)
    (1.6189529828e-01 1.1466325765e-21)
    (1.6316717670e-01 1.1344066355e-21)
    (1.6436277106e-01 1.1217561778e-21)
    (1.6549569504e-01 1.1086548479e-21)
    (1.6657864137e-01 1.0950767459e-21)
    (1.6762350584e-01 1.0809979274e-21)
    (1.6865351356e-01 1.0662782730e-21)
    (1.6965530759e-01 1.0511305328e-21)
    (1.7065088677e-01 1.0354308414e-21)
    (1.7163694874e-01 1.0190443350e-21)
    (1.7264754568e-01 1.0022208967e-21)
    (1.7367870384e-01 9.8484433252e-22)
    (1.7473842382e-01 9.6692712638e-22)
    (1.7583425455e-01 9.4848811759e-22)
    (1.7697330632e-01 9.2955226488e-22)
    (1.7816226381e-01 9.1015027132e-22)
    (1.7940739973e-01 8.9031808493e-22)
    (1.8071459251e-01 8.7009630533e-22)
    (1.8208934620e-01 8.4952950534e-22)
    (1.8353681581e-01 8.2866550097e-22)
    (1.8506183817e-01 8.0755458890e-22)
    (1.8666896889e-01 7.8624877517e-22)
    (1.8836252602e-01 7.6480101649e-22)
    (1.9014664040e-01 7.4326449379e-22)
    (1.9202531289e-01 7.2169193508e-22)
    (1.9400247796e-01 7.0013500158e-22)
    (1.9608207355e-01 6.7864374836e-22)
    (1.9826811637e-01 6.5726616685e-22)
    (2.0056478234e-01 6.3604781435e-22)
    (2.0297649148e-01 6.1503153201e-22)
    (2.0550799658e-01 5.9425725078e-22)
    (2.0816447512e-01 5.7376188234e-22)
    (2.1095162348e-01 5.5357929025e-22)
    (2.1387575250e-01 5.3374033472e-22)
    (2.1694252519e-01 5.1419361472e-22)
    (2.2014784268e-01 4.9507868004e-22)
    (2.2353442384e-01 4.7638739052e-22)
    (2.2709473824e-01 4.5812063443e-22)
    (2.3084124291e-01 4.4029257082e-22)
    (2.3479830546e-01 4.2286999828e-22)
    (2.3896127860e-01 4.0594669579e-22)
    (2.4336008158e-01 3.8948578495e-22)
    (2.4801609114e-01 3.7349122154e-22)
    (2.5295357748e-01 3.5796505415e-22)
    (2.5819912151e-01 3.4289421455e-22)
    (2.6378573470e-01 3.2829978131e-22)
    (2.6974624072e-01 3.1416782597e-22)
    (2.7611826438e-01 3.0049389786e-22)
    (2.8294267020e-01 2.8727245787e-22)
    (2.9026318406e-01 2.7449705985e-22)
    (2.9812578117e-01 2.6216053272e-22)
    (3.0657780390e-01 2.5025516152e-22)
    (3.1566679772e-01 2.3877286881e-22)
    (3.2543906532e-01 2.2770539529e-22)
    (3.3590884834e-01 2.1703566357e-22)
    (3.4717220621e-01 2.0676606655e-22)
    (3.5923181777e-01 1.9688362115e-22)
    (3.7211011301e-01 1.8737964445e-22)
    (3.8581857835e-01 1.7824566110e-22)
    (4.0035607801e-01 1.6947344716e-22)
    (4.1570758173e-01 1.6105505113e-22)
    (4.3184341715e-01 1.5298279088e-22)
    (4.4871913847e-01 1.4524922486e-22)
    (4.6627605897e-01 1.3784710751e-22)
    (4.8444243519e-01 1.3076932649e-22)
    (5.0313523891e-01 1.2400882712e-22)
    (5.2226241062e-01 1.1755853172e-22)
    (5.4172544282e-01 1.1141125767e-22)
    (5.6142213216e-01 1.0555964146e-22)
    (5.8124933256e-01 9.9996073319e-23)
    (6.0110555710e-01 9.4712646658e-23)
    (6.2089330726e-01 8.9701126508e-23)
    (6.4052103707e-01 8.4952937005e-23)
    (6.5990470387e-01 8.0459169465e-23)
    (6.7896888897e-01 7.6210609379e-23)
    (6.9764750311e-01 7.2197780118e-23)
    (7.1588411412e-01 6.8411000284e-23)
    (7.3358636508e-01 6.4829453697e-23)
    (7.5079956951e-01 6.1460683633e-23)
    (7.6745533679e-01 5.8286909965e-23)
    (7.8353256295e-01 5.5298008508e-23)
    (7.9901751861e-01 5.2483968965e-23)
    (8.1390305888e-01 4.9834960837e-23)
    (8.2818781969e-01 4.7341393068e-23)
    (8.4187543085e-01 4.4993966009e-23)
    (8.5497376287e-01 4.2783714775e-23)
    (8.6749422815e-01 4.0702043635e-23)
    (8.7945114297e-01 3.8740752090e-23)
    (8.9086115759e-01 3.6892052869e-23)
    (9.0174275648e-01 3.5148582558e-23)
    (9.1211582875e-01 3.3503405712e-23)
    (9.2200130648e-01 3.1950013329e-23)
    (9.3142086729e-01 3.0482316624e-23)
    (9.4039669615e-01 2.9094636968e-23)
    (9.4895130096e-01 2.7781692828e-23)
    (9.5710737510e-01 2.6538584464e-23)
    (9.6488770191e-01 2.5360776869e-23)
    (9.7229590192e-01 2.4241355810e-23)
    (9.7938516542e-01 2.3180852846e-23)
    (9.8616492913e-01 2.2173667080e-23)
    (9.9265725317e-01 2.1216443762e-23)
    (9.9888404860e-01 2.0306084335e-23)
    (1.0048670852e+00 1.9439727769e-23)
    (1.0106280054e+00 1.8614732808e-23)
    (1.0161883420e+00 1.7828661230e-23)
    (1.0215695391e+00 1.7079262214e-23)
    (1.0267929757e+00 1.6364457782e-23)
    (1.0318799893e+00 1.5682329500e-23)
    (1.0368231641e+00 1.5029280133e-23)
    (1.0417033534e+00 1.4406856348e-23)
    (1.0465120896e+00 1.3812016057e-23)
    (1.0510868798e+00 1.3243667085e-23)
    (1.0558591901e+00 1.2699487668e-23)
    (1.0606532011e+00 1.2178759834e-23)
    (1.0655074194e+00 1.1680289111e-23)
    (1.0704684867e+00 1.1202954404e-23)
    (1.0751997672e+00 1.0746256990e-23)
    (1.0804337616e+00 1.0302256590e-23)
    (1.0860944535e+00 9.8808459573e-24)
    (1.0921800381e+00 9.4761154002e-24)
    (1.0986620877e+00 9.0880765869e-24)
    (1.1060807526e+00 8.7133600510e-24)
    (1.1144567561e+00 8.3522671938e-24)
    (1.1240549775e+00 8.0037887523e-24)
    (1.1350476809e+00 7.6667756992e-24)
    (1.1481500995e+00 7.3404154007e-24)
    (1.1636258812e+00 7.0236574094e-24)
    (1.1819885899e+00 6.7155455971e-24)
    (1.2038177966e+00 6.4151680132e-24)
    (1.2301634388e+00 6.1212510845e-24)
    (1.2609969543e+00 5.8336368139e-24)
    (1.2973623006e+00 5.5514698237e-24)
    (1.3400043215e+00 5.2742194325e-24)
    (1.3902463429e+00 5.0018290385e-24)
    (1.4476740785e+00 4.7332227624e-24)
    (1.5134371384e+00 4.4689395837e-24)
    (1.5880617826e+00 4.2091462839e-24)
    (1.6719409929e+00 3.9541942886e-24)
    (1.7660607105e+00 3.6988538767e-24)
    (1.8689224005e+00 3.4558084295e-24)
    (1.9811674964e+00 3.2195302519e-24)
    (2.1024762198e+00 2.9908303557e-24)
    (2.2323544675e+00 2.7705313476e-24)
    (2.3723894726e+00 2.5570721348e-24)
    (2.5173051541e+00 2.3560060989e-24)
    (2.6685098823e+00 2.1654081009e-24)
    (2.8251127843e+00 1.9857163044e-24)
    (2.9864403845e+00 1.8176572098e-24)
    (3.1511716903e+00 1.6603243142e-24)
    (3.3187345263e+00 1.5142526174e-24)
    (3.4884072284e+00 1.3792471546e-24)
    (3.6595680228e+00 1.2549852201e-24)
    (3.8329812660e+00 1.1389800154e-24)
    (4.0054036492e+00 1.0351630440e-24)
    (4.1781426573e+00 9.4053356340e-25)
    (4.3510158689e+00 8.5449121405e-25)
    (4.5239369983e+00 7.7641863035e-25)
    (4.6971621121e+00 7.0546439050e-25)
    (4.8701409953e+00 6.4151049393e-25)
    (5.0433978978e+00 5.8370814636e-25)
    (5.2171246267e+00 5.3150046942e-25)
    (5.3915564382e+00 4.8436400204e-25)
    (5.5669629670e+00 4.4181153754e-25)
    (5.7436400435e+00 4.0339336555e-25)
    (5.9219025871e+00 3.6869731421e-25)
    (6.1010979376e+00 3.3730746703e-25)
    (6.2835570479e+00 3.0895252206e-25)
    (6.4679920423e+00 2.8313350108e-25)
    (6.6560078497e+00 2.5989764844e-25)
    (6.8473428104e+00 2.3882571546e-25)
    (7.0423340172e+00 2.1969418690e-25)
    (7.2409465159e+00 2.0207980012e-25)
    (7.4442081970e+00 1.8627161457e-25)
    (7.6521663603e+00 1.7186520078e-25)
    (7.8676105910e+00 1.5837077351e-25)
    (8.0858487204e+00 1.4640560101e-25)
    (8.3098278044e+00 1.3545675151e-25)
    (8.5398932950e+00 1.2542534563e-25)
    (8.7763949131e+00 1.1622322026e-25)
    (9.0196879697e+00 1.0777173710e-25)
    (9.2670974766e+00 1.0006101594e-25)
    (9.5251096885e+00 9.2895062487e-26)
    (9.7910839770e+00 8.6292279600e-26)
    (1.0065371630e+01 8.0200878125e-26)
    (1.0346344593e+01 7.4581779385e-26)
    (1.0638438926e+01 6.9376407241e-26)
    (1.0940187398e+01 6.4560066036e-26)
    (1.1925355136e+01 5.0367770169e-26)
    (1.2308824412e+01 4.6442038125e-26)
    (1.2709276652e+01 4.2828411570e-26)
    (1.3126439691e+01 3.9499569869e-26)
    (1.3561263285e+01 3.6433881030e-26)
    (1.4012493747e+01 3.3534423624e-26)
    (1.4484291915e+01 3.0936057275e-26)
    (1.4973992379e+01 2.8615430218e-26)
    (1.5487666223e+01 2.6391863225e-26)
    (1.6023909695e+01 2.4339641296e-26)
    (1.6583468512e+01 2.2402788302e-26)
    (1.7168941463e+01 2.0659461328e-26)
    (1.7781023451e+01 1.9049153741e-26)
    (1.8422151615e+01 1.7527063612e-26)
    (1.9092649339e+01 1.6157740636e-26)
    (1.9794733945e+01 1.4892053727e-26)
    (2.0530664058e+01 1.3722058189e-26)
    (2.1299508263e+01 1.2682523637e-26)
    (2.2109288431e+01 1.1676311656e-26)
    (2.2959485968e+01 1.0746701223e-26)
    (2.3850104879e+01 9.8918072126e-27)
    (2.4788921536e+01 9.0978822824e-27)
    (2.5776295005e+01 8.3645965183e-27)
    (2.6817698048e+01 7.6875970216e-27)
    (2.7909067436e+01 7.0458239694e-27)
    (2.9061538888e+01 6.4712438903e-27)
    (3.0279874265e+01 5.9409977121e-27)
    (3.1556757395e+01 5.4363284361e-27)
    (3.2908931845e+01 4.9872993883e-27)
    (3.4342348823e+01 4.5733525316e-27)
    (3.5842127009e+01 4.1967252952e-27)
    (3.7437719791e+01 3.8433234190e-27)
    (3.9117090489e+01 3.5332174428e-27)
    (4.0644106575e+01 3.1976059904e-27)
    (4.2796040127e+01 2.9518628952e-27)
    (4.4789131155e+01 2.6961843582e-27)
    (4.6589221150e+01 2.4398824558e-27)
    (4.9179324484e+01 2.2442088352e-27)
    (5.1201199815e+01 2.0327688206e-27)
    (5.4099126670e+01 1.8595202188e-27)
    (5.6778858337e+01 1.6908770973e-27)
    (5.9117854096e+01 1.5360252212e-27)
    (6.2718461942e+01 1.3966418132e-27)
    (6.5410085846e+01 1.2695668909e-27)
    (6.9496742822e+01 1.1514730202e-27)
    (7.3180976752e+01 1.0446550565e-27)
    (7.7182577491e+01 9.4632356499e-28)
    (8.1420085225e+01 8.5624368826e-28)
    (8.6011788405e+01 7.7405379033e-28)
    (9.0867763137e+01 6.9921748753e-28)
    (9.6165388139e+01 6.3063835185e-28)
    (1.0177823578e+02 5.6813924221e-28)
    (1.0792309375e+02 5.1111841772e-28)
    (1.1458604701e+02 4.5917019341e-28)
    (1.2160542734e+02 4.1210877766e-28)
    (1.2939531717e+02 3.6914062792e-28)
    (1.3542361118e+02 3.3146982025e-28)
    (1.4388362195e+02 2.9590721069e-28)
    (1.5371740495e+02 2.6379976440e-28)
    (1.6736124994e+02 2.3369739930e-28)
    (1.7556818514e+02 2.0760978674e-28)
    (1.9180551086e+02 1.8397673319e-28)
    (2.0148427830e+02 1.6219088916e-28)
);
