// eta_EI_O2_ATT_O_O [m^2] (reduced, mole-fraction weighted) vs reducedE [V m^2]; air_plasma [94c490be646f8872], T_gas = 300.000000 K
(
    (0 0.0000000000e+00)
    (1.0000000000e-22 0.0000000000e+00)
    (1.0452754953e-22 0.0000000000e+00)
    (1.0926008611e-22 0.0000000000e+00)
    (1.1420689063e-22 0.0000000000e+00)
    (1.1937766417e-22 0.0000000000e+00)
    (1.2478254705e-22 0.0000000000e+00)
    (1.3043213867e-22 0.0000000000e+00)
    (1.3633751836e-22 0.0000000000e+00)
    (1.4251026703e-22 0.0000000000e+00)
    (1.4896248996e-22 0.0000000000e+00)
    (1.5570684048e-22 0.0000000000e+00)
    (1.6275654480e-22 0.0000000000e+00)
    (1.7012542799e-22 0.0000000000e+00)
    (1.7782794100e-22 0.0000000000e+00)
    (1.8587918911e-22 0.0000000000e+00)
    (1.9429496147e-22 0.0000000000e+00)
    (2.0309176209e-22 0.0000000000e+00)
    (2.1228684221e-22 0.0000000000e+00)
    (2.2189823415e-22 0.0000000000e+00)
    (2.3194478661e-22 0.0000000000e+00)
    (2.4244620171e-22 0.0000000000e+00)
    (2.5342307358e-22 0.0000000000e+00)
    (2.6489692876e-22 0.0000000000e+00)
    (2.7689026842e-22 0.0000000000e+00)
    (2.8942661247e-22 0.0000000000e+00)
    (3.0253054571e-22 0.0000000000e+00)
    (3.1622776602e-22 0.0000000000e+00)
    (3.3054513476e-22 0.0000000000e+00)
    (3.4551072946e-22 0.0000000000e+00)
    (3.6115389887e-22 0.0000000000e+00)
    (3.7750532053e-22 0.0000000000e+00)
    (3.9459706091e-22 0.0000000000e+00)
    (4.1246263829e-22 0.0000000000e+00)
    (4.3113708854e-22 0.0000000000e+00)
    (4.5065703377e-22 0.0000000000e+00)
    (4.7106075420e-22 0.0000000000e+00)
    (4.9238826317e-22 0.0000000000e+00)
    (5.1468138568e-22 0.0000000000e+00)
    (5.3798384034e-22 0.0000000000e+00)
    (5.6234132519e-22 0.0000000000e+00)
    (5.8780160723e-22 0.0000000000e+00)
    (6.1441461614e-22 0.0000000000e+00)
    (6.4223254222e-22 0.0000000000e+00)
    (6.7130993868e-22 0.0000000000e+00)
    (7.0170382867e-22 0.0000000000e+00)
    (7.3347381708e-22 0.0000000000e+00)
    (7.6668220745e-22 0.0000000000e+00)
    (8.0139412415e-22 0.0000000000e+00)
    (8.3767764007e-22 0.0000000000e+00)
    (8.7560391014e-22 0.0000000000e+00)
    (9.1524731088e-22 0.0000000000e+00)
    (9.5668558622e-22 0.0000000000e+00)
    (1.0000000000e-21 0.0000000000e+00)
    (1.0452754953e-21 0.0000000000e+00)
    (1.0926008611e-21 0.0000000000e+00)
    (1.1420689063e-21 0.0000000000e+00)
    (1.1937766417e-21 0.0000000000e+00)
    (1.2478254705e-21 0.0000000000e+00)
    (1.3043213867e-21 0.0000000000e+00)
    (1.3633751836e-21 0.0000000000e+00)
    (1.4251026703e-21 0.0000000000e+00)
    (1.4896248996e-21 0.0000000000e+00)
    (1.5570684048e-21 0.0000000000e+00)
    (1.6275654480e-21 0.0000000000e+00)
    (1.7012542799e-21 0.0000000000e+00)
    (1.7782794100e-21 0.0000000000e+00)
    (1.8587918911e-21 0.0000000000e+00)
    (1.9429496147e-21 0.0000000000e+00)
    (2.0309176209e-21 0.0000000000e+00)
    (2.1228684221e-21 0.0000000000e+00)
    (2.2189823415e-21 0.0000000000e+00)
    (2.3194478661e-21 0.0000000000e+00)
    (2.4244620171e-21 0.0000000000e+00)
    (2.5342307358e-21 0.0000000000e+00)
    (2.6489692876e-21 0.0000000000e+00)
    (2.7689026842e-21 0.0000000000e+00)
    (2.8942661247e-21 0.0000000000e+00)
    (3.0253054571e-21 0.0000000000e+00)
    (3.1622776602e-21 0.0000000000e+00)
    (3.3054513476e-21 0.0000000000e+00)
    (3.4551072946e-21 0.0000000000e+00)
    (3.6115389887e-21 0.0000000000e+00)
    (3.7750532053e-21 0.0000000000e+00)
    (3.9459706091e-21 0.0000000000e+00)
    (4.1246263829e-21 0.0000000000e+00)
    (4.3113708854e-21 0.0000000000e+00)
    (4.5065703377e-21 0.0000000000e+00)
    (4.7106075420e-21 0.0000000000e+00)
    (4.9238826317e-21 0.0000000000e+00)
    (5.1468138568e-21 0.0000000000e+00)
    (5.3798384034e-21 0.0000000000e+00)
    (5.6234132519e-21 0.0000000000e+00)
    (5.8780160723e-21 0.0000000000e+00)
    (6.1441461614e-21 0.0000000000e+00)
    (6.4223254222e-21 0.0000000000e+00)
    (6.7130993868e-21 0.0000000000e+00)
    (7.0170382867e-21 0.0000000000e+00)
    (7.3347381708e-21 0.0000000000e+00)
    (7.6668220745e-21 0.0000000000e+00)
    (8.0139412415e-21 0.0000000000e+00)
    (8.3767764007e-21 0.0000000000e+00)
    (8.7560391014e-21 0.0000000000e+00)
    (9.1524731088e-21 0.0000000000e+00)
    (9.5668558622e-21 0.0000000000e+00)
    (1.0000000000e-20 0.0000000000e+00)
    (1.0452754953e-20 0.0000000000e+00)
    (1.0926008611e-20 0.0000000000e+00)
    (1.1420689063e-20 0.0000000000e+00)
    (1.1937766417e-20 0.0000000000e+00)
    (1.2478254705e-20 0.0000000000e+00)
    (1.3043213867e-20 0.0000000000e+00)
    (1.3633751836e-20 0.0000000000e+00)
    (1.4251026703e-20 0.0000000000e+00)
    (1.4896248996e-20 0.0000000000e+00)
    (1.5570684048e-20 0.0000000000e+00)
    (1.6275654480e-20 0.0000000000e+00)
    (1.7012542799e-20 0.0000000000e+00)
    (1.7782794100e-20 0.0000000000e+00)
    (1.8587918911e-20 0.0000000000e+00)
    (1.9429496147e-20 0.0000000000e+00)
    (2.0309176209e-20 0.0000000000e+00)
    (2.1228684221e-20 0.0000000000e+00)
    (2.2189823415e-20 1.6754550152e-27)
    (2.3194478661e-20 3.0230370227e-27)
    (2.4244620171e-20 5.2700164952e-27)
    (2.5342307358e-20 8.9193768997e-27)
    (2.6489692876e-20 1.4696594398e-26)
    (2.7689026842e-20 3.8342938148e-26)
    (2.8942661247e-20 5.9502391514e-26)
    (3.0253054571e-20 9.1476553796e-26)
    (3.1622776602e-20 1.3777853116e-25)
    (3.3054513476e-20 2.0667811903e-25)
    (3.4551072946e-20 2.9924048961e-25)
    (3.6115389887e-20 4.2558782442e-25)
    (3.7750532053e-20 5.9498537435e-25)
    (3.9459706091e-20 8.2504998720e-25)
    (4.1246263829e-20 1.1159975898e-24)
    (4.3113708854e-20 1.4868959658e-24)
    (4.5065703377e-20 1.9523522506e-24)
    (4.7106075420e-20 2.5275723000e-24)
    (4.9238826317e-20 3.2547552713e-24)
    (5.1468138568e-20 4.0977740975e-24)
    (5.3798384034e-20 5.0934997518e-24)
    (5.6234132519e-20 6.2526111522e-24)
    (5.8780160723e-20 7.6150537354e-24)
    (6.1441461614e-20 9.1204512059e-24)
    (6.4223254222e-20 1.0797293822e-23)
    (6.7130993868e-20 1.2637857943e-23)
    (7.0170382867e-20 1.4628416790e-23)
    (7.3347381708e-20 1.6760354876e-23)
    (7.6668220745e-20 1.8980499302e-23)
    (8.0139412415e-20 2.1275125648e-23)
    (8.3767764007e-20 2.3610639926e-23)
    (8.7560391014e-20 2.5951196736e-23)
    (9.1524731088e-20 2.8330836045e-23)
    (9.5668558622e-20 3.0568578440e-23)
    (1.0000000000e-19 3.2705172785e-23)
    (1.0452754953e-19 3.4710867093e-23)
    (1.0926008611e-19 3.6596296938e-23)
    (1.1420689063e-19 3.8267836044e-23)
    (1.1937766417e-19 3.9748047934e-23)
    (1.2478254705e-19 4.1027449776e-23)
    (1.3043213867e-19 4.2101590571e-23)
    (1.3633751836e-19 4.2976778441e-23)
    (1.4251026703e-19 4.3638497898e-23)
    (1.4896248996e-19 4.4107178442e-23)
    (1.5570684048e-19 4.4392487197e-23)
    (1.6275654480e-19 4.4505999508e-23)
    (1.7012542799e-19 4.4485337901e-23)
    (1.7782794100e-19 4.4290327765e-23)
    (1.8587918911e-19 4.3964291998e-23)
    (1.9429496147e-19 4.3521170979e-23)
    (2.0309176209e-19 4.2974633070e-23)
    (2.1228684221e-19 4.2337866961e-23)
    (2.2189823415e-19 4.1623432061e-23)
    (2.3194478661e-19 4.0843160237e-23)
    (2.4244620171e-19 3.9985576660e-23)
    (2.5342307358e-19 3.9104586857e-23)
    (2.6489692876e-19 3.8182148668e-23)
    (2.7689026842e-19 3.7236588250e-23)
    (2.8942661247e-19 3.6270397322e-23)
    (3.0253054571e-19 3.5290136733e-23)
    (3.1622776602e-19 3.4295905665e-23)
    (3.3054513476e-19 3.3303583537e-23)
    (3.4551072946e-19 3.2312704674e-23)
    (3.6115389887e-19 3.1363047444e-23)
    (3.7750532053e-19 3.0383072659e-23)
    (3.9459706091e-19 2.9415227925e-23)
    (4.1246263829e-19 2.8461982190e-23)
    (4.3113708854e-19 2.7525429436e-23)
    (4.5065703377e-19 2.6607333937e-23)
    (4.7106075420e-19 2.5687462420e-23)
    (4.9238826317e-19 2.4811228981e-23)
    (5.1468138568e-19 2.3956988580e-23)
    (5.3798384034e-19 2.3125197509e-23)
    (5.6234132519e-19 2.2312049714e-23)
    (5.8780160723e-19 2.1525781743e-23)
    (6.1441461614e-19 2.0763092321e-23)
    (6.4223254222e-19 1.8596126511e-23)
    (6.7130993868e-19 1.7851282278e-23)
    (7.0170382867e-19 1.7136312828e-23)
    (7.3347381708e-19 1.6448943389e-23)
    (7.6668220745e-19 1.5789781606e-23)
    (8.0139412415e-19 1.5155888011e-23)
    (8.3767764007e-19 1.4548371808e-23)
    (8.7560391014e-19 1.3956711202e-23)
    (9.1524731088e-19 1.3401994094e-23)
    (9.5668558622e-19 1.2871863639e-23)
    (1.0000000000e-18 1.2370737654e-23)
    (1.0452754953e-18 1.1887121131e-23)
    (1.0926008611e-18 1.1426234226e-23)
    (1.1420689063e-18 1.0986917982e-23)
    (1.1937766417e-18 1.0569407595e-23)
    (1.2478254705e-18 1.0172423076e-23)
    (1.3043213867e-18 9.7952569531e-24)
    (1.3633751836e-18 9.4338351115e-24)
    (1.4251026703e-18 9.0944976948e-24)
    (1.4896248996e-18 8.7726849592e-24)
    (1.5570684048e-18 8.4666376710e-24)
    (1.6275654480e-18 8.1778649078e-24)
    (1.7012542799e-18 7.9044995779e-24)
    (1.7782794100e-18 7.6463443261e-24)
    (1.8587918911e-18 7.4009740664e-24)
    (1.9429496147e-18 7.1698418167e-24)
    (2.0309176209e-18 6.9521635108e-24)
    (2.1228684221e-18 6.7462043809e-24)
    (2.2189823415e-18 6.5514679054e-24)
    (2.3194478661e-18 6.3689038403e-24)
    (2.4244620171e-18 6.1943401316e-24)
    (2.5342307358e-18 6.0311457138e-24)
    (2.6489692876e-18 5.8758477084e-24)
    (2.7689026842e-18 5.7145945835e-24)
    (2.8942661247e-18 5.5949018630e-24)
    (3.0253054571e-18 5.4650696814e-24)
    (3.1622776602e-18 5.3292617152e-24)
    (3.3054513476e-18 5.2315397124e-24)
    (3.4551072946e-18 5.1087557992e-24)
    (3.6115389887e-18 5.0218841982e-24)
    (3.7750532053e-18 4.9246762127e-24)
    (3.9459706091e-18 4.8150106318e-24)
    (4.1246263829e-18 4.7495819177e-24)
    (4.3113708854e-18 4.6521669730e-24)
    (4.5065703377e-18 4.5946553550e-24)
    (4.7106075420e-18 4.5214922425e-24)
    (4.9238826317e-18 4.4541563438e-24)
    (5.1468138568e-18 4.3892270219e-24)
    (5.3798384034e-18 4.3285639198e-24)
    (5.6234132519e-18 4.2679522034e-24)
    (5.8780160723e-18 4.2130858190e-24)
    (6.1441461614e-18 4.1588169870e-24)
    (6.4223254222e-18 4.1087209177e-24)
    (6.7130993868e-18 4.0608317771e-24)
    (7.0170382867e-18 4.0112930638e-24)
    (7.3347381708e-18 3.9668819654e-24)
    (7.6668220745e-18 3.9018045982e-24)
    (8.0139412415e-18 3.8511890352e-24)
    (8.3767764007e-18 3.8120046223e-24)
    (8.7560391014e-18 3.7962559270e-24)
    (9.1524731088e-18 3.7333671172e-24)
    (9.5668558622e-18 3.7154370055e-24)
    (1.0000000000e-17 3.6504844937e-24)
);
