// etaN vs reducedE [V m^2]; air_plasma [94c490be646f8872], T_gas = 300.000000 K
(
    (0 1.2538173327e-21)
    (1.0000000000e-22 1.2538173327e-21)
    (1.0452754953e-22 1.2470247846e-21)
    (1.0926008611e-22 1.2392709137e-21)
    (1.1420689063e-22 1.2307718315e-21)
    (1.1937766417e-22 1.2216804119e-21)
    (1.2478254705e-22 1.2121016076e-21)
    (1.3043213867e-22 1.2021040069e-21)
    (1.3633751836e-22 1.1917285467e-21)
    (1.4251026703e-22 1.1809951519e-21)
    (1.4896248996e-22 1.1699078912e-21)
    (1.5570684048e-22 1.1568920939e-21)
    (1.6275654480e-22 1.1466325765e-21)
    (1.7012542799e-22 1.1344066355e-21)
    (1.7782794100e-22 1.1217561778e-21)
    (1.8587918911e-22 1.1086548479e-21)
    (1.9429496147e-22 1.0950767459e-21)
    (2.0309176209e-22 1.0809979274e-21)
    (2.1228684221e-22 1.0662782730e-21)
    (2.2189823415e-22 1.0511305328e-21)
    (2.3194478661e-22 1.0354308414e-21)
    (2.4244620171e-22 1.0190443350e-21)
    (2.5342307358e-22 1.0022208967e-21)
    (2.6489692876e-22 9.8484433252e-22)
    (2.7689026842e-22 9.6692712638e-22)
    (2.8942661247e-22 9.4848811759e-22)
    (3.0253054571e-22 9.2955226488e-22)
    (3.1622776602e-22 9.1015027132e-22)
    (3.3054513476e-22 8.9031808493e-22)
    (3.4551072946e-22 8.7009630533e-22)
    (3.6115389887e-22 8.4952950534e-22)
    (3.7750532053e-22 8.2866550097e-22)
    (3.9459706091e-22 8.0755458890e-22)
    (4.1246263829e-22 7.8624877517e-22)
    (4.3113708854e-22 7.6480101649e-22)
    (4.5065703377e-22 7.4326449379e-22)
    (4.7106075420e-22 7.2169193508e-22)
    (4.9238826317e-22 7.0013500158e-22)
    (5.1468138568e-22 6.7864374836e-22)
    (5.3798384034e-22 6.5726616685e-22)
    (5.6234132519e-22 6.3604781435e-22)
    (5.8780160723e-22 6.1503153201e-22)
    (6.1441461614e-22 5.9425725078e-22)
    (6.4223254222e-22 5.7376188234e-22)
    (6.7130993868e-22 5.5357929025e-22)
    (7.0170382867e-22 5.3374033472e-22)
    (7.3347381708e-22 5.1419361472e-22)
    (7.6668220745e-22 4.9507868004e-22)
    (8.0139412415e-22 4.7638739052e-22)
    (8.3767764007e-22 4.5812063443e-22)
    (8.7560391014e-22 4.4029257082e-22)
    (9.1524731088e-22 4.2286999828e-22)
    (9.5668558622e-22 4.0594669579e-22)
    (1.0000000000e-21 3.8948578495e-22)
    (1.0452754953e-21 3.7349122154e-22)
    (1.0926008611e-21 3.5796505415e-22)
    (1.1420689063e-21 3.4289421455e-22)
    (1.1937766417e-21 3.2829978131e-22)
    (1.2478254705e-21 3.1416782597e-22)
    (1.3043213867e-21 3.0049389786e-22)
    (1.3633751836e-21 2.8727245787e-22)
    (1.4251026703e-21 2.7449705985e-22)
    (1.4896248996e-21 2.6216053272e-22)
    (1.5570684048e-21 2.5025516152e-22)
    (1.6275654480e-21 2.3877286881e-22)
    (1.7012542799e-21 2.2770539529e-22)
    (1.7782794100e-21 2.1703566357e-22)
    (1.8587918911e-21 2.0676606655e-22)
    (1.9429496147e-21 1.9688362115e-22)
    (2.0309176209e-21 1.8737964445e-22)
    (2.1228684221e-21 1.7824566110e-22)
    (2.2189823415e-21 1.6947344716e-22)
    (2.3194478661e-21 1.6105505113e-22)
    (2.4244620171e-21 1.5298279088e-22)
    (2.5342307358e-21 1.4524922486e-22)
    (2.6489692876e-21 1.3784710751e-22)
    (2.7689026842e-21 1.3076932649e-22)
    (2.8942661247e-21 1.2400882712e-22)
    (3.0253054571e-21 1.1755853172e-22)
    (3.1622776602e-21 1.1141125767e-22)
    (3.3054513476e-21 1.0555964146e-22)
    (3.4551072946e-21 9.9996073319e-23)
    (3.6115389887e-21 9.4712646658e-23)
    (3.7750532053e-21 8.9701126508e-23)
    (3.9459706091e-21 8.4952937005e-23)
    (4.1246263829e-21 8.0459169465e-23)
    (4.3113708854e-21 7.6210609379e-23)
    (4.5065703377e-21 7.2197780118e-23)
    (4.7106075420e-21 6.8411000284e-23)
    (4.9238826317e-21 6.4829453697e-23)
    (5.1468138568e-21 6.1460683633e-23)
    (5.3798384034e-21 5.8286909965e-23)
    (5.6234132519e-21 5.5298008508e-23)
    (5.8780160723e-21 5.2483968965e-23)
    (6.1441461614e-21 4.9834960837e-23)
    (6.4223254222e-21 4.7341393068e-23)
    (6.7130993868e-21 4.4993966009e-23)
    (7.0170382867e-21 4.2783714775e-23)
    (7.3347381708e-21 4.0702043635e-23)
    (7.6668220745e-21 3.8740752090e-23)
    (8.0139412415e-21 3.6892052869e-23)
    (8.3767764007e-21 3.5148582558e-23)
    (8.7560391014e-21 3.3503405712e-23)
    (9.1524731088e-21 3.1950013329e-23)
    (9.5668558622e-21 3.0482316624e-23)
    (1.0000000000e-20 2.9094636968e-23)
    (1.0452754953e-20 2.7781692828e-23)
    (1.0926008611e-20 2.6538584464e-23)
    (1.1420689063e-20 2.5360776869e-23)
    (1.1937766417e-20 2.4241355810e-23)
    (1.2478254705e-20 2.3180852846e-23)
    (1.3043213867e-20 2.2173667080e-23)
    (1.3633751836e-20 2.1216443762e-23)
    (1.4251026703e-20 2.0306084335e-23)
    (1.4896248996e-20 1.9439727769e-23)
    (1.5570684048e-20 1.8614732808e-23)
    (1.6275654480e-20 1.7828661230e-23)
    (1.7012542799e-20 1.7079262214e-23)
    (1.7782794100e-20 1.6364457782e-23)
    (1.8587918911e-20 1.5682329500e-23)
    (1.9429496147e-20 1.5029280133e-23)
    (2.0309176209e-20 1.4406856348e-23)
    (2.1228684221e-20 1.3812016057e-23)
    (2.2189823415e-20 1.3245342540e-23)
    (2.3194478661e-20 1.2702510705e-23)
    (2.4244620171e-20 1.2184029850e-23)
    (2.5342307358e-20 1.1689208488e-23)
    (2.6489692876e-20 1.1217650998e-23)
    (2.7689026842e-20 1.0784599929e-23)
    (2.8942661247e-20 1.0361758982e-23)
    (3.0253054571e-20 9.9723225111e-24)
    (3.1622776602e-20 9.6138939313e-24)
    (3.3054513476e-20 9.2947547059e-24)
    (3.4551072946e-20 9.0126005406e-24)
    (3.6115389887e-20 8.7778550183e-24)
    (3.7750532053e-20 8.5987741267e-24)
    (3.9459706091e-20 8.4918256864e-24)
    (4.1246263829e-20 8.4564129905e-24)
    (4.3113708854e-20 8.5105533752e-24)
    (4.5065703377e-20 8.6678978478e-24)
    (4.7106075420e-20 8.9427403133e-24)
    (4.9238826317e-20 9.3760063559e-24)
    (5.1468138568e-20 9.9314109114e-24)
    (5.3798384034e-20 1.0644969576e-23)
    (5.6234132519e-20 1.1526830585e-23)
    (5.8780160723e-20 1.2616882774e-23)
    (6.1441461614e-20 1.3853673968e-23)
    (6.4223254222e-20 1.5266233406e-23)
    (6.7130993868e-20 1.6847004227e-23)
    (7.0170382867e-20 1.8582611079e-23)
    (7.3347381708e-20 2.0459208752e-23)
    (7.6668220745e-20 2.2436307732e-23)
    (8.0139412415e-20 2.4494655900e-23)
    (8.3767764007e-20 2.6601470281e-23)
    (8.7560391014e-20 2.8721728083e-23)
    (9.1524731088e-20 3.0887908180e-23)
    (9.5668558622e-20 3.2924584538e-23)
    (1.0000000000e-19 3.4870580886e-23)
    (1.0452754953e-19 3.6696583397e-23)
    (1.0926008611e-19 3.8413954148e-23)
    (1.1420689063e-19 3.9928160358e-23)
    (1.1937766417e-19 4.1262300551e-23)
    (1.2478254705e-19 4.2406696930e-23)
    (1.3043213867e-19 4.3356575791e-23)
    (1.3633751836e-19 4.4115758456e-23)
    (1.4251026703e-19 4.4673660942e-23)
    (1.4896248996e-19 4.5047712005e-23)
    (1.5570684048e-19 4.5246978411e-23)
    (1.6275654480e-19 4.5282418139e-23)
    (1.7012542799e-19 4.5190802291e-23)
    (1.7782794100e-19 4.4931838259e-23)
    (1.8587918911e-19 4.4548000144e-23)
    (1.9429496147e-19 4.4052671448e-23)
    (2.0309176209e-19 4.3458997072e-23)
    (2.1228684221e-19 4.2779678499e-23)
    (2.2189823415e-19 4.2026825427e-23)
    (2.3194478661e-19 4.1211857551e-23)
    (2.4244620171e-19 4.0322884127e-23)
    (2.5342307358e-19 3.9413539379e-23)
    (2.6489692876e-19 3.8465282169e-23)
    (2.7689026842e-19 3.7496485899e-23)
    (2.8942661247e-19 3.6509223037e-23)
    (3.0253054571e-19 3.5509830920e-23)
    (3.1622776602e-19 3.4497985466e-23)
    (3.3054513476e-19 3.3489855152e-23)
    (3.4551072946e-19 3.2484569875e-23)
    (3.6115389887e-19 3.1521418218e-23)
    (3.7750532053e-19 3.0529478260e-23)
    (3.9459706091e-19 2.9550684677e-23)
    (4.1246263829e-19 2.8587407536e-23)
    (4.3113708854e-19 2.7641652656e-23)
    (4.5065703377e-19 2.6715105674e-23)
    (4.7106075420e-19 2.5787523436e-23)
    (4.9238826317e-19 2.4904124044e-23)
    (5.1468138568e-19 2.4043280860e-23)
    (5.3798384034e-19 2.3205398387e-23)
    (5.6234132519e-19 2.2386631493e-23)
    (5.8780160723e-19 2.1595158150e-23)
    (6.1441461614e-19 2.0827652388e-23)
    (6.4223254222e-19 1.8646494281e-23)
    (6.7130993868e-19 1.7897724317e-23)
    (7.0170382867e-19 1.7179141240e-23)
    (7.3347381708e-19 1.6488442959e-23)
    (7.6668220745e-19 1.5826215487e-23)
    (8.0139412415e-19 1.5189422435e-23)
    (8.3767764007e-19 1.4579307865e-23)
    (8.7560391014e-19 1.3985326633e-23)
    (9.1524731088e-19 1.3428385957e-23)
    (9.5668558622e-19 1.2896203280e-23)
    (1.0000000000e-18 1.2393140443e-23)
    (1.0452754953e-18 1.1907780592e-23)
    (1.0926008611e-18 1.1445283380e-23)
    (1.1420689063e-18 1.1004445046e-23)
    (1.1937766417e-18 1.0585565336e-23)
    (1.2478254705e-18 1.0187315129e-23)
    (1.3043213867e-18 9.8089790113e-24)
    (1.3633751836e-18 9.4465176351e-24)
    (1.4251026703e-18 9.1061740065e-24)
    (1.4896248996e-18 8.7834316604e-24)
    (1.5570684048e-18 8.4765294782e-24)
    (1.6275654480e-18 8.1869627901e-24)
    (1.7012542799e-18 7.9128641744e-24)
    (1.7782794100e-18 7.6540319231e-24)
    (1.8587918911e-18 7.4080198904e-24)
    (1.9429496147e-18 7.1763130606e-24)
    (2.0309176209e-18 6.9581045085e-24)
    (2.1228684221e-18 6.7516407093e-24)
    (2.2189823415e-18 6.5564552047e-24)
    (2.3194478661e-18 6.3734771929e-24)
    (2.4244620171e-18 6.1985368569e-24)
    (2.5342307358e-18 6.0349890372e-24)
    (2.6489692876e-18 5.8793809258e-24)
    (2.7689026842e-18 5.7177921895e-24)
    (2.8942661247e-18 5.5978537259e-24)
    (3.0253054571e-18 5.4677658657e-24)
    (3.1622776602e-18 5.3317015976e-24)
    (3.3054513476e-18 5.2337839212e-24)
    (3.4551072946e-18 5.1107885680e-24)
    (3.6115389887e-18 5.0237437185e-24)
    (3.7750532053e-18 4.9263670898e-24)
    (3.9459706091e-18 4.8165466571e-24)
    (4.1246263829e-18 4.7509785595e-24)
    (4.3113708854e-18 4.6534365399e-24)
    (4.5065703377e-18 4.5958068280e-24)
    (4.7106075420e-18 4.5225368976e-24)
    (4.9238826317e-18 4.4551026674e-24)
    (5.1468138568e-18 4.3900832656e-24)
    (5.3798384034e-18 4.3293379736e-24)
    (5.6234132519e-18 4.2686514209e-24)
    (5.8780160723e-18 4.2137164573e-24)
    (6.1441461614e-18 4.1593851262e-24)
    (6.4223254222e-18 4.1092320361e-24)
    (6.7130993868e-18 4.0612909473e-24)
    (7.0170382867e-18 4.0117051725e-24)
    (7.3347381708e-18 3.9672511060e-24)
    (7.6668220745e-18 3.9021360680e-24)
    (8.0139412415e-18 3.8514849425e-24)
    (8.3767764007e-18 3.8122684220e-24)
    (8.7560391014e-18 3.7964896244e-24)
    (9.1524731088e-18 3.7335747269e-24)
    (9.5668558622e-18 3.7156209822e-24)
    (1.0000000000e-17 3.6506466846e-24)
);
