// etaN vs mean energy [eV]; air_plasma [94c490be646f8872], T_gas = 300.000000 K
(
    (0 1.2538191660e-21)
    (1.3716749438e-01 1.2538191660e-21)
    (1.4076979314e-01 1.2470266117e-21)
    (1.4397604008e-01 1.2392727394e-21)
    (1.4684113805e-01 1.2307736599e-21)
    (1.4941204783e-01 1.2216822465e-21)
    (1.5172864004e-01 1.2121034514e-21)
    (1.5382482203e-01 1.2021058623e-21)
    (1.5572964088e-01 1.1917304158e-21)
    (1.5746824649e-01 1.1809970361e-21)
    (1.5906268561e-01 1.1699097918e-21)
    (1.6040186980e-01 1.1568940272e-21)
    (1.6189539494e-01 1.1466345120e-21)
    (1.6316727128e-01 1.1344085888e-21)
    (1.6436286366e-01 1.1217581488e-21)
    (1.6549578572e-01 1.1086568360e-21)
    (1.6657873020e-01 1.0950787505e-21)
    (1.6762359287e-01 1.0809999474e-21)
    (1.6865359887e-01 1.0662803069e-21)
    (1.6965539117e-01 1.0511325791e-21)
    (1.7065096866e-01 1.0354328986e-21)
    (1.7163702901e-01 1.0190464010e-21)
    (1.7264762429e-01 1.0022229692e-21)
    (1.7367878080e-01 9.8484640914e-22)
    (1.7473849913e-01 9.6692920462e-22)
    (1.7583432821e-01 9.4849019479e-22)
    (1.7697337833e-01 9.2955433830e-22)
    (1.7816233417e-01 9.1015233814e-22)
    (1.7940746844e-01 8.9032014230e-22)
    (1.8071465956e-01 8.7009835035e-22)
    (1.8208941158e-01 8.4953153514e-22)
    (1.8353687952e-01 8.2866751272e-22)
    (1.8506190021e-01 8.0755657985e-22)
    (1.8666902928e-01 7.8625074264e-22)
    (1.8836258474e-01 7.6480295793e-22)
    (1.9014669747e-01 7.4326640677e-22)
    (1.9202536831e-01 7.2169381731e-22)
    (1.9400253175e-01 7.0013685096e-22)
    (1.9608212573e-01 6.7864556293e-22)
    (1.9826816696e-01 6.5726794486e-22)
    (2.0056483136e-01 6.3604955423e-22)
    (2.0297653896e-01 6.1503323236e-22)
    (2.0550804255e-01 5.9425891042e-22)
    (2.0816451961e-01 5.7376350027e-22)
    (2.1095166654e-01 5.5358086564e-22)
    (2.1387579417e-01 5.3374186694e-22)
    (2.1694256551e-01 5.1419510297e-22)
    (2.2014788174e-01 4.9508012416e-22)
    (2.2353446165e-01 4.7638879045e-22)
    (2.2709477487e-01 4.5812199014e-22)
    (2.3084127841e-01 4.4029388242e-22)
    (2.3479833990e-01 4.2287126581e-22)
    (2.3896131204e-01 4.0594791978e-22)
    (2.4336011410e-01 3.8948696583e-22)
    (2.4801612280e-01 3.7349235986e-22)
    (2.5295360836e-01 3.5796615052e-22)
    (2.5819915170e-01 3.4289526957e-22)
    (2.6378576428e-01 3.2830079581e-22)
    (2.6974626976e-01 3.1416880074e-22)
    (2.7611829297e-01 3.0049483375e-22)
    (2.8294269841e-01 2.8727335577e-22)
    (2.9026321198e-01 2.7449792067e-22)
    (2.9812580887e-01 2.6216135742e-22)
    (3.0657783145e-01 2.5025595105e-22)
    (3.1566682518e-01 2.3877362416e-22)
    (3.2543909275e-01 2.2770611745e-22)
    (3.3590887576e-01 2.1703635350e-22)
    (3.4717223366e-01 2.0676672528e-22)
    (3.5923184525e-01 1.9688424969e-22)
    (3.7211014051e-01 1.8738024379e-22)
    (3.8581860584e-01 1.7824623225e-22)
    (4.0035610545e-01 1.6947399111e-22)
    (4.1570760906e-01 1.6105556887e-22)
    (4.3184344429e-01 1.5298328341e-22)
    (4.4871916534e-01 1.4524969314e-22)
    (4.6627608546e-01 1.3784755252e-22)
    (4.8444246122e-01 1.3076974917e-22)
    (5.0313526437e-01 1.2400922843e-22)
    (5.2226243543e-01 1.1755891259e-22)
    (5.4172546688e-01 1.1141161902e-22)
    (5.6142215538e-01 1.0555998419e-22)
    (5.8124935489e-01 9.9996398314e-23)
    (6.0110557847e-01 9.4712954780e-23)
    (6.2089332763e-01 8.9701418599e-23)
    (6.4052105642e-01 8.4953213884e-23)
    (6.5990472218e-01 8.0459431925e-23)
    (6.7896890624e-01 7.6210858187e-23)
    (6.9764751934e-01 7.2198016015e-23)
    (7.1588412933e-01 6.8411223981e-23)
    (7.3358637930e-01 6.4829665838e-23)
    (7.5079958278e-01 6.1460884893e-23)
    (7.6745534914e-01 5.8287100962e-23)
    (7.8353257443e-01 5.5298189827e-23)
    (7.9901752925e-01 5.2484141163e-23)
    (8.1390306874e-01 4.9835124439e-23)
    (8.2818782881e-01 4.7341548570e-23)
    (8.4187543928e-01 4.4994113877e-23)
    (8.5497377065e-01 4.2783855449e-23)
    (8.6749423532e-01 4.0702177527e-23)
    (8.7945114959e-01 3.8740879586e-23)
    (8.9086116369e-01 3.6892174331e-23)
    (9.0174276209e-01 3.5148698324e-23)
    (9.1211583392e-01 3.3503516099e-23)
    (9.2200131124e-01 3.1950118634e-23)
    (9.3142087166e-01 3.0482417124e-23)
    (9.4039670018e-01 2.9094732920e-23)
    (9.4895130466e-01 2.7781784476e-23)
    (9.5710737851e-01 2.6538672033e-23)
    (9.6488770504e-01 2.5360860572e-23)
    (9.7229590480e-01 2.4241435835e-23)
    (9.7938516806e-01 2.3180929387e-23)
    (9.8616493157e-01 2.2173740309e-23)
    (9.9265725541e-01 2.1216513842e-23)
    (9.9888405066e-01 2.0306151419e-23)
    (1.0048670871e+00 1.9439792000e-23)
    (1.0106280072e+00 1.8614794322e-23)
    (1.0161883436e+00 1.7828720154e-23)
    (1.0215695406e+00 1.7079318668e-23)
    (1.0267929771e+00 1.6364511880e-23)
    (1.0318799906e+00 1.5682381348e-23)
    (1.0368231653e+00 1.5029329827e-23)
    (1.0417033545e+00 1.4406903988e-23)
    (1.0465120906e+00 1.3812061733e-23)
    (1.0510868807e+00 1.3245386339e-23)
    (1.0558591909e+00 1.2702552708e-23)
    (1.0606532018e+00 1.2184070133e-23)
    (1.0655074201e+00 1.1689247124e-23)
    (1.0704684874e+00 1.1217688058e-23)
    (1.0751997678e+00 1.0784635479e-23)
    (1.0804337622e+00 1.0361793065e-23)
    (1.0860944541e+00 9.9723552022e-24)
    (1.0921800386e+00 9.6139252847e-24)
    (1.0986620881e+00 9.2947847769e-24)
    (1.1060807530e+00 9.0126293731e-24)
    (1.1144567565e+00 8.7778826572e-24)
    (1.1240549778e+00 8.5988006139e-24)
    (1.1350476813e+00 8.4918510597e-24)
    (1.1481500998e+00 8.4564372852e-24)
    (1.1636258816e+00 8.5105766232e-24)
    (1.1819885903e+00 8.6679200777e-24)
    (1.2038177970e+00 8.9427615506e-24)
    (1.2301634392e+00 9.3760266222e-24)
    (1.2609969547e+00 9.9314302275e-24)
    (1.2973623011e+00 1.0644987959e-23)
    (1.3400043219e+00 1.1526848053e-23)
    (1.3902463434e+00 1.2616899342e-23)
    (1.4476740790e+00 1.3853689648e-23)
    (1.5134371389e+00 1.5266248213e-23)
    (1.5880617832e+00 1.6847018175e-23)
    (1.6719409936e+00 1.8582624183e-23)
    (1.7660607111e+00 2.0459221012e-23)
    (1.8689224012e+00 2.2436319187e-23)
    (1.9811674971e+00 2.4494666574e-23)
    (2.1024762205e+00 2.6601480198e-23)
    (2.2323544682e+00 2.8721737270e-23)
    (2.3723894733e+00 3.0887916658e-23)
    (2.5173051548e+00 3.2924592351e-23)
    (2.6685098830e+00 3.4870588067e-23)
    (2.8251127850e+00 3.6696589982e-23)
    (2.9864403851e+00 3.8413960175e-23)
    (3.1511716909e+00 3.9928165863e-23)
    (3.3187345269e+00 4.1262305572e-23)
    (3.4884072290e+00 4.2406701503e-23)
    (3.6595680233e+00 4.3356579951e-23)
    (3.8329812664e+00 4.4115762231e-23)
    (4.0054036496e+00 4.4673664372e-23)
    (4.1781426577e+00 4.5047715122e-23)
    (4.3510158693e+00 4.5246981243e-23)
    (4.5239369987e+00 4.5282420711e-23)
    (4.6971621124e+00 4.5190804629e-23)
    (4.8701409956e+00 4.4931840384e-23)
    (5.0433978981e+00 4.4548002078e-23)
    (5.2171246269e+00 4.4052673209e-23)
    (5.3915564385e+00 4.3458998676e-23)
    (5.5669629672e+00 4.2779679962e-23)
    (5.7436400437e+00 4.2026826763e-23)
    (5.9219025873e+00 4.1211858772e-23)
    (6.1010979378e+00 4.0322885244e-23)
    (6.2835570480e+00 3.9413540402e-23)
    (6.4679920424e+00 3.8465283107e-23)
    (6.6560078498e+00 3.7496486759e-23)
    (6.8473428105e+00 3.6509223828e-23)
    (7.0423340173e+00 3.5509831647e-23)
    (7.2409465160e+00 3.4497986135e-23)
    (7.4442081971e+00 3.3489855768e-23)
    (7.6521663603e+00 3.2484570444e-23)
    (7.8676105911e+00 3.1521418742e-23)
    (8.0858487204e+00 3.0529478745e-23)
    (8.3098278045e+00 2.9550685125e-23)
    (8.5398932951e+00 2.8587407951e-23)
    (8.7763949131e+00 2.7641653041e-23)
    (9.0196879697e+00 2.6715106031e-23)
    (9.2670974767e+00 2.5787523767e-23)
    (9.5251096886e+00 2.4904124351e-23)
    (9.7910839770e+00 2.4043281146e-23)
    (1.0065371630e+01 2.3205398653e-23)
    (1.0346344593e+01 2.2386631740e-23)
    (1.0638438926e+01 2.1595158380e-23)
    (1.0940187398e+01 2.0827652601e-23)
    (1.1925355136e+01 1.8646494448e-23)
    (1.2308824412e+01 1.7897724470e-23)
    (1.2709276652e+01 1.7179141382e-23)
    (1.3126439691e+01 1.6488443089e-23)
    (1.3561263285e+01 1.5826215608e-23)
    (1.4012493747e+01 1.5189422546e-23)
    (1.4484291915e+01 1.4579307967e-23)
    (1.4973992379e+01 1.3985326727e-23)
    (1.5487666223e+01 1.3428386045e-23)
    (1.6023909695e+01 1.2896203360e-23)
    (1.6583468512e+01 1.2393140517e-23)
    (1.7168941463e+01 1.1907780660e-23)
    (1.7781023452e+01 1.1445283443e-23)
    (1.8422151615e+01 1.1004445104e-23)
    (1.9092649339e+01 1.0585565389e-23)
    (1.9794733945e+01 1.0187315179e-23)
    (2.0530664058e+01 9.8089790567e-24)
    (2.1299508263e+01 9.4465176771e-24)
    (2.2109288431e+01 9.1061740451e-24)
    (2.2959485968e+01 8.7834316960e-24)
    (2.3850104879e+01 8.4765295109e-24)
    (2.4788921536e+01 8.1869628202e-24)
    (2.5776295005e+01 7.9128642021e-24)
    (2.6817698048e+01 7.6540319486e-24)
    (2.7909067436e+01 7.4080199137e-24)
    (2.9061538888e+01 7.1763130820e-24)
    (3.0279874265e+01 6.9581045281e-24)
    (3.1556757395e+01 6.7516407273e-24)
    (3.2908931845e+01 6.5564552213e-24)
    (3.4342348823e+01 6.3734772080e-24)
    (3.5842127009e+01 6.1985368708e-24)
    (3.7437719791e+01 6.0349890500e-24)
    (3.9117090489e+01 5.8793809375e-24)
    (4.0644106575e+01 5.7177922001e-24)
    (4.2796040127e+01 5.5978537357e-24)
    (4.4789131155e+01 5.4677658746e-24)
    (4.6589221150e+01 5.3317016057e-24)
    (4.9179324484e+01 5.2337839287e-24)
    (5.1201199815e+01 5.1107885748e-24)
    (5.4099126670e+01 5.0237437246e-24)
    (5.6778858337e+01 4.9263670954e-24)
    (5.9117854096e+01 4.8165466621e-24)
    (6.2718461942e+01 4.7509785642e-24)
    (6.5410085846e+01 4.6534365441e-24)
    (6.9496742822e+01 4.5958068318e-24)
    (7.3180976752e+01 4.5225369010e-24)
    (7.7182577491e+01 4.4551026705e-24)
    (8.1420085225e+01 4.3900832684e-24)
    (8.6011788405e+01 4.3293379761e-24)
    (9.0867763137e+01 4.2686514232e-24)
    (9.6165388139e+01 4.2137164594e-24)
    (1.0177823578e+02 4.1593851281e-24)
    (1.0792309375e+02 4.1092320378e-24)
    (1.1458604701e+02 4.0612909488e-24)
    (1.2160542734e+02 4.0117051739e-24)
    (1.2939531717e+02 3.9672511072e-24)
    (1.3542361118e+02 3.9021360691e-24)
    (1.4388362195e+02 3.8514849434e-24)
    (1.5371740495e+02 3.8122684229e-24)
    (1.6736124994e+02 3.7964896252e-24)
    (1.7556818514e+02 3.7335747276e-24)
    (1.9180551086e+02 3.7156209828e-24)
    (2.0148427830e+02 3.6506466851e-24)
);
