// k[EI_N2_EXC_N2_A_P1] [m^3/s] vs reducedE [V m^2]; air_plasma [94c490be646f8872], T_gas = 300.000000 K
(
    (0 0.0000000000e+00)
    (1.0000000000e-22 0.0000000000e+00)
    (1.0452754953e-22 0.0000000000e+00)
    (1.0926008611e-22 0.0000000000e+00)
    (1.1420689063e-22 0.0000000000e+00)
    (1.1937766417e-22 0.0000000000e+00)
    (1.2478254705e-22 0.0000000000e+00)
    (1.3043213867e-22 0.0000000000e+00)
    (1.3633751836e-22 0.0000000000e+00)
    (1.4251026703e-22 0.0000000000e+00)
    (1.4896248996e-22 0.0000000000e+00)
    (1.5570684048e-22 0.0000000000e+00)
    (1.6275654480e-22 0.0000000000e+00)
    (1.7012542799e-22 0.0000000000e+00)
    (1.7782794100e-22 0.0000000000e+00)
    (1.8587918911e-22 0.0000000000e+00)
    (1.9429496147e-22 0.0000000000e+00)
    (2.0309176209e-22 0.0000000000e+00)
    (2.1228684221e-22 0.0000000000e+00)
    (2.2189823415e-22 0.0000000000e+00)
    (2.3194478661e-22 0.0000000000e+00)
    (2.4244620171e-22 0.0000000000e+00)
    (2.5342307358e-22 0.0000000000e+00)
    (2.6489692876e-22 0.0000000000e+00)
    (2.7689026842e-22 0.0000000000e+00)
    (2.8942661247e-22 0.0000000000e+00)
    (3.0253054571e-22 0.0000000000e+00)
    (3.1622776602e-22 0.0000000000e+00)
    (3.3054513476e-22 0.0000000000e+00)
    (3.4551072946e-22 0.0000000000e+00)
    (3.6115389887e-22 0.0000000000e+00)
    (3.7750532053e-22 0.0000000000e+00)
    (3.9459706091e-22 0.0000000000e+00)
    (4.1246263829e-22 0.0000000000e+00)
    (4.3113708854e-22 0.0000000000e+00)
    (4.5065703377e-22 0.0000000000e+00)
    (4.7106075420e-22 0.0000000000e+00)
    (4.9238826317e-22 0.0000000000e+00)
    (5.1468138568e-22 0.0000000000e+00)
    (5.3798384034e-22 0.0000000000e+00)
    (5.6234132519e-22 0.0000000000e+00)
    (5.8780160723e-22 0.0000000000e+00)
    (6.1441461614e-22 0.0000000000e+00)
    (6.4223254222e-22 0.0000000000e+00)
    (6.7130993868e-22 0.0000000000e+00)
    (7.0170382867e-22 0.0000000000e+00)
    (7.3347381708e-22 0.0000000000e+00)
    (7.6668220745e-22 0.0000000000e+00)
    (8.0139412415e-22 0.0000000000e+00)
    (8.3767764007e-22 0.0000000000e+00)
    (8.7560391014e-22 0.0000000000e+00)
    (9.1524731088e-22 0.0000000000e+00)
    (9.5668558622e-22 0.0000000000e+00)
    (1.0000000000e-21 0.0000000000e+00)
    (1.0452754953e-21 0.0000000000e+00)
    (1.0926008611e-21 0.0000000000e+00)
    (1.1420689063e-21 0.0000000000e+00)
    (1.1937766417e-21 0.0000000000e+00)
    (1.2478254705e-21 0.0000000000e+00)
    (1.3043213867e-21 0.0000000000e+00)
    (1.3633751836e-21 0.0000000000e+00)
    (1.4251026703e-21 0.0000000000e+00)
    (1.4896248996e-21 0.0000000000e+00)
    (1.5570684048e-21 0.0000000000e+00)
    (1.6275654480e-21 0.0000000000e+00)
    (1.7012542799e-21 0.0000000000e+00)
    (1.7782794100e-21 0.0000000000e+00)
    (1.8587918911e-21 0.0000000000e+00)
    (1.9429496147e-21 0.0000000000e+00)
    (2.0309176209e-21 0.0000000000e+00)
    (2.1228684221e-21 0.0000000000e+00)
    (2.2189823415e-21 0.0000000000e+00)
    (2.3194478661e-21 0.0000000000e+00)
    (2.4244620171e-21 0.0000000000e+00)
    (2.5342307358e-21 0.0000000000e+00)
    (2.6489692876e-21 0.0000000000e+00)
    (2.7689026842e-21 0.0000000000e+00)
    (2.8942661247e-21 0.0000000000e+00)
    (3.0253054571e-21 0.0000000000e+00)
    (3.1622776602e-21 0.0000000000e+00)
    (3.3054513476e-21 0.0000000000e+00)
    (3.4551072946e-21 0.0000000000e+00)
    (3.6115389887e-21 0.0000000000e+00)
    (3.7750532053e-21 0.0000000000e+00)
    (3.9459706091e-21 0.0000000000e+00)
    (4.1246263829e-21 0.0000000000e+00)
    (4.3113708854e-21 0.0000000000e+00)
    (4.5065703377e-21 0.0000000000e+00)
    (4.7106075420e-21 0.0000000000e+00)
    (4.9238826317e-21 0.0000000000e+00)
    (5.1468138568e-21 0.0000000000e+00)
    (5.3798384034e-21 0.0000000000e+00)
    (5.6234132519e-21 0.0000000000e+00)
    (5.8780160723e-21 0.0000000000e+00)
    (6.1441461614e-21 0.0000000000e+00)
    (6.4223254222e-21 0.0000000000e+00)
    (6.7130993868e-21 0.0000000000e+00)
    (7.0170382867e-21 0.0000000000e+00)
    (7.3347381708e-21 0.0000000000e+00)
    (7.6668220745e-21 0.0000000000e+00)
    (8.0139412415e-21 0.0000000000e+00)
    (8.3767764007e-21 0.0000000000e+00)
    (8.7560391014e-21 0.0000000000e+00)
    (9.1524731088e-21 0.0000000000e+00)
    (9.5668558622e-21 0.0000000000e+00)
    (1.0000000000e-20 0.0000000000e+00)
    (1.0452754953e-20 0.0000000000e+00)
    (1.0926008611e-20 0.0000000000e+00)
    (1.1420689063e-20 0.0000000000e+00)
    (1.1937766417e-20 0.0000000000e+00)
    (1.2478254705e-20 0.0000000000e+00)
    (1.3043213867e-20 0.0000000000e+00)
    (1.3633751836e-20 0.0000000000e+00)
    (1.4251026703e-20 0.0000000000e+00)
    (1.4896248996e-20 0.0000000000e+00)
    (1.5570684048e-20 0.0000000000e+00)
    (1.6275654480e-20 0.0000000000e+00)
    (1.7012542799e-20 0.0000000000e+00)
    (1.7782794100e-20 0.0000000000e+00)
    (1.8587918911e-20 0.0000000000e+00)
    (1.9429496147e-20 0.0000000000e+00)
    (2.0309176209e-20 0.0000000000e+00)
    (2.1228684221e-20 0.0000000000e+00)
    (2.2189823415e-20 0.0000000000e+00)
    (2.3194478661e-20 0.0000000000e+00)
    (2.4244620171e-20 0.0000000000e+00)
    (2.5342307358e-20 0.0000000000e+00)
    (2.6489692876e-20 0.0000000000e+00)
    (2.7689026842e-20 2.8332420054e-22)
    (2.8942661247e-20 7.3375303961e-22)
    (3.0253054571e-20 1.3224010371e-21)
    (3.1622776602e-20 2.3284395751e-21)
    (3.3054513476e-20 4.1920136991e-21)
    (3.4551072946e-20 7.0996883974e-21)
    (3.6115389887e-20 1.1781552207e-20)
    (3.7750532053e-20 1.9172387842e-20)
    (3.9459706091e-20 3.0748203498e-20)
    (4.1246263829e-20 4.8188796672e-20)
    (4.3113708854e-20 7.4231824710e-20)
    (4.5065703377e-20 1.1246494451e-19)
    (4.7106075420e-20 1.6767539405e-19)
    (4.9238826317e-20 2.4784121503e-19)
    (5.1468138568e-20 3.5794149617e-19)
    (5.3798384034e-20 5.0947765448e-19)
    (5.6234132519e-20 7.1495700631e-19)
    (5.8780160723e-20 9.9266747644e-19)
    (6.1441461614e-20 1.3546503828e-18)
    (6.4223254222e-20 1.8244849651e-18)
    (6.7130993868e-20 2.4258951723e-18)
    (7.0170382867e-20 3.1853038087e-18)
    (7.3347381708e-20 4.1410275498e-18)
    (7.6668220745e-20 5.3047646712e-18)
    (8.0139412415e-20 6.7174275789e-18)
    (8.3767764007e-20 8.4113258190e-18)
    (8.7560391014e-20 1.0418501821e-17)
    (9.1524731088e-20 1.2799579388e-17)
    (9.5668558622e-20 1.5526058564e-17)
    (1.0000000000e-19 1.8652523794e-17)
    (1.0452754953e-19 2.2202814502e-17)
    (1.0926008611e-19 2.6206844702e-17)
    (1.1420689063e-19 3.0662729572e-17)
    (1.1937766417e-19 3.5593290481e-17)
    (1.2478254705e-19 4.1008213277e-17)
    (1.3043213867e-19 4.6913573924e-17)
    (1.3633751836e-19 5.3341469573e-17)
    (1.4251026703e-19 6.0227020878e-17)
    (1.4896248996e-19 6.7600596369e-17)
    (1.5570684048e-19 7.5455136749e-17)
    (1.6275654480e-19 8.3780588079e-17)
    (1.7012542799e-19 9.2576305399e-17)
    (1.7782794100e-19 1.0179899266e-16)
    (1.8587918911e-19 1.1144583627e-16)
    (1.9429496147e-19 1.2149592254e-16)
    (2.0309176209e-19 1.3192587297e-16)
    (2.1228684221e-19 1.4270997829e-16)
    (2.2189823415e-19 1.5382035482e-16)
    (2.3194478661e-19 1.6522712800e-16)
    (2.4244620171e-19 1.7687667070e-16)
    (2.5342307358e-19 1.8878258077e-16)
    (2.6489692876e-19 2.0086916757e-16)
    (2.7689026842e-19 2.1313815331e-16)
    (2.8942661247e-19 2.2553636498e-16)
    (3.0253054571e-19 2.3802817337e-16)
    (3.1622776602e-19 2.5056199310e-16)
    (3.3054513476e-19 2.6313228835e-16)
    (3.4551072946e-19 2.7569152403e-16)
    (3.6115389887e-19 2.8830472912e-16)
    (3.7750532053e-19 3.0073444516e-16)
    (3.9459706091e-19 3.1305679537e-16)
    (4.1246263829e-19 3.2524236283e-16)
    (4.3113708854e-19 3.3726335723e-16)
    (4.5065703377e-19 3.4909369875e-16)
    (4.7106075420e-19 3.6059491581e-16)
    (4.9238826317e-19 3.7197629307e-16)
    (5.1468138568e-19 3.8309876212e-16)
    (5.3798384034e-19 3.9394363882e-16)
    (5.6234132519e-19 4.0441870561e-16)
    (5.8780160723e-19 4.1466106209e-16)
    (6.1441461614e-19 4.2457851594e-16)
    (6.4223254222e-19 4.5590593186e-16)
    (6.7130993868e-19 4.6550576080e-16)
    (7.0170382867e-19 4.7472182861e-16)
    (7.3347381708e-19 4.8347486282e-16)
    (7.6668220745e-19 4.9175538628e-16)
    (8.0139412415e-19 4.9949383156e-16)
    (8.3767764007e-19 5.0680989504e-16)
    (8.7560391014e-19 5.1350343392e-16)
    (9.1524731088e-19 5.1985707652e-16)
    (9.5668558622e-19 5.2572752260e-16)
    (1.0000000000e-18 5.3104640781e-16)
    (1.0452754953e-18 5.3596854358e-16)
    (1.0926008611e-18 5.4042863082e-16)
    (1.1420689063e-18 5.4438031241e-16)
    (1.1937766417e-18 5.4794904679e-16)
    (1.2478254705e-18 5.5109387404e-16)
    (1.3043213867e-18 5.5383025846e-16)
    (1.3633751836e-18 5.5601338555e-16)
    (1.4251026703e-18 5.5799494578e-16)
    (1.4896248996e-18 5.5962012760e-16)
    (1.5570684048e-18 5.6076308419e-16)
    (1.6275654480e-18 5.6174393740e-16)
    (1.7012542799e-18 5.6242672416e-16)
    (1.7782794100e-18 5.6283039277e-16)
    (1.8587918911e-18 5.6285928339e-16)
    (1.9429496147e-18 5.6277414416e-16)
    (2.0309176209e-18 5.6246808375e-16)
    (2.1228684221e-18 5.6187407724e-16)
    (2.2189823415e-18 5.6118826671e-16)
    (2.3194478661e-18 5.6033364038e-16)
    (2.4244620171e-18 5.5919487465e-16)
    (2.5342307358e-18 5.5806571018e-16)
    (2.6489692876e-18 5.5663117438e-16)
    (2.7689026842e-18 5.5400631134e-16)
    (2.8942661247e-18 5.5382774984e-16)
    (3.0253054571e-18 5.5210682567e-16)
    (3.1622776602e-18 5.4922632312e-16)
    (3.3054513476e-18 5.4875793505e-16)
    (3.4551072946e-18 5.4592696591e-16)
    (3.6115389887e-18 5.4493188896e-16)
    (3.7750532053e-18 5.4277689258e-16)
    (3.9459706091e-18 5.3941900450e-16)
    (4.1246263829e-18 5.3834391284e-16)
    (4.3113708854e-18 5.3522294483e-16)
    (4.5065703377e-18 5.3360676160e-16)
    (4.7106075420e-18 5.3085489485e-16)
    (4.9238826317e-18 5.2808603671e-16)
    (5.1468138568e-18 5.2493968020e-16)
    (5.3798384034e-18 5.2174415726e-16)
    (5.6234132519e-18 5.1811668748e-16)
    (5.8780160723e-18 5.1437195517e-16)
    (6.1441461614e-18 5.1014267153e-16)
    (6.4223254222e-18 5.0571024746e-16)
    (6.7130993868e-18 5.0085351719e-16)
    (7.0170382867e-18 4.9543000480e-16)
    (7.3347381708e-18 4.8966639186e-16)
    (7.6668220745e-18 4.8271082823e-16)
    (8.0139412415e-18 4.7570923686e-16)
    (8.3767764007e-18 4.6849575076e-16)
    (8.7560391014e-18 4.6097155359e-16)
    (9.1524731088e-18 4.5182961667e-16)
    (9.5668558622e-18 4.4293752947e-16)
    (1.0000000000e-17 4.3262514494e-16)
);
