// k[EI_O2_ATT] [m^6/s] vs reducedE [V m^2]; air_plasma [94c490be646f8872], T_gas = 300.000000 K
(
    (0 3.0135689146e-42)
    (1.0000000000e-22 3.0135689146e-42)
    (1.0452754953e-22 2.9898058382e-42)
    (1.0926008611e-22 2.9680957661e-42)
    (1.1420689063e-22 2.9486747036e-42)
    (1.1937766417e-22 2.9316282512e-42)
    (1.2478254705e-22 2.9169453245e-42)
    (1.3043213867e-22 2.9045514384e-42)
    (1.3633751836e-22 2.8943294552e-42)
    (1.4251026703e-22 2.8861327487e-42)
    (1.4896248996e-22 2.8797938166e-42)
    (1.5570684048e-22 2.8767243176e-42)
    (1.6275654480e-22 2.8719486231e-42)
    (1.7012542799e-22 2.8700485996e-42)
    (1.7782794100e-22 2.8692249162e-42)
    (1.8587918911e-22 2.8692701990e-42)
    (1.9429496147e-22 2.8699770979e-42)
    (2.0309176209e-22 2.8711403486e-42)
    (2.1228684221e-22 2.8722754164e-42)
    (2.2189823415e-22 2.8737537361e-42)
    (2.3194478661e-22 2.8751038742e-42)
    (2.4244620171e-22 2.8763542304e-42)
    (2.5342307358e-22 2.8768857779e-42)
    (2.6489692876e-22 2.8767877045e-42)
    (2.7689026842e-22 2.8759159142e-42)
    (2.8942661247e-22 2.8741399034e-42)
    (3.0253054571e-22 2.8713434285e-42)
    (3.1622776602e-22 2.8674249691e-42)
    (3.3054513476e-22 2.8622979865e-42)
    (3.4551072946e-22 2.8558909704e-42)
    (3.6115389887e-22 2.8481472821e-42)
    (3.7750532053e-22 2.8390247935e-42)
    (3.9459706091e-22 2.8284953313e-42)
    (4.1246263829e-22 2.8165439397e-42)
    (4.3113708854e-22 2.8031679754e-42)
    (4.5065703377e-22 2.7883760575e-42)
    (4.7106075420e-22 2.7721868950e-42)
    (4.9238826317e-22 2.7546280218e-42)
    (5.1468138568e-22 2.7357344683e-42)
    (5.3798384034e-22 2.7155474031e-42)
    (5.6234132519e-22 2.6941127769e-42)
    (5.8780160723e-22 2.6714799985e-42)
    (6.1441461614e-22 2.6477006745e-42)
    (6.4223254222e-22 2.6228274346e-42)
    (6.7130993868e-22 2.5969128662e-42)
    (7.0170382867e-22 2.5700085721e-42)
    (7.3347381708e-22 2.5420330207e-42)
    (7.6668220745e-22 2.5132315474e-42)
    (8.0139412415e-22 2.4836449011e-42)
    (8.3767764007e-22 2.4532463131e-42)
    (8.7560391014e-22 2.4220702499e-42)
    (9.1524731088e-22 2.3897497397e-42)
    (9.5668558622e-22 2.3571289773e-42)
    (1.0000000000e-21 2.3238018362e-42)
    (1.0452754953e-21 2.2897810889e-42)
    (1.0926008611e-21 2.2550736873e-42)
    (1.1420689063e-21 2.2195518252e-42)
    (1.1937766417e-21 2.1834678752e-42)
    (1.2478254705e-21 2.1466852876e-42)
    (1.3043213867e-21 2.1091902026e-42)
    (1.3633751836e-21 2.0709654561e-42)
    (1.4251026703e-21 2.0319919963e-42)
    (1.4896248996e-21 1.9922506865e-42)
    (1.5570684048e-21 1.9517244998e-42)
    (1.6275654480e-21 1.9104010699e-42)
    (1.7012542799e-21 1.8682755249e-42)
    (1.7782794100e-21 1.8253326990e-42)
    (1.8587918911e-21 1.7816344293e-42)
    (1.9429496147e-21 1.7371953704e-42)
    (2.0309176209e-21 1.6920700071e-42)
    (2.1228684221e-21 1.6463334478e-42)
    (2.2189823415e-21 1.6000823431e-42)
    (2.3194478661e-21 1.5534347746e-42)
    (2.4244620171e-21 1.5065290210e-42)
    (2.5342307358e-21 1.4595211900e-42)
    (2.6489692876e-21 1.4125818040e-42)
    (2.7689026842e-21 1.3658915239e-42)
    (2.8942661247e-21 1.3196362729e-42)
    (3.0253054571e-21 1.2740020678e-42)
    (3.1622776602e-21 1.2291698898e-42)
    (3.3054513476e-21 1.1853109017e-42)
    (3.4551072946e-21 1.1425822772e-42)
    (3.6115389887e-21 1.1011238333e-42)
    (3.7750532053e-21 1.0610555827e-42)
    (3.9459706091e-21 1.0224762362e-42)
    (4.1246263829e-21 9.8546261899e-43)
    (4.3113708854e-21 9.5006990570e-43)
    (4.5065703377e-21 9.1633254173e-43)
    (4.7106075420e-21 8.8426569987e-43)
    (4.9238826317e-21 8.5387329374e-43)
    (5.1468138568e-21 8.2513554413e-43)
    (5.3798384034e-21 7.9801971279e-43)
    (5.6234132519e-21 7.7248481493e-43)
    (5.8780160723e-21 7.4848111832e-43)
    (6.1441461614e-21 7.2595211553e-43)
    (6.4223254222e-21 7.0483631579e-43)
    (6.7130993868e-21 6.8506883217e-43)
    (7.0170382867e-21 6.6658276272e-43)
    (7.3347381708e-21 6.4931035894e-43)
    (7.6668220745e-21 6.3318399724e-43)
    (8.0139412415e-21 6.1813696527e-43)
    (8.3767764007e-21 6.0410408037e-43)
    (8.7560391014e-21 5.9102215857e-43)
    (9.1524731088e-21 5.7883035279e-43)
    (9.5668558622e-21 5.6747037856e-43)
    (1.0000000000e-20 5.5688664456e-43)
    (1.0452754953e-20 5.4702630442e-43)
    (1.0926008611e-20 5.3783924483e-43)
    (1.1420689063e-20 5.2927802188e-43)
    (1.1937766417e-20 5.2127975745e-43)
    (1.2478254705e-20 5.1384882904e-43)
    (1.3043213867e-20 5.0691851946e-43)
    (1.3633751836e-20 5.0045163885e-43)
    (1.4251026703e-20 4.9441313711e-43)
    (1.4896248996e-20 4.8876996090e-43)
    (1.5570684048e-20 4.8349091338e-43)
    (1.6275654480e-20 4.7854651904e-43)
    (1.7012542799e-20 4.7390889494e-43)
    (1.7782794100e-20 4.6955162727e-43)
    (1.8587918911e-20 4.6544965789e-43)
    (1.9429496147e-20 4.6159123718e-43)
    (2.0309176209e-20 4.5792863484e-43)
    (2.1228684221e-20 4.5445334130e-43)
    (2.2189823415e-20 4.5108457610e-43)
    (2.3194478661e-20 4.4792125205e-43)
    (2.4244620171e-20 4.4488146054e-43)
    (2.5342307358e-20 4.4194496220e-43)
    (2.6489692876e-20 4.3909120976e-43)
    (2.7689026842e-20 4.3638597355e-43)
    (2.8942661247e-20 4.3354872669e-43)
    (3.0253054571e-20 4.3081953789e-43)
    (3.1622776602e-20 4.2808479598e-43)
    (3.3054513476e-20 4.2537300407e-43)
    (3.4551072946e-20 4.2253348512e-43)
    (3.6115389887e-20 4.1960078907e-43)
    (3.7750532053e-20 4.1653905369e-43)
    (3.9459706091e-20 4.1329168356e-43)
    (4.1246263829e-20 4.0984042197e-43)
    (4.3113708854e-20 4.0612969348e-43)
    (4.5065703377e-20 4.0210874320e-43)
    (4.7106075420e-20 3.9772421824e-43)
    (4.9238826317e-20 3.9286457995e-43)
    (5.1468138568e-20 3.8757807967e-43)
    (5.3798384034e-20 3.8176612324e-43)
    (5.6234132519e-20 3.7538110809e-43)
    (5.8780160723e-20 3.6816995053e-43)
    (6.1441461614e-20 3.6052474313e-43)
    (6.4223254222e-20 3.5221986911e-43)
    (6.7130993868e-20 3.4325267276e-43)
    (7.0170382867e-20 3.3363734575e-43)
    (7.3347381708e-20 3.2343337724e-43)
    (7.6668220745e-20 3.1262703677e-43)
    (8.0139412415e-20 3.0132483482e-43)
    (8.3767764007e-20 2.8960815500e-43)
    (8.7560391014e-20 2.7757021276e-43)
    (9.1524731088e-20 2.6502185561e-43)
    (9.5668558622e-20 2.5266414766e-43)
    (1.0000000000e-19 2.4029858958e-43)
    (1.0452754953e-19 2.2802648778e-43)
    (1.0926008611e-19 2.1586839706e-43)
    (1.1420689063e-19 2.0405625737e-43)
    (1.1937766417e-19 1.9258921614e-43)
    (1.2478254705e-19 1.8152708902e-43)
    (1.3043213867e-19 1.7091673796e-43)
    (1.3633751836e-19 1.6056822843e-43)
    (1.4251026703e-19 1.5098572616e-43)
    (1.4896248996e-19 1.4191969468e-43)
    (1.5570684048e-19 1.3337294182e-43)
    (1.6275654480e-19 1.2534054193e-43)
    (1.7012542799e-19 1.1772419878e-43)
    (1.7782794100e-19 1.1069304860e-43)
    (1.8587918911e-19 1.0412762112e-43)
    (1.9429496147e-19 9.8005559574e-44)
    (2.0309176209e-19 9.2302827432e-44)
    (2.1228684221e-19 8.6994485014e-44)
    (2.2189823415e-19 8.2055320197e-44)
    (2.3194478661e-19 7.7460348193e-44)
    (2.4244620171e-19 7.3204691891e-44)
    (2.5342307358e-19 6.9224833289e-44)
    (2.6489692876e-19 6.5486691688e-44)
    (2.7689026842e-19 6.2036005730e-44)
    (2.8942661247e-19 5.8818101125e-44)
    (3.0253054571e-19 5.5814468667e-44)
    (3.1622776602e-19 5.2955140869e-44)
    (3.3054513476e-19 5.0334161909e-44)
    (3.4551072946e-19 4.7879519196e-44)
    (3.6115389887e-19 4.5441739500e-44)
    (3.7750532053e-19 4.3294289879e-44)
    (3.9459706091e-19 4.1274723554e-44)
    (4.1246263829e-19 3.9372995182e-44)
    (4.3113708854e-19 3.7579939765e-44)
    (4.5065703377e-19 3.5887203528e-44)
    (4.7106075420e-19 3.4325457338e-44)
    (4.9238826317e-19 3.2807204053e-44)
    (5.1468138568e-19 3.1368846532e-44)
    (5.3798384034e-19 3.0004550101e-44)
    (5.6234132519e-19 2.8711074466e-44)
    (5.8780160723e-19 2.7479138678e-44)
    (6.1441461614e-19 2.6306844171e-44)
    (6.4223254222e-19 2.2419019141e-44)
    (6.7130993868e-19 2.1320536042e-44)
    (7.0170382867e-19 2.0277136404e-44)
    (7.3347381708e-19 1.9284198407e-44)
    (7.6668220745e-19 1.8338884953e-44)
    (8.0139412415e-19 1.7400423916e-44)
    (8.3767764007e-19 1.6548080671e-44)
    (8.7560391014e-19 1.5785267115e-44)
    (9.1524731088e-19 1.5004776325e-44)
    (9.5668558622e-19 1.4260935850e-44)
    (1.0000000000e-18 1.3519078207e-44)
    (1.0452754953e-18 1.2847021988e-44)
    (1.0926008611e-18 1.2205964748e-44)
    (1.1420689063e-18 1.1570249278e-44)
    (1.1937766417e-18 1.0989731392e-44)
    (1.2478254705e-18 1.0435680219e-44)
    (1.3043213867e-18 9.9068301473e-45)
    (1.3633751836e-18 9.4342482678e-45)
    (1.4251026703e-18 8.9483202374e-45)
    (1.4896248996e-18 8.4849305916e-45)
    (1.5570684048e-18 8.0451035544e-45)
    (1.6275654480e-18 7.6235039159e-45)
    (1.7012542799e-18 7.2215569721e-45)
    (1.7782794100e-18 6.8381981174e-45)
    (1.8587918911e-18 6.4573590842e-45)
    (1.9429496147e-18 6.1114670840e-45)
    (2.0309176209e-18 5.7815267542e-45)
    (2.1228684221e-18 5.4513120183e-45)
    (2.2189823415e-18 5.1545109443e-45)
    (2.3194478661e-18 4.8713494941e-45)
    (2.4244620171e-18 4.6077773687e-45)
    (2.5342307358e-18 4.3502794159e-45)
    (2.6489692876e-18 4.1230169681e-45)
    (2.7689026842e-18 3.8460047069e-45)
    (2.8942661247e-18 3.6626194237e-45)
    (3.0253054571e-18 3.4500289757e-45)
    (3.1622776602e-18 3.2181076331e-45)
    (3.3054513476e-18 3.0549113029e-45)
    (3.4551072946e-18 2.8538244255e-45)
    (3.6115389887e-18 2.6945063126e-45)
    (3.7750532053e-18 2.5287628071e-45)
    (3.9459706091e-18 2.3694940260e-45)
    (4.1246263829e-18 2.2251142378e-45)
    (4.3113708854e-18 2.0878185730e-45)
    (4.5065703377e-18 1.9562290238e-45)
    (4.7106075420e-18 1.8332724109e-45)
    (4.9238826317e-18 1.7159011739e-45)
    (5.1468138568e-18 1.6043156689e-45)
    (5.3798384034e-18 1.4993683193e-45)
    (5.6234132519e-18 1.4008045211e-45)
    (5.8780160723e-18 1.3069795665e-45)
    (6.1441461614e-18 1.2182428205e-45)
    (6.4223254222e-18 1.1346325528e-45)
    (6.7130993868e-18 1.0557058094e-45)
    (7.0170382867e-18 9.8183330005e-46)
    (7.3347381708e-18 9.1170187893e-46)
    (7.6668220745e-18 8.4777307847e-46)
    (8.0139412415e-18 7.8576654799e-46)
    (8.3767764007e-18 7.2738073555e-46)
    (8.7560391014e-18 6.7004747645e-46)
    (9.1524731088e-18 6.1770514162e-46)
    (9.5668558622e-18 5.7047073982e-46)
    (1.0000000000e-17 5.2284425562e-46)
);
