// k[EI_N2_EXC_N2_V7] [m^3/s] vs mean energy [eV]; air_plasma [94c490be646f8872], T_gas = 300.000000 K
(
    (0 0.0000000000e+00)
    (1.3716736877e-01 0.0000000000e+00)
    (1.4076967004e-01 0.0000000000e+00)
    (1.4397591983e-01 0.0000000000e+00)
    (1.4684102077e-01 0.0000000000e+00)
    (1.4941193350e-01 0.0000000000e+00)
    (1.5172852860e-01 0.0000000000e+00)
    (1.5382471337e-01 0.0000000000e+00)
    (1.5572953486e-01 0.0000000000e+00)
    (1.5746814299e-01 0.0000000000e+00)
    (1.5906258451e-01 0.0000000000e+00)
    (1.6040177321e-01 0.0000000000e+00)
    (1.6189529828e-01 0.0000000000e+00)
    (1.6316717670e-01 0.0000000000e+00)
    (1.6436277106e-01 0.0000000000e+00)
    (1.6549569504e-01 0.0000000000e+00)
    (1.6657864137e-01 0.0000000000e+00)
    (1.6762350584e-01 0.0000000000e+00)
    (1.6865351356e-01 0.0000000000e+00)
    (1.6965530759e-01 0.0000000000e+00)
    (1.7065088677e-01 0.0000000000e+00)
    (1.7163694874e-01 0.0000000000e+00)
    (1.7264754568e-01 0.0000000000e+00)
    (1.7367870384e-01 0.0000000000e+00)
    (1.7473842382e-01 0.0000000000e+00)
    (1.7583425455e-01 0.0000000000e+00)
    (1.7697330632e-01 0.0000000000e+00)
    (1.7816226381e-01 0.0000000000e+00)
    (1.7940739973e-01 0.0000000000e+00)
    (1.8071459251e-01 0.0000000000e+00)
    (1.8208934620e-01 0.0000000000e+00)
    (1.8353681581e-01 0.0000000000e+00)
    (1.8506183817e-01 0.0000000000e+00)
    (1.8666896889e-01 0.0000000000e+00)
    (1.8836252602e-01 0.0000000000e+00)
    (1.9014664040e-01 0.0000000000e+00)
    (1.9202531289e-01 0.0000000000e+00)
    (1.9400247796e-01 0.0000000000e+00)
    (1.9608207355e-01 0.0000000000e+00)
    (1.9826811637e-01 0.0000000000e+00)
    (2.0056478234e-01 0.0000000000e+00)
    (2.0297649148e-01 0.0000000000e+00)
    (2.0550799658e-01 0.0000000000e+00)
    (2.0816447512e-01 0.0000000000e+00)
    (2.1095162348e-01 0.0000000000e+00)
    (2.1387575250e-01 0.0000000000e+00)
    (2.1694252519e-01 0.0000000000e+00)
    (2.2014784268e-01 0.0000000000e+00)
    (2.2353442384e-01 0.0000000000e+00)
    (2.2709473824e-01 0.0000000000e+00)
    (2.3084124291e-01 0.0000000000e+00)
    (2.3479830546e-01 0.0000000000e+00)
    (2.3896127860e-01 0.0000000000e+00)
    (2.4336008158e-01 0.0000000000e+00)
    (2.4801609114e-01 0.0000000000e+00)
    (2.5295357748e-01 0.0000000000e+00)
    (2.5819912151e-01 0.0000000000e+00)
    (2.6378573470e-01 0.0000000000e+00)
    (2.6974624072e-01 0.0000000000e+00)
    (2.7611826438e-01 0.0000000000e+00)
    (2.8294267020e-01 0.0000000000e+00)
    (2.9026318406e-01 0.0000000000e+00)
    (2.9812578117e-01 0.0000000000e+00)
    (3.0657780390e-01 0.0000000000e+00)
    (3.1566679772e-01 0.0000000000e+00)
    (3.2543906532e-01 0.0000000000e+00)
    (3.3590884834e-01 0.0000000000e+00)
    (3.4717220621e-01 0.0000000000e+00)
    (3.5923181777e-01 0.0000000000e+00)
    (3.7211011301e-01 0.0000000000e+00)
    (3.8581857835e-01 0.0000000000e+00)
    (4.0035607801e-01 0.0000000000e+00)
    (4.1570758173e-01 0.0000000000e+00)
    (4.3184341715e-01 0.0000000000e+00)
    (4.4871913847e-01 0.0000000000e+00)
    (4.6627605897e-01 0.0000000000e+00)
    (4.8444243519e-01 0.0000000000e+00)
    (5.0313523891e-01 0.0000000000e+00)
    (5.2226241062e-01 0.0000000000e+00)
    (5.4172544282e-01 0.0000000000e+00)
    (5.6142213216e-01 0.0000000000e+00)
    (5.8124933256e-01 0.0000000000e+00)
    (6.0110555710e-01 0.0000000000e+00)
    (6.2089330726e-01 0.0000000000e+00)
    (6.4052103707e-01 0.0000000000e+00)
    (6.5990470387e-01 0.0000000000e+00)
    (6.7896888897e-01 0.0000000000e+00)
    (6.9764750311e-01 0.0000000000e+00)
    (7.1588411412e-01 0.0000000000e+00)
    (7.3358636508e-01 0.0000000000e+00)
    (7.5079956951e-01 0.0000000000e+00)
    (7.6745533679e-01 0.0000000000e+00)
    (7.8353256295e-01 5.8491477297e-29)
    (7.9901751861e-01 3.9825568766e-27)
    (8.1390305888e-01 1.7174460390e-26)
    (8.2818781969e-01 4.1653740815e-26)
    (8.4187543085e-01 8.7051330691e-26)
    (8.5497376287e-01 1.7037518603e-25)
    (8.6749422815e-01 3.2053027297e-25)
    (8.7945114297e-01 5.8540520002e-25)
    (8.9086115759e-01 1.0421924653e-24)
    (9.0174275648e-01 1.8120459776e-24)
    (9.1211582875e-01 3.0802715025e-24)
    (9.2200130648e-01 5.1233163323e-24)
    (9.3142086729e-01 8.3437981643e-24)
    (9.4039669615e-01 1.3314661496e-23)
    (9.4895130096e-01 2.0833251445e-23)
    (9.5710737510e-01 3.1985676720e-23)
    (9.6488770191e-01 4.8220994092e-23)
    (9.7229590192e-01 1.8628181167e-21)
    (9.7938516542e-01 3.1410842715e-21)
    (9.8616492913e-01 5.2013094330e-21)
    (9.9265725317e-01 8.4639549643e-21)
    (9.9888404860e-01 1.3543113940e-20)
    (1.0048670852e+00 2.1319604690e-20)
    (1.0106280054e+00 3.3034699057e-20)
    (1.0161883420e+00 5.0407702268e-20)
    (1.0215695391e+00 7.5780284527e-20)
    (1.0267929757e+00 1.1228930648e-19)
    (1.0318799893e+00 1.6407009205e-19)
    (1.0368231641e+00 2.4092176419e-19)
    (1.0417033534e+00 3.4423241414e-19)
    (1.0465120896e+00 4.8586713897e-19)
    (1.0510868798e+00 6.9428995633e-19)
    (1.0558591901e+00 9.5580799486e-19)
    (1.0606532011e+00 1.3017984225e-18)
    (1.0655074194e+00 1.7546919296e-18)
    (1.0704684867e+00 2.3414126350e-18)
    (1.0751997672e+00 3.1492339144e-18)
    (1.0804337616e+00 4.1486374708e-18)
    (1.0860944535e+00 5.3614120429e-18)
    (1.0921800381e+00 6.8685455435e-18)
    (1.0986620877e+00 8.7977977447e-18)
    (1.1060807526e+00 1.1072144048e-17)
    (1.1144567561e+00 1.3822147022e-17)
    (1.1240549775e+00 1.7118367572e-17)
    (1.1350476809e+00 2.1109264124e-17)
    (1.1481500995e+00 2.5725155727e-17)
    (1.1636258812e+00 3.1112849719e-17)
    (1.1819885899e+00 3.7345583088e-17)
    (1.2038177966e+00 4.4490714371e-17)
    (1.2301634388e+00 5.2950217804e-17)
    (1.2609969543e+00 6.2096684465e-17)
    (1.2973623006e+00 7.2281293810e-17)
    (1.3400043215e+00 8.3507814822e-17)
    (1.3902463429e+00 9.5929518018e-17)
    (1.4476740785e+00 1.0914037129e-16)
    (1.5134371384e+00 1.2323542567e-16)
    (1.5880617826e+00 1.3810050939e-16)
    (1.6719409929e+00 1.5359095015e-16)
    (1.7660607105e+00 1.6977267777e-16)
    (1.8689224005e+00 1.8594346949e-16)
    (1.9811674964e+00 2.0216245984e-16)
    (2.1024762198e+00 2.1821276050e-16)
    (2.2323544675e+00 2.3387815010e-16)
    (2.3723894726e+00 2.4927782351e-16)
    (2.5173051541e+00 2.6353547430e-16)
    (2.6685098823e+00 2.7684407430e-16)
    (2.8251127843e+00 2.8906547320e-16)
    (2.9864403845e+00 3.0015608380e-16)
    (3.1511716903e+00 3.0990817890e-16)
    (3.3187345263e+00 3.1834695936e-16)
    (3.4884072284e+00 3.2545750435e-16)
    (3.6595680228e+00 3.3125090821e-16)
    (3.8329812660e+00 3.3613655683e-16)
    (4.0054036492e+00 3.3936855670e-16)
    (4.1781426573e+00 3.4143864867e-16)
    (4.3510158689e+00 3.4242141034e-16)
    (4.5239369983e+00 3.4239781200e-16)
    (4.6971621121e+00 3.4139319634e-16)
    (4.8701409953e+00 3.3960886717e-16)
    (5.0433978978e+00 3.3707320109e-16)
    (5.2171246267e+00 3.3386716975e-16)
    (5.3915564382e+00 3.3006797549e-16)
    (5.5669629670e+00 3.2574829309e-16)
    (5.7436400435e+00 3.2097581258e-16)
    (5.9219025871e+00 3.1581302291e-16)
    (6.1010979376e+00 3.1031405176e-16)
    (6.2835570479e+00 3.0453902870e-16)
    (6.4679920423e+00 2.9853843165e-16)
    (6.6560078497e+00 2.9233213321e-16)
    (6.8473428104e+00 2.8597356009e-16)
    (7.0423340172e+00 2.7949691882e-16)
    (7.2409465159e+00 2.7310479647e-16)
    (7.4442081970e+00 2.6646860097e-16)
    (7.6521663603e+00 2.5979703420e-16)
    (7.8676105910e+00 2.5285216240e-16)
    (8.0858487204e+00 2.4617866952e-16)
    (8.3098278044e+00 2.3952837505e-16)
    (8.5398932950e+00 2.3291592698e-16)
    (8.7763949131e+00 2.2635424268e-16)
    (9.0196879697e+00 2.1985468193e-16)
    (9.2670974766e+00 2.1359072776e-16)
    (9.5251096885e+00 2.0723209124e-16)
    (9.7910839770e+00 2.0096251512e-16)
    (1.0065371630e+01 1.9478837855e-16)
    (1.0346344593e+01 1.8867640774e-16)
    (1.0638438926e+01 1.8270935233e-16)
    (1.0940187398e+01 1.7685212256e-16)
    (1.1925355136e+01 1.5669022261e-16)
    (1.2308824412e+01 1.5054021312e-16)
    (1.2709276652e+01 1.4462713412e-16)
    (1.3126439691e+01 1.3886135732e-16)
    (1.3561263285e+01 1.3324504997e-16)
    (1.4012493747e+01 1.2788026033e-16)
    (1.4484291915e+01 1.2256257078e-16)
    (1.4973992379e+01 1.1741105440e-16)
    (1.5487666223e+01 1.1239854770e-16)
    (1.6023909695e+01 1.0754072607e-16)
    (1.6583468512e+01 1.0270646683e-16)
    (1.7168941463e+01 9.8169847556e-17)
    (1.7781023451e+01 9.3782529988e-17)
    (1.8422151615e+01 8.9690916273e-17)
    (1.9092649339e+01 8.5575668821e-17)
    (1.9794733945e+01 8.1606417451e-17)
    (2.0530664058e+01 7.7779979284e-17)
    (2.1299508263e+01 7.3974946156e-17)
    (2.2109288431e+01 7.0441619045e-17)
    (2.2959485968e+01 6.7040558809e-17)
    (2.3850104879e+01 6.3786117645e-17)
    (2.4788921536e+01 6.0638596247e-17)
    (2.5776295005e+01 5.7614989268e-17)
    (2.6817698048e+01 5.4710651289e-17)
    (2.7909067436e+01 5.1987542398e-17)
    (2.9061538888e+01 4.9306965832e-17)
    (3.0279874265e+01 4.6737403360e-17)
    (3.1556757395e+01 4.4232637046e-17)
    (3.2908931845e+01 4.1886400243e-17)
    (3.4342348823e+01 3.9640212922e-17)
    (3.5842127009e+01 3.7464284042e-17)
    (3.7437719791e+01 3.5419383972e-17)
    (3.9117090489e+01 3.3474690124e-17)
    (4.0644106575e+01 3.1546286296e-17)
    (4.2796040127e+01 2.9829714223e-17)
    (4.4789131155e+01 2.8152219427e-17)
    (4.6589221150e+01 2.6462668983e-17)
    (4.9179324484e+01 2.4987750421e-17)
    (5.1201199815e+01 2.3477127696e-17)
    (5.4099126670e+01 2.2113192275e-17)
    (5.6778858337e+01 2.0782581216e-17)
    (5.9117854096e+01 1.9531921949e-17)
    (6.2718461942e+01 1.8304472445e-17)
    (6.5410085846e+01 1.7210244105e-17)
    (6.9496742822e+01 1.6101802283e-17)
    (7.3180976752e+01 1.5093157708e-17)
    (7.7182577491e+01 1.4129377334e-17)
    (8.1420085225e+01 1.3215321305e-17)
    (8.6011788405e+01 1.2352010329e-17)
    (9.0867763137e+01 1.1545242830e-17)
    (9.6165388139e+01 1.0772217058e-17)
    (1.0177823578e+02 1.0042503131e-17)
    (1.0792309375e+02 9.3532929663e-18)
    (1.1458604701e+02 8.7026855751e-18)
    (1.2160542734e+02 8.0938850495e-18)
    (1.2939531717e+02 7.5157465194e-18)
    (1.3542361118e+02 6.9887401913e-18)
    (1.4388362195e+02 6.4775803743e-18)
    (1.5371740495e+02 5.9962684709e-18)
    (1.6736124994e+02 5.5236334435e-18)
    (1.7556818514e+02 5.0921418234e-18)
    (1.9180551086e+02 4.7027581892e-18)
    (2.0148427830e+02 4.3101423669e-18)
);
