// k[EI_O2_ATT_O_O] [m^3/s] vs reducedE [V m^2]; air_plasma [94c490be646f8872], T_gas = 300.000000 K
(
    (0 0.0000000000e+00)
    (1.0000000000e-22 0.0000000000e+00)
    (1.0452754953e-22 0.0000000000e+00)
    (1.0926008611e-22 0.0000000000e+00)
    (1.1420689063e-22 0.0000000000e+00)
    (1.1937766417e-22 0.0000000000e+00)
    (1.2478254705e-22 0.0000000000e+00)
    (1.3043213867e-22 0.0000000000e+00)
    (1.3633751836e-22 0.0000000000e+00)
    (1.4251026703e-22 0.0000000000e+00)
    (1.4896248996e-22 0.0000000000e+00)
    (1.5570684048e-22 0.0000000000e+00)
    (1.6275654480e-22 0.0000000000e+00)
    (1.7012542799e-22 0.0000000000e+00)
    (1.7782794100e-22 0.0000000000e+00)
    (1.8587918911e-22 0.0000000000e+00)
    (1.9429496147e-22 0.0000000000e+00)
    (2.0309176209e-22 0.0000000000e+00)
    (2.1228684221e-22 0.0000000000e+00)
    (2.2189823415e-22 0.0000000000e+00)
    (2.3194478661e-22 0.0000000000e+00)
    (2.4244620171e-22 0.0000000000e+00)
    (2.5342307358e-22 0.0000000000e+00)
    (2.6489692876e-22 0.0000000000e+00)
    (2.7689026842e-22 0.0000000000e+00)
    (2.8942661247e-22 0.0000000000e+00)
    (3.0253054571e-22 0.0000000000e+00)
    (3.1622776602e-22 0.0000000000e+00)
    (3.3054513476e-22 0.0000000000e+00)
    (3.4551072946e-22 0.0000000000e+00)
    (3.6115389887e-22 0.0000000000e+00)
    (3.7750532053e-22 0.0000000000e+00)
    (3.9459706091e-22 0.0000000000e+00)
    (4.1246263829e-22 0.0000000000e+00)
    (4.3113708854e-22 0.0000000000e+00)
    (4.5065703377e-22 0.0000000000e+00)
    (4.7106075420e-22 0.0000000000e+00)
    (4.9238826317e-22 0.0000000000e+00)
    (5.1468138568e-22 0.0000000000e+00)
    (5.3798384034e-22 0.0000000000e+00)
    (5.6234132519e-22 0.0000000000e+00)
    (5.8780160723e-22 0.0000000000e+00)
    (6.1441461614e-22 0.0000000000e+00)
    (6.4223254222e-22 0.0000000000e+00)
    (6.7130993868e-22 0.0000000000e+00)
    (7.0170382867e-22 0.0000000000e+00)
    (7.3347381708e-22 0.0000000000e+00)
    (7.6668220745e-22 0.0000000000e+00)
    (8.0139412415e-22 0.0000000000e+00)
    (8.3767764007e-22 0.0000000000e+00)
    (8.7560391014e-22 0.0000000000e+00)
    (9.1524731088e-22 0.0000000000e+00)
    (9.5668558622e-22 0.0000000000e+00)
    (1.0000000000e-21 0.0000000000e+00)
    (1.0452754953e-21 0.0000000000e+00)
    (1.0926008611e-21 0.0000000000e+00)
    (1.1420689063e-21 0.0000000000e+00)
    (1.1937766417e-21 0.0000000000e+00)
    (1.2478254705e-21 0.0000000000e+00)
    (1.3043213867e-21 0.0000000000e+00)
    (1.3633751836e-21 0.0000000000e+00)
    (1.4251026703e-21 0.0000000000e+00)
    (1.4896248996e-21 0.0000000000e+00)
    (1.5570684048e-21 0.0000000000e+00)
    (1.6275654480e-21 0.0000000000e+00)
    (1.7012542799e-21 0.0000000000e+00)
    (1.7782794100e-21 0.0000000000e+00)
    (1.8587918911e-21 0.0000000000e+00)
    (1.9429496147e-21 0.0000000000e+00)
    (2.0309176209e-21 0.0000000000e+00)
    (2.1228684221e-21 0.0000000000e+00)
    (2.2189823415e-21 0.0000000000e+00)
    (2.3194478661e-21 0.0000000000e+00)
    (2.4244620171e-21 0.0000000000e+00)
    (2.5342307358e-21 0.0000000000e+00)
    (2.6489692876e-21 0.0000000000e+00)
    (2.7689026842e-21 0.0000000000e+00)
    (2.8942661247e-21 0.0000000000e+00)
    (3.0253054571e-21 0.0000000000e+00)
    (3.1622776602e-21 0.0000000000e+00)
    (3.3054513476e-21 0.0000000000e+00)
    (3.4551072946e-21 0.0000000000e+00)
    (3.6115389887e-21 0.0000000000e+00)
    (3.7750532053e-21 0.0000000000e+00)
    (3.9459706091e-21 0.0000000000e+00)
    (4.1246263829e-21 0.0000000000e+00)
    (4.3113708854e-21 0.0000000000e+00)
    (4.5065703377e-21 0.0000000000e+00)
    (4.7106075420e-21 0.0000000000e+00)
    (4.9238826317e-21 0.0000000000e+00)
    (5.1468138568e-21 0.0000000000e+00)
    (5.3798384034e-21 0.0000000000e+00)
    (5.6234132519e-21 0.0000000000e+00)
    (5.8780160723e-21 0.0000000000e+00)
    (6.1441461614e-21 0.0000000000e+00)
    (6.4223254222e-21 0.0000000000e+00)
    (6.7130993868e-21 0.0000000000e+00)
    (7.0170382867e-21 0.0000000000e+00)
    (7.3347381708e-21 0.0000000000e+00)
    (7.6668220745e-21 0.0000000000e+00)
    (8.0139412415e-21 0.0000000000e+00)
    (8.3767764007e-21 0.0000000000e+00)
    (8.7560391014e-21 0.0000000000e+00)
    (9.1524731088e-21 0.0000000000e+00)
    (9.5668558622e-21 0.0000000000e+00)
    (1.0000000000e-20 0.0000000000e+00)
    (1.0452754953e-20 0.0000000000e+00)
    (1.0926008611e-20 0.0000000000e+00)
    (1.1420689063e-20 0.0000000000e+00)
    (1.1937766417e-20 0.0000000000e+00)
    (1.2478254705e-20 0.0000000000e+00)
    (1.3043213867e-20 0.0000000000e+00)
    (1.3633751836e-20 0.0000000000e+00)
    (1.4251026703e-20 0.0000000000e+00)
    (1.4896248996e-20 0.0000000000e+00)
    (1.5570684048e-20 0.0000000000e+00)
    (1.6275654480e-20 0.0000000000e+00)
    (1.7012542799e-20 0.0000000000e+00)
    (1.7782794100e-20 0.0000000000e+00)
    (1.8587918911e-20 0.0000000000e+00)
    (1.9429496147e-20 0.0000000000e+00)
    (2.0309176209e-20 0.0000000000e+00)
    (2.1228684221e-20 0.0000000000e+00)
    (2.2189823415e-20 2.8933156442e-22)
    (2.3194478661e-20 5.4059528630e-22)
    (2.4244620171e-20 9.7603757438e-22)
    (2.5342307358e-20 1.7110489408e-21)
    (2.6489692876e-20 2.9204663307e-21)
    (2.7689026842e-20 7.8942753467e-21)
    (2.8942661247e-20 1.2695601865e-20)
    (3.0253054571e-20 2.0222012632e-20)
    (3.1622776602e-20 3.1556899992e-20)
    (3.3054513476e-20 4.9046245401e-20)
    (3.4551072946e-20 7.3571421720e-20)
    (3.6115389887e-20 1.0840128542e-19)
    (3.7750532053e-20 1.5699279410e-19)
    (3.9459706091e-20 2.2549529816e-19)
    (4.1246263829e-20 3.1591535058e-19)
    (4.3113708854e-20 4.3590848900e-19)
    (4.5065703377e-20 5.9269834092e-19)
    (4.7106075420e-20 7.9449452577e-19)
    (4.9238826317e-20 1.0590935921e-18)
    (5.1468138568e-20 1.3803243581e-18)
    (5.3798384034e-20 1.7759020711e-18)
    (5.6234132519e-20 2.2562590350e-18)
    (5.8780160723e-20 2.8418803420e-18)
    (6.1441461614e-20 3.5221494188e-18)
    (6.4223254222e-20 4.3145708776e-18)
    (6.7130993868e-20 5.2252454713e-18)
    (7.0170382867e-20 6.2578809764e-18)
    (7.3347381708e-20 7.4304341666e-18)
    (7.6668220745e-20 8.7055823355e-18)
    (8.0139412415e-20 1.0095500870e-17)
    (8.3767764007e-20 1.1591511889e-17)
    (8.7560391014e-20 1.3181975494e-17)
    (9.1524731088e-20 1.4887145109e-17)
    (9.5668558622e-20 1.6620947338e-17)
    (1.0000000000e-19 1.8400991827e-17)
    (1.0452754953e-19 2.0209095624e-17)
    (1.0926008611e-19 2.2035735252e-17)
    (1.1420689063e-19 2.3845378123e-17)
    (1.1937766417e-19 2.5630835147e-17)
    (1.2478254705e-19 2.7377084036e-17)
    (1.3043213867e-19 2.9070855186e-17)
    (1.3633751836e-19 3.0717841074e-17)
    (1.4251026703e-19 3.2270838212e-17)
    (1.4896248996e-19 3.3743565212e-17)
    (1.5570684048e-19 3.5130386423e-17)
    (1.6275654480e-19 3.6427343324e-17)
    (1.7012542799e-19 3.7637507932e-17)
    (1.7782794100e-19 3.8747063781e-17)
    (1.8587918911e-19 3.9763407670e-17)
    (1.9429496147e-19 4.0687494956e-17)
    (2.0309176209e-19 4.1521080138e-17)
    (2.1228684221e-19 4.2266565796e-17)
    (2.2189823415e-19 4.2926867731e-17)
    (2.3194478661e-19 4.3505296110e-17)
    (2.4244620171e-19 4.3997666681e-17)
    (2.5342307358e-19 4.4423338698e-17)
    (2.6489692876e-19 4.4774987763e-17)
    (2.7689026842e-19 4.5063475118e-17)
    (2.8942661247e-19 4.5289293425e-17)
    (3.0253054571e-19 4.5456384506e-17)
    (3.1622776602e-19 4.5565990972e-17)
    (3.3054513476e-19 4.5626846093e-17)
    (3.4551072946e-19 4.5640297013e-17)
    (3.6115389887e-19 4.5625904245e-17)
    (3.7750532053e-19 4.5553100402e-17)
    (3.9459706091e-19 4.5443215578e-17)
    (4.1246263829e-19 4.5299312372e-17)
    (4.3113708854e-19 4.5124312513e-17)
    (4.5065703377e-19 4.4920999912e-17)
    (4.7106075420e-19 4.4677200069e-17)
    (4.9238826317e-19 4.4426099536e-17)
    (5.1468138568e-19 4.4154213492e-17)
    (5.3798384034e-19 4.3863851871e-17)
    (5.6234132519e-19 4.3548128295e-17)
    (5.8780160723e-19 4.3227842718e-17)
    (6.1441461614e-19 4.2895342633e-17)
    (6.4223254222e-19 4.1966204734e-17)
    (6.7130993868e-19 4.1549862044e-17)
    (7.0170382867e-19 4.1134417978e-17)
    (7.3347381708e-19 4.0715572939e-17)
    (7.6668220745e-19 4.0295535643e-17)
    (8.0139412415e-19 3.9871602410e-17)
    (8.3767764007e-19 3.9455756776e-17)
    (8.7560391014e-19 3.9034450267e-17)
    (9.1524731088e-19 3.8631557337e-17)
    (9.5668558622e-19 3.8237421893e-17)
    (1.0000000000e-18 3.7848957524e-17)
    (1.0452754953e-18 3.7477747585e-17)
    (1.0926008611e-18 3.7120418740e-17)
    (1.1420689063e-18 3.6772466012e-17)
    (1.1937766417e-18 3.6447723780e-17)
    (1.2478254705e-18 3.6141311012e-17)
    (1.3043213867e-18 3.5854577834e-17)
    (1.3633751836e-18 3.5579776968e-17)
    (1.4251026703e-18 3.5336853552e-17)
    (1.4896248996e-18 3.5117126531e-17)
    (1.5570684048e-18 3.4912447002e-17)
    (1.6275654480e-18 3.4743020006e-17)
    (1.7012542799e-18 3.4599796575e-17)
    (1.7782794100e-18 3.4484047934e-17)
    (1.8587918911e-18 3.4389459581e-17)
    (1.9429496147e-18 3.4330537504e-17)
    (2.0309176209e-18 3.4301763817e-17)
    (2.1228684221e-18 3.4297950397e-17)
    (2.2189823415e-18 3.4330012690e-17)
    (2.3194478661e-18 3.4394786735e-17)
    (2.4244620171e-18 3.4481751163e-17)
    (2.5342307358e-18 3.4611734298e-17)
    (2.6489692876e-18 3.4763909228e-17)
    (2.7689026842e-18 3.4848461347e-17)
    (2.8942661247e-18 3.5196656141e-17)
    (3.0253054571e-18 3.5455383015e-17)
    (3.1622776602e-18 3.5637893828e-17)
    (3.3054513476e-18 3.6105900728e-17)
    (3.4551072946e-18 3.6363671308e-17)
    (3.6115389887e-18 3.6894218396e-17)
    (3.7750532053e-18 3.7341095518e-17)
    (3.9459706091e-18 3.7658918317e-17)
    (4.1246263829e-18 3.8365068237e-17)
    (4.3113708854e-18 3.8788749830e-17)
    (4.5065703377e-18 3.9576026835e-17)
    (4.7106075420e-18 4.0229923052e-17)
    (4.9238826317e-18 4.0947877304e-17)
    (5.1468138568e-18 4.1695943549e-17)
    (5.3798384034e-18 4.2510317006e-17)
    (5.6234132519e-18 4.3350900198e-17)
    (5.8780160723e-18 4.4269237810e-17)
    (6.1441461614e-18 4.5212883134e-17)
    (6.4223254222e-18 4.6243816757e-17)
    (6.7130993868e-18 4.7336652380e-17)
    (7.0170382867e-18 4.8453327263e-17)
    (7.3347381708e-18 4.9673367293e-17)
    (7.6668220745e-18 5.0595799677e-17)
    (8.0139412415e-18 5.1849687586e-17)
    (8.3767764007e-18 5.3291031899e-17)
    (8.7560391014e-18 5.5184930420e-17)
    (9.1524731088e-18 5.6318024417e-17)
    (9.5668558622e-18 5.8410872431e-17)
    (1.0000000000e-17 5.9663635665e-17)
);
