// k[EI_O2_EXC_O2_A1] [m^3/s] vs reducedE [V m^2]; air_plasma [94c490be646f8872], T_gas = 300.000000 K
(
    (0 0.0000000000e+00)
    (1.0000000000e-22 0.0000000000e+00)
    (1.0452754953e-22 0.0000000000e+00)
    (1.0926008611e-22 0.0000000000e+00)
    (1.1420689063e-22 0.0000000000e+00)
    (1.1937766417e-22 0.0000000000e+00)
    (1.2478254705e-22 0.0000000000e+00)
    (1.3043213867e-22 0.0000000000e+00)
    (1.3633751836e-22 0.0000000000e+00)
    (1.4251026703e-22 0.0000000000e+00)
    (1.4896248996e-22 0.0000000000e+00)
    (1.5570684048e-22 0.0000000000e+00)
    (1.6275654480e-22 0.0000000000e+00)
    (1.7012542799e-22 0.0000000000e+00)
    (1.7782794100e-22 0.0000000000e+00)
    (1.8587918911e-22 0.0000000000e+00)
    (1.9429496147e-22 0.0000000000e+00)
    (2.0309176209e-22 0.0000000000e+00)
    (2.1228684221e-22 0.0000000000e+00)
    (2.2189823415e-22 0.0000000000e+00)
    (2.3194478661e-22 0.0000000000e+00)
    (2.4244620171e-22 7.9850452103e-24)
    (2.5342307358e-22 7.5899315250e-24)
    (2.6489692876e-22 7.1911511518e-24)
    (2.7689026842e-22 6.7899097470e-24)
    (2.8942661247e-22 6.3878492768e-24)
    (3.0253054571e-22 5.9869623330e-24)
    (3.1622776602e-22 5.5895721306e-24)
    (3.3054513476e-22 5.1980245953e-24)
    (3.4551072946e-22 4.8150191457e-24)
    (3.6115389887e-22 4.4433557002e-24)
    (3.7750532053e-22 4.0860643591e-24)
    (3.9459706091e-22 3.7465671512e-24)
    (4.1246263829e-22 3.4289836547e-24)
    (4.3113708854e-22 3.1386470339e-24)
    (4.5065703377e-22 2.8829233681e-24)
    (4.7106075420e-22 2.6724624643e-24)
    (4.9238826317e-22 2.5230534503e-24)
    (5.1468138568e-22 2.4583144275e-24)
    (5.3798384034e-22 2.5135118306e-24)
    (5.6234132519e-22 2.7408805678e-24)
    (5.8780160723e-22 3.2168947218e-24)
    (6.1441461614e-22 4.0520125763e-24)
    (6.4223254222e-22 5.4034798411e-24)
    (6.7130993868e-22 7.4918103675e-24)
    (7.0170382867e-22 1.0621554109e-23)
    (7.3347381708e-22 1.3650226334e-22)
    (7.6668220745e-22 3.2059719242e-22)
    (8.0139412415e-22 4.6356716503e-22)
    (8.3767764007e-22 6.8298174468e-22)
    (8.7560391014e-22 1.0139563054e-21)
    (9.1524731088e-22 1.5358246966e-21)
    (9.5668558622e-22 2.2780756066e-21)
    (1.0000000000e-21 3.3579724243e-21)
    (1.0452754953e-21 4.9092544991e-21)
    (1.0926008611e-21 7.1103591274e-21)
    (1.1420689063e-21 1.0237342508e-20)
    (1.1937766417e-21 1.4528464722e-20)
    (1.2478254705e-21 2.0409878723e-20)
    (1.3043213867e-21 2.8378278200e-20)
    (1.3633751836e-21 3.9050958638e-20)
    (1.4251026703e-21 5.3183312004e-20)
    (1.4896248996e-21 7.1685188444e-20)
    (1.5570684048e-21 9.5634584893e-20)
    (1.6275654480e-21 1.2628712462e-19)
    (1.7012542799e-21 1.6507952404e-19)
    (1.7782794100e-21 2.1346876993e-19)
    (1.8587918911e-21 2.7347820060e-19)
    (1.9429496147e-21 3.4689897711e-19)
    (2.0309176209e-21 4.3573387868e-19)
    (2.1228684221e-21 5.4203717805e-19)
    (2.2189823415e-21 6.6785763732e-19)
    (2.3194478661e-21 8.1517418811e-19)
    (2.4244620171e-21 9.8582754987e-19)
    (2.5342307358e-21 1.1814514426e-18)
    (2.6489692876e-21 1.4034081503e-18)
    (2.7689026842e-21 1.6527322435e-18)
    (2.8942661247e-21 1.9300861472e-18)
    (3.0253054571e-21 2.2357305308e-18)
    (3.1622776602e-21 2.5695109264e-18)
    (3.3054513476e-21 2.9308610908e-18)
    (3.4551072946e-21 3.3188222003e-18)
    (3.6115389887e-21 3.7320759296e-18)
    (3.7750532053e-21 4.1689889007e-18)
    (3.9459706091e-21 4.6276652037e-18)
    (4.1246263829e-21 5.1060039296e-18)
    (4.3113708854e-21 5.6017585918e-18)
    (4.5065703377e-21 6.1125957562e-18)
    (4.7106075420e-21 6.6361506753e-18)
    (4.9238826317e-21 7.1679851604e-18)
    (5.1468138568e-21 7.7093895857e-18)
    (5.3798384034e-21 8.2565054069e-18)
    (5.6234132519e-21 8.8072242804e-18)
    (5.8780160723e-21 9.3595821448e-18)
    (6.1441461614e-21 9.9117759776e-18)
    (6.4223254222e-21 1.0462174900e-17)
    (6.7130993868e-21 1.1009326464e-17)
    (7.0170382867e-21 1.1551958590e-17)
    (7.3347381708e-21 1.2088978236e-17)
    (7.6668220745e-21 1.2619467409e-17)
    (8.0139412415e-21 1.3142677319e-17)
    (8.3767764007e-21 1.3658021293e-17)
    (8.7560391014e-21 1.4165067050e-17)
    (9.1524731088e-21 1.4663528798e-17)
    (9.5668558622e-21 1.5153259558e-17)
    (1.0000000000e-20 1.5634243980e-17)
    (1.0452754953e-20 1.6106591862e-17)
    (1.0926008611e-20 1.6570532436e-17)
    (1.1420689063e-20 1.7026409525e-17)
    (1.1937766417e-20 1.7473355204e-17)
    (1.2478254705e-20 1.7914183238e-17)
    (1.3043213867e-20 1.8348521723e-17)
    (1.3633751836e-20 1.8777106679e-17)
    (1.4251026703e-20 1.9200768846e-17)
    (1.4896248996e-20 1.9620432099e-17)
    (1.5570684048e-20 2.0037112334e-17)
    (1.6275654480e-20 2.0451916797e-17)
    (1.7012542799e-20 2.0866043856e-17)
    (1.7782794100e-20 2.1280783265e-17)
    (1.8587918911e-20 2.1697516783e-17)
    (1.9429496147e-20 2.2116114696e-17)
    (2.0309176209e-20 2.2541739908e-17)
    (2.1228684221e-20 2.2974292028e-17)
    (2.2189823415e-20 2.3409175496e-17)
    (2.3194478661e-20 2.3870517421e-17)
    (2.4244620171e-20 2.4350968686e-17)
    (2.5342307358e-20 2.4856522955e-17)
    (2.6489692876e-20 2.5395160733e-17)
    (2.7689026842e-20 2.5940034919e-17)
    (2.8942661247e-20 2.6559513683e-17)
    (3.0253054571e-20 2.7264486034e-17)
    (3.1622776602e-20 2.8063549257e-17)
    (3.3054513476e-20 2.8987396108e-17)
    (3.4551072946e-20 3.0074502256e-17)
    (3.6115389887e-20 3.1368532757e-17)
    (3.7750532053e-20 3.2926424344e-17)
    (3.9459706091e-20 3.4818546815e-17)
    (4.1246263829e-20 3.7132348208e-17)
    (4.3113708854e-20 3.9958208426e-17)
    (4.5065703377e-20 4.3406162910e-17)
    (4.7106075420e-20 4.7599560780e-17)
    (4.9238826317e-20 5.2803082402e-17)
    (5.1468138568e-20 5.8922620610e-17)
    (5.3798384034e-20 6.6217071150e-17)
    (5.6234132519e-20 7.4836029016e-17)
    (5.8780160723e-20 8.5075915156e-17)
    (6.1441461614e-20 9.6774762165e-17)
    (6.4223254222e-20 1.1018243680e-16)
    (6.7130993868e-20 1.2538213838e-16)
    (7.0170382867e-20 1.4242279201e-16)
    (7.3347381708e-20 1.6154201207e-16)
    (7.6668220745e-20 1.8223403938e-16)
    (8.0139412415e-20 2.0465762843e-16)
    (8.3767764007e-20 2.2869056920e-16)
    (8.7560391014e-20 2.5417100058e-16)
    (9.1524731088e-20 2.8141538726e-16)
    (9.5668558622e-20 3.0916395040e-16)
    (1.0000000000e-19 3.3770153963e-16)
    (1.0452754953e-19 3.6678340785e-16)
    (1.0926008611e-19 3.9626192164e-16)
    (1.1420689063e-19 4.2570612183e-16)
    (1.1937766417e-19 4.5499973960e-16)
    (1.2478254705e-19 4.8394554323e-16)
    (1.3043213867e-19 5.1237023708e-16)
    (1.3633751836e-19 5.4039729389e-16)
    (1.4251026703e-19 5.6730356168e-16)
    (1.4896248996e-19 5.9332863689e-16)
    (1.5570684048e-19 6.1839872989e-16)
    (1.6275654480e-19 6.4246085932e-16)
    (1.7012542799e-19 6.6555375735e-16)
    (1.7782794100e-19 6.8748843950e-16)
    (1.8587918911e-19 7.0835891418e-16)
    (1.9429496147e-19 7.2816960124e-16)
    (2.0309176209e-19 7.4693336834e-16)
    (2.1228684221e-19 7.6466957502e-16)
    (2.2189823415e-19 7.8140238268e-16)
    (2.3194478661e-19 7.9715932093e-16)
    (2.4244620171e-19 8.1183529701e-16)
    (2.5342307358e-19 8.2573299827e-16)
    (2.6489692876e-19 8.3866080530e-16)
    (2.7689026842e-19 8.5082356285e-16)
    (2.8942661247e-19 8.6216394096e-16)
    (3.0253054571e-19 8.7271152158e-16)
    (3.1622776602e-19 8.8246460489e-16)
    (3.3054513476e-19 8.9150388293e-16)
    (3.4551072946e-19 8.9983161944e-16)
    (3.6115389887e-19 9.0773356739e-16)
    (3.7750532053e-19 9.1467750456e-16)
    (3.9459706091e-19 9.2098025038e-16)
    (4.1246263829e-19 9.2666106305e-16)
    (4.3113708854e-19 9.3173797564e-16)
    (4.5065703377e-19 9.3622788865e-16)
    (4.7106075420e-19 9.3986949054e-16)
    (4.9238826317e-19 9.4324893957e-16)
    (5.1468138568e-19 9.4608492604e-16)
    (5.3798384034e-19 9.4839170470e-16)
    (5.6234132519e-19 9.4999552128e-16)
    (5.8780160723e-19 9.5129369722e-16)
    (6.1441461614e-19 9.5209938191e-16)
    (6.4223254222e-19 9.5562953986e-16)
    (6.7130993868e-19 9.5439083838e-16)
    (7.0170382867e-19 9.5275354963e-16)
    (7.3347381708e-19 9.5057662767e-16)
    (7.6668220745e-19 9.4787540228e-16)
    (8.0139412415e-19 9.4456658006e-16)
    (8.3767764007e-19 9.4087669176e-16)
    (8.7560391014e-19 9.3646897712e-16)
    (9.1524731088e-19 9.3188701437e-16)
    (9.5668558622e-19 9.2688081974e-16)
    (1.0000000000e-18 9.2134700748e-16)
    (1.0452754953e-18 9.1556953195e-16)
    (1.0926008611e-18 9.0944561913e-16)
    (1.1420689063e-18 9.0287749346e-16)
    (1.1937766417e-18 8.9614829943e-16)
    (1.2478254705e-18 8.8916372298e-16)
    (1.3043213867e-18 8.8195544694e-16)
    (1.3633751836e-18 8.7431363850e-16)
    (1.4251026703e-18 8.6678208899e-16)
    (1.4896248996e-18 8.5913025761e-16)
    (1.5570684048e-18 8.5117335149e-16)
    (1.6275654480e-18 8.4341146967e-16)
    (1.7012542799e-18 8.3564229434e-16)
    (1.7782794100e-18 8.2790425078e-16)
    (1.8587918911e-18 8.2008147950e-16)
    (1.9429496147e-18 8.1253900870e-16)
    (2.0309176209e-18 8.0514996739e-16)
    (2.1228684221e-18 7.9783536596e-16)
    (2.2189823415e-18 7.9087608744e-16)
    (2.3194478661e-18 7.8419526373e-16)
    (2.4244620171e-18 7.7761653980e-16)
    (2.5342307358e-18 7.7161427065e-16)
    (2.6489692876e-18 7.6576045940e-16)
    (2.7689026842e-18 7.5849747759e-16)
    (2.8942661247e-18 7.5590676881e-16)
    (3.0253054571e-18 7.5147046958e-16)
    (3.1622776602e-18 7.4549791438e-16)
    (3.3054513476e-18 7.4478560414e-16)
    (3.4551072946e-18 7.4013318996e-16)
    (3.6115389887e-18 7.4031354730e-16)
    (3.7750532053e-18 7.3900158150e-16)
    (3.9459706091e-18 7.3556786937e-16)
    (4.1246263829e-18 7.3860566319e-16)
    (4.3113708854e-18 7.3718739574e-16)
    (4.5065703377e-18 7.4166789327e-16)
    (4.7106075420e-18 7.4414154344e-16)
    (4.9238826317e-18 7.4779278694e-16)
    (5.1468138568e-18 7.5197863099e-16)
    (5.3798384034e-18 7.5747931654e-16)
    (5.6234132519e-18 7.6356030990e-16)
    (5.8780160723e-18 7.7104478311e-16)
    (6.1441461614e-18 7.7911111894e-16)
    (6.4223254222e-18 7.8872674337e-16)
    (6.7130993868e-18 7.9949319670e-16)
    (7.0170382867e-18 8.1081705682e-16)
    (7.3347381708e-18 8.2395083514e-16)
    (7.6668220745e-18 8.3241917002e-16)
    (8.0139412415e-18 8.4650024624e-16)
    (8.3767764007e-18 8.6369347185e-16)
    (8.7560391014e-18 8.8812200037e-16)
    (9.1524731088e-18 9.0066328465e-16)
    (9.5668558622e-18 9.2859509699e-16)
    (1.0000000000e-17 9.4345842393e-16)
);
