// k[EI_O_EXC_O_1S] [m^3/s] vs mean energy [eV]; air_plasma [94c490be646f8872], T_gas = 300.000000 K
(
    (0 0.0000000000e+00)
    (1.3716736877e-01 0.0000000000e+00)
    (1.4076967004e-01 0.0000000000e+00)
    (1.4397591983e-01 0.0000000000e+00)
    (1.4684102077e-01 0.0000000000e+00)
    (1.4941193350e-01 0.0000000000e+00)
    (1.5172852860e-01 0.0000000000e+00)
    (1.5382471337e-01 0.0000000000e+00)
    (1.5572953486e-01 0.0000000000e+00)
    (1.5746814299e-01 0.0000000000e+00)
    (1.5906258451e-01 0.0000000000e+00)
    (1.6040177321e-01 0.0000000000e+00)
    (1.6189529828e-01 0.0000000000e+00)
    (1.6316717670e-01 0.0000000000e+00)
    (1.6436277106e-01 0.0000000000e+00)
    (1.6549569504e-01 0.0000000000e+00)
    (1.6657864137e-01 0.0000000000e+00)
    (1.6762350584e-01 0.0000000000e+00)
    (1.6865351356e-01 0.0000000000e+00)
    (1.6965530759e-01 0.0000000000e+00)
    (1.7065088677e-01 0.0000000000e+00)
    (1.7163694874e-01 0.0000000000e+00)
    (1.7264754568e-01 0.0000000000e+00)
    (1.7367870384e-01 0.0000000000e+00)
    (1.7473842382e-01 0.0000000000e+00)
    (1.7583425455e-01 0.0000000000e+00)
    (1.7697330632e-01 0.0000000000e+00)
    (1.7816226381e-01 0.0000000000e+00)
    (1.7940739973e-01 0.0000000000e+00)
    (1.8071459251e-01 0.0000000000e+00)
    (1.8208934620e-01 0.0000000000e+00)
    (1.8353681581e-01 0.0000000000e+00)
    (1.8506183817e-01 0.0000000000e+00)
    (1.8666896889e-01 0.0000000000e+00)
    (1.8836252602e-01 0.0000000000e+00)
    (1.9014664040e-01 0.0000000000e+00)
    (1.9202531289e-01 0.0000000000e+00)
    (1.9400247796e-01 0.0000000000e+00)
    (1.9608207355e-01 0.0000000000e+00)
    (1.9826811637e-01 0.0000000000e+00)
    (2.0056478234e-01 0.0000000000e+00)
    (2.0297649148e-01 0.0000000000e+00)
    (2.0550799658e-01 0.0000000000e+00)
    (2.0816447512e-01 0.0000000000e+00)
    (2.1095162348e-01 0.0000000000e+00)
    (2.1387575250e-01 0.0000000000e+00)
    (2.1694252519e-01 0.0000000000e+00)
    (2.2014784268e-01 0.0000000000e+00)
    (2.2353442384e-01 0.0000000000e+00)
    (2.2709473824e-01 0.0000000000e+00)
    (2.3084124291e-01 0.0000000000e+00)
    (2.3479830546e-01 0.0000000000e+00)
    (2.3896127860e-01 0.0000000000e+00)
    (2.4336008158e-01 0.0000000000e+00)
    (2.4801609114e-01 0.0000000000e+00)
    (2.5295357748e-01 0.0000000000e+00)
    (2.5819912151e-01 0.0000000000e+00)
    (2.6378573470e-01 0.0000000000e+00)
    (2.6974624072e-01 0.0000000000e+00)
    (2.7611826438e-01 0.0000000000e+00)
    (2.8294267020e-01 0.0000000000e+00)
    (2.9026318406e-01 0.0000000000e+00)
    (2.9812578117e-01 0.0000000000e+00)
    (3.0657780390e-01 0.0000000000e+00)
    (3.1566679772e-01 0.0000000000e+00)
    (3.2543906532e-01 0.0000000000e+00)
    (3.3590884834e-01 0.0000000000e+00)
    (3.4717220621e-01 0.0000000000e+00)
    (3.5923181777e-01 0.0000000000e+00)
    (3.7211011301e-01 0.0000000000e+00)
    (3.8581857835e-01 0.0000000000e+00)
    (4.0035607801e-01 0.0000000000e+00)
    (4.1570758173e-01 0.0000000000e+00)
    (4.3184341715e-01 0.0000000000e+00)
    (4.4871913847e-01 0.0000000000e+00)
    (4.6627605897e-01 0.0000000000e+00)
    (4.8444243519e-01 0.0000000000e+00)
    (5.0313523891e-01 0.0000000000e+00)
    (5.2226241062e-01 0.0000000000e+00)
    (5.4172544282e-01 0.0000000000e+00)
    (5.6142213216e-01 0.0000000000e+00)
    (5.8124933256e-01 0.0000000000e+00)
    (6.0110555710e-01 0.0000000000e+00)
    (6.2089330726e-01 0.0000000000e+00)
    (6.4052103707e-01 0.0000000000e+00)
    (6.5990470387e-01 0.0000000000e+00)
    (6.7896888897e-01 0.0000000000e+00)
    (6.9764750311e-01 0.0000000000e+00)
    (7.1588411412e-01 0.0000000000e+00)
    (7.3358636508e-01 0.0000000000e+00)
    (7.5079956951e-01 0.0000000000e+00)
    (7.6745533679e-01 0.0000000000e+00)
    (7.8353256295e-01 0.0000000000e+00)
    (7.9901751861e-01 0.0000000000e+00)
    (8.1390305888e-01 0.0000000000e+00)
    (8.2818781969e-01 0.0000000000e+00)
    (8.4187543085e-01 0.0000000000e+00)
    (8.5497376287e-01 0.0000000000e+00)
    (8.6749422815e-01 0.0000000000e+00)
    (8.7945114297e-01 0.0000000000e+00)
    (8.9086115759e-01 0.0000000000e+00)
    (9.0174275648e-01 0.0000000000e+00)
    (9.1211582875e-01 0.0000000000e+00)
    (9.2200130648e-01 0.0000000000e+00)
    (9.3142086729e-01 0.0000000000e+00)
    (9.4039669615e-01 0.0000000000e+00)
    (9.4895130096e-01 0.0000000000e+00)
    (9.5710737510e-01 0.0000000000e+00)
    (9.6488770191e-01 0.0000000000e+00)
    (9.7229590192e-01 0.0000000000e+00)
    (9.7938516542e-01 0.0000000000e+00)
    (9.8616492913e-01 0.0000000000e+00)
    (9.9265725317e-01 0.0000000000e+00)
    (9.9888404860e-01 0.0000000000e+00)
    (1.0048670852e+00 0.0000000000e+00)
    (1.0106280054e+00 0.0000000000e+00)
    (1.0161883420e+00 0.0000000000e+00)
    (1.0215695391e+00 0.0000000000e+00)
    (1.0267929757e+00 0.0000000000e+00)
    (1.0318799893e+00 0.0000000000e+00)
    (1.0368231641e+00 0.0000000000e+00)
    (1.0417033534e+00 0.0000000000e+00)
    (1.0465120896e+00 0.0000000000e+00)
    (1.0510868798e+00 1.6577520584e-21)
    (1.0558591901e+00 3.0695564465e-21)
    (1.0606532011e+00 5.5017436514e-21)
    (1.0655074194e+00 9.5846803277e-21)
    (1.0704684867e+00 1.6269005348e-20)
    (1.0751997672e+00 2.9184450104e-20)
    (1.0804337616e+00 4.6973175998e-20)
    (1.0860944535e+00 7.4644075423e-20)
    (1.0921800381e+00 1.1631873871e-19)
    (1.0986620877e+00 1.8049148304e-19)
    (1.1060807526e+00 2.7078658901e-19)
    (1.1144567561e+00 3.9936663352e-19)
    (1.1240549775e+00 5.7939860076e-19)
    (1.1350476809e+00 8.3385385879e-19)
    (1.1481500995e+00 1.1718346797e-18)
    (1.1636258812e+00 1.6230490498e-18)
    (1.1819885899e+00 2.2166588535e-18)
    (1.2038177966e+00 2.9865131731e-18)
    (1.2301634388e+00 4.0036245448e-18)
    (1.2609969543e+00 5.2508934993e-18)
    (1.2973623006e+00 6.8023499090e-18)
    (1.3400043215e+00 8.7069311614e-18)
    (1.3902463429e+00 1.1055023683e-17)
    (1.4476740785e+00 1.3819107645e-17)
    (1.5134371384e+00 1.7082863654e-17)
    (1.5880617826e+00 2.0888564990e-17)
    (1.6719409929e+00 2.5271553222e-17)
    (1.7660607105e+00 3.0327590497e-17)
    (1.8689224005e+00 3.5930187979e-17)
    (1.9811674964e+00 4.2154188659e-17)
    (2.1024762198e+00 4.8990800196e-17)
    (2.2323544675e+00 5.6418858415e-17)
    (2.3723894726e+00 6.4554642713e-17)
    (2.5173051541e+00 7.3054951449e-17)
    (2.6685098823e+00 8.2018913186e-17)
    (2.8251127843e+00 9.1389790497e-17)
    (2.9864403845e+00 1.0114490136e-16)
    (3.1511716903e+00 1.1114515093e-16)
    (3.3187345263e+00 1.2137016479e-16)
    (3.4884072284e+00 1.3176198108e-16)
    (3.6595680228e+00 1.4226661263e-16)
    (3.8329812660e+00 1.5291889847e-16)
    (4.0054036492e+00 1.6349016820e-16)
    (4.1781426573e+00 1.7404549365e-16)
    (4.3510158689e+00 1.8455286877e-16)
    (4.5239369983e+00 1.9498565572e-16)
    (4.6971621121e+00 2.0535070622e-16)
    (4.8701409953e+00 2.1556561775e-16)
    (5.0433978978e+00 2.2565473120e-16)
    (5.2171246267e+00 2.3560795681e-16)
    (5.3915564382e+00 2.4541796539e-16)
    (5.5669629670e+00 2.5507967145e-16)
    (5.7436400435e+00 2.6458976213e-16)
    (5.9219025871e+00 2.7394627874e-16)
    (6.1010979376e+00 2.8309985492e-16)
    (6.2835570479e+00 2.9214724941e-16)
    (6.4679920423e+00 3.0101175280e-16)
    (6.6560078497e+00 3.0975073722e-16)
    (6.8473428104e+00 3.1833630825e-16)
    (7.0423340172e+00 3.2676882311e-16)
    (7.2409465159e+00 3.3502803480e-16)
    (7.4442081970e+00 3.4315210551e-16)
    (7.6521663603e+00 3.5112331744e-16)
    (7.8676105910e+00 3.5906616733e-16)
    (8.0858487204e+00 3.6671716588e-16)
    (8.3098278044e+00 3.7421343753e-16)
    (8.5398932950e+00 3.8155330454e-16)
    (8.7763949131e+00 3.8873480789e-16)
    (9.0196879697e+00 3.9575572380e-16)
    (9.2670974766e+00 4.0248111702e-16)
    (9.5251096885e+00 4.0917962228e-16)
    (9.7910839770e+00 4.1570891510e-16)
    (1.0065371630e+01 4.2206619180e-16)
    (1.0346344593e+01 4.2816437303e-16)
    (1.0638438926e+01 4.3417173972e-16)
    (1.0940187398e+01 4.3999643596e-16)
    (1.1925355136e+01 4.5900916564e-16)
    (1.2308824412e+01 4.6466932611e-16)
    (1.2709276652e+01 4.7015318519e-16)
    (1.3126439691e+01 4.7538169263e-16)
    (1.3561263285e+01 4.8034616016e-16)
    (1.4012493747e+01 4.8497528541e-16)
    (1.4484291915e+01 4.8938767403e-16)
    (1.4973992379e+01 4.9337881257e-16)
    (1.5487666223e+01 4.9721507664e-16)
    (1.6023909695e+01 5.0074634223e-16)
    (1.6583468512e+01 5.0388687033e-16)
    (1.7168941463e+01 5.0678606505e-16)
    (1.7781023451e+01 5.0935767828e-16)
    (1.8422151615e+01 5.1152569084e-16)
    (1.9092649339e+01 5.1341895342e-16)
    (1.9794733945e+01 5.1496403798e-16)
    (2.0530664058e+01 5.1615347123e-16)
    (2.1299508263e+01 5.1683019534e-16)
    (2.2109288431e+01 5.1730071171e-16)
    (2.2959485968e+01 5.1739668062e-16)
    (2.3850104879e+01 5.1696502803e-16)
    (2.4788921536e+01 5.1630696093e-16)
    (2.5776295005e+01 5.1525927576e-16)
    (2.6817698048e+01 5.1381206729e-16)
    (2.7909067436e+01 5.1187002554e-16)
    (2.9061538888e+01 5.0963884393e-16)
    (3.0279874265e+01 5.0699801072e-16)
    (3.1556757395e+01 5.0388567771e-16)
    (3.2908931845e+01 5.0045011380e-16)
    (3.4342348823e+01 4.9660011348e-16)
    (3.5842127009e+01 4.9224914649e-16)
    (3.7437719791e+01 4.8761902911e-16)
    (3.9117090489e+01 4.8243860949e-16)
    (4.0644106575e+01 4.7625349535e-16)
    (4.2796040127e+01 4.7124250139e-16)
    (4.4789131155e+01 4.6493930824e-16)
    (4.6589221150e+01 4.5767616116e-16)
    (4.9179324484e+01 4.5149037117e-16)
    (5.1201199815e+01 4.4370660411e-16)
    (5.4099126670e+01 4.3654291782e-16)
    (5.6778858337e+01 4.2852190044e-16)
    (5.9117854096e+01 4.1959999978e-16)
    (6.2718461942e+01 4.1158147462e-16)
    (6.5410085846e+01 4.0238452636e-16)
    (6.9496742822e+01 3.9360436516e-16)
    (7.3180976752e+01 3.8414184925e-16)
    (7.7182577491e+01 3.7450924992e-16)
    (8.1420085225e+01 3.6453018889e-16)
    (8.6011788405e+01 3.5446945104e-16)
    (9.0867763137e+01 3.4413872190e-16)
    (9.6165388139e+01 3.3372544910e-16)
    (1.0177823578e+02 3.2306894058e-16)
    (1.0792309375e+02 3.1238551236e-16)
    (1.1458604701e+02 3.0158417656e-16)
    (1.2160542734e+02 2.9065801100e-16)
    (1.2939531717e+02 2.7972283621e-16)
    (1.3542361118e+02 2.6841281921e-16)
    (1.4388362195e+02 2.5737980705e-16)
    (1.5371740495e+02 2.4649516682e-16)
    (1.6736124994e+02 2.3571441919e-16)
    (1.7556818514e+02 2.2442054281e-16)
    (1.9180551086e+02 2.1401484313e-16)
    (2.0148427830e+02 2.0291868386e-16)
);
