// k[EI_O_EXC_O_1D] [m^3/s] vs mean energy [eV]; air_plasma [94c490be646f8872], T_gas = 300.000000 K
(
    (0 0.0000000000e+00)
    (1.3716749438e-01 0.0000000000e+00)
    (1.4076979314e-01 0.0000000000e+00)
    (1.4397604008e-01 0.0000000000e+00)
    (1.4684113805e-01 0.0000000000e+00)
    (1.4941204783e-01 0.0000000000e+00)
    (1.5172864004e-01 0.0000000000e+00)
    (1.5382482203e-01 0.0000000000e+00)
    (1.5572964088e-01 0.0000000000e+00)
    (1.5746824649e-01 0.0000000000e+00)
    (1.5906268561e-01 0.0000000000e+00)
    (1.6040186980e-01 0.0000000000e+00)
    (1.6189539494e-01 0.0000000000e+00)
    (1.6316727128e-01 0.0000000000e+00)
    (1.6436286366e-01 0.0000000000e+00)
    (1.6549578572e-01 0.0000000000e+00)
    (1.6657873020e-01 0.0000000000e+00)
    (1.6762359287e-01 0.0000000000e+00)
    (1.6865359887e-01 0.0000000000e+00)
    (1.6965539117e-01 0.0000000000e+00)
    (1.7065096866e-01 0.0000000000e+00)
    (1.7163702901e-01 0.0000000000e+00)
    (1.7264762429e-01 0.0000000000e+00)
    (1.7367878080e-01 0.0000000000e+00)
    (1.7473849913e-01 0.0000000000e+00)
    (1.7583432821e-01 0.0000000000e+00)
    (1.7697337833e-01 0.0000000000e+00)
    (1.7816233417e-01 0.0000000000e+00)
    (1.7940746844e-01 0.0000000000e+00)
    (1.8071465956e-01 0.0000000000e+00)
    (1.8208941158e-01 0.0000000000e+00)
    (1.8353687952e-01 0.0000000000e+00)
    (1.8506190021e-01 0.0000000000e+00)
    (1.8666902928e-01 0.0000000000e+00)
    (1.8836258474e-01 0.0000000000e+00)
    (1.9014669747e-01 0.0000000000e+00)
    (1.9202536831e-01 0.0000000000e+00)
    (1.9400253175e-01 0.0000000000e+00)
    (1.9608212573e-01 0.0000000000e+00)
    (1.9826816696e-01 0.0000000000e+00)
    (2.0056483136e-01 0.0000000000e+00)
    (2.0297653896e-01 0.0000000000e+00)
    (2.0550804255e-01 0.0000000000e+00)
    (2.0816451961e-01 0.0000000000e+00)
    (2.1095166654e-01 0.0000000000e+00)
    (2.1387579417e-01 0.0000000000e+00)
    (2.1694256551e-01 0.0000000000e+00)
    (2.2014788174e-01 0.0000000000e+00)
    (2.2353446165e-01 0.0000000000e+00)
    (2.2709477487e-01 0.0000000000e+00)
    (2.3084127841e-01 0.0000000000e+00)
    (2.3479833990e-01 0.0000000000e+00)
    (2.3896131204e-01 0.0000000000e+00)
    (2.4336011410e-01 0.0000000000e+00)
    (2.4801612280e-01 0.0000000000e+00)
    (2.5295360836e-01 0.0000000000e+00)
    (2.5819915170e-01 0.0000000000e+00)
    (2.6378576428e-01 0.0000000000e+00)
    (2.6974626976e-01 0.0000000000e+00)
    (2.7611829297e-01 0.0000000000e+00)
    (2.8294269841e-01 0.0000000000e+00)
    (2.9026321198e-01 0.0000000000e+00)
    (2.9812580887e-01 0.0000000000e+00)
    (3.0657783145e-01 0.0000000000e+00)
    (3.1566682518e-01 0.0000000000e+00)
    (3.2543909275e-01 0.0000000000e+00)
    (3.3590887576e-01 3.7923239295e-28)
    (3.4717223366e-01 7.5532471593e-28)
    (3.5923184525e-01 1.6759871832e-27)
    (3.7211014051e-01 4.4302591374e-27)
    (3.8581860584e-01 9.9828240643e-27)
    (4.0035610545e-01 2.4016780718e-26)
    (4.1570760906e-01 5.4595799253e-26)
    (4.3184344429e-01 1.3301500585e-25)
    (4.4871916534e-01 2.8146993460e-25)
    (4.6627608546e-01 5.4586123083e-25)
    (4.8444246122e-01 1.0125688138e-24)
    (5.0313526437e-01 1.8254586765e-24)
    (5.2226243543e-01 3.2189825070e-24)
    (5.4172546688e-01 5.5646203870e-24)
    (5.6142215538e-01 9.4360772575e-24)
    (5.8124935489e-01 1.5697072246e-23)
    (6.0110557847e-01 2.5615156862e-23)
    (6.2089332763e-01 4.1006602254e-23)
    (6.4052105642e-01 6.4411963925e-23)
    (6.5990472218e-01 9.9304149830e-23)
    (6.7896890624e-01 1.5032586448e-22)
    (6.9764751934e-01 2.2355136566e-22)
    (7.1588412933e-01 3.2676460108e-22)
    (7.3358637930e-01 4.6494705967e-22)
    (7.5079958278e-01 6.6970999886e-22)
    (7.6745534914e-01 9.5177192555e-22)
    (7.8353257443e-01 1.3354130086e-21)
    (7.9901752925e-01 1.8510665211e-21)
    (8.1390306874e-01 2.5363792349e-21)
    (8.2818782881e-01 3.4374798676e-21)
    (8.4187543928e-01 4.6105947838e-21)
    (8.5497377065e-01 6.1236807727e-21)
    (8.6749423532e-01 8.0583260744e-21)
    (8.7945114959e-01 1.0511906250e-20)
    (8.9086116369e-01 1.3600016142e-20)
    (9.0174276209e-01 1.7459207810e-20)
    (9.1211583392e-01 2.2250060542e-20)
    (9.2200131124e-01 2.8160603688e-20)
    (9.3142087166e-01 3.5410104138e-20)
    (9.4039670018e-01 4.4253217300e-20)
    (9.4895130466e-01 5.4984483168e-20)
    (9.5710737851e-01 6.7943129141e-20)
    (9.6488770504e-01 8.3518105678e-20)
    (9.7229590480e-01 1.0231149370e-19)
    (9.7938516806e-01 1.2465266828e-19)
    (9.8616493157e-01 1.5124422443e-19)
    (9.9265725541e-01 1.8279812212e-19)
    (9.9888405066e-01 2.2013541046e-19)
    (1.0048670871e+00 2.6420245392e-19)
    (1.0106280072e+00 3.1608943947e-19)
    (1.0161883436e+00 3.7705133617e-19)
    (1.0215695406e+00 4.4853142375e-19)
    (1.0267929771e+00 5.3218734928e-19)
    (1.0318799906e+00 6.2991972205e-19)
    (1.0368231653e+00 7.4658921656e-19)
    (1.0417033545e+00 8.8115297206e-19)
    (1.0465120906e+00 1.0383988605e-18)
    (1.0510868807e+00 1.2694361004e-18)
    (1.0558591909e+00 1.5187051765e-18)
    (1.0606532018e+00 1.8278827080e-18)
    (1.0655074201e+00 2.2172182372e-18)
    (1.0704684874e+00 2.7149291053e-18)
    (1.0751997678e+00 3.3051347030e-18)
    (1.0804337622e+00 4.1161004918e-18)
    (1.0860944541e+00 5.1594880169e-18)
    (1.0921800386e+00 6.5283696338e-18)
    (1.0986620881e+00 8.3934918561e-18)
    (1.1060807530e+00 1.0779135545e-17)
    (1.1144567565e+00 1.3905303955e-17)
    (1.1240549778e+00 1.7981391129e-17)
    (1.1350476813e+00 2.3375363972e-17)
    (1.1481500998e+00 3.0183303743e-17)
    (1.1636258816e+00 3.8850239102e-17)
    (1.1819885903e+00 4.9777206777e-17)
    (1.2038177970e+00 6.3412352842e-17)
    (1.2301634392e+00 8.0823144223e-17)
    (1.2609969547e+00 1.0144639305e-16)
    (1.2973623011e+00 1.2632533310e-16)
    (1.3400043219e+00 1.5599400469e-16)
    (1.3902463434e+00 1.9159008057e-16)
    (1.4476740790e+00 2.3235964854e-16)
    (1.5134371389e+00 2.7926925693e-16)
    (1.5880617832e+00 3.3260077722e-16)
    (1.6719409936e+00 3.9251012216e-16)
    (1.7660607111e+00 4.6000110811e-16)
    (1.8689224012e+00 5.3287866157e-16)
    (1.9811674971e+00 6.1187303152e-16)
    (2.1024762205e+00 6.9652366779e-16)
    (2.2323544682e+00 7.8623005524e-16)
    (2.3723894733e+00 8.8221499678e-16)
    (2.5173051548e+00 9.7973056937e-16)
    (2.6685098830e+00 1.0799042148e-15)
    (2.8251127850e+00 1.1818559843e-15)
    (2.9864403851e+00 1.2851901717e-15)
    (3.1511716909e+00 1.3880931629e-15)
    (3.3187345269e+00 1.4903066319e-15)
    (3.4884072290e+00 1.5911391922e-15)
    (3.6595680233e+00 1.6899882041e-15)
    (3.8329812664e+00 1.7873684447e-15)
    (4.0054036496e+00 1.8806033213e-15)
    (4.1781426577e+00 1.9706288778e-15)
    (4.3510158693e+00 2.0572027430e-15)
    (4.5239369987e+00 2.1401563151e-15)
    (4.6971621124e+00 2.2196934664e-15)
    (4.8701409956e+00 2.2950599431e-15)
    (5.0433978981e+00 2.3666597481e-15)
    (5.2171246269e+00 2.4345226541e-15)
    (5.3915564385e+00 2.4987063620e-15)
    (5.5669629672e+00 2.5592894228e-15)
    (5.7436400437e+00 2.6163651698e-15)
    (5.9219025873e+00 2.6700366197e-15)
    (6.1010979378e+00 2.7199825696e-15)
    (6.2835570480e+00 2.7671779058e-15)
    (6.4679920424e+00 2.8110300778e-15)
    (6.6560078498e+00 2.8521874185e-15)
    (6.8473428105e+00 2.8904814941e-15)
    (7.0423340173e+00 2.9260110648e-15)
    (7.2409465160e+00 2.9588182126e-15)
    (7.4442081971e+00 2.9890643189e-15)
    (7.6521663603e+00 3.0168077233e-15)
    (7.8676105911e+00 3.0430482737e-15)
    (8.0858487204e+00 3.0658888315e-15)
    (8.3098278045e+00 3.0864404511e-15)
    (8.5398932951e+00 3.1047580229e-15)
    (8.7763949131e+00 3.1208915125e-15)
    (9.0196879697e+00 3.1348863430e-15)
    (9.2670974767e+00 3.1458603626e-15)
    (9.5251096886e+00 3.1557553066e-15)
    (9.7910839770e+00 3.1636181781e-15)
    (1.0065371630e+01 3.1694838828e-15)
    (1.0346344593e+01 3.1727450799e-15)
    (1.0638438926e+01 3.1747419892e-15)
    (1.0940187398e+01 3.1748168310e-15)
    (1.1925355136e+01 3.1769693003e-15)
    (1.2308824412e+01 3.1685356481e-15)
    (1.2709276652e+01 3.1583329132e-15)
    (1.3126439691e+01 3.1458275125e-15)
    (1.3561263285e+01 3.1310351286e-15)
    (1.4012493747e+01 3.1136767050e-15)
    (1.4484291915e+01 3.0944295270e-15)
    (1.4973992379e+01 3.0720902105e-15)
    (1.5487666223e+01 3.0485514019e-15)
    (1.6023909695e+01 3.0228762534e-15)
    (1.6583468512e+01 2.9946522674e-15)
    (1.7168941463e+01 2.9648264289e-15)
    (1.7781023452e+01 2.9329911973e-15)
    (1.8422151615e+01 2.8987234081e-15)
    (1.9092649339e+01 2.8630083171e-15)
    (1.9794733945e+01 2.8254440893e-15)
    (2.0530664058e+01 2.7860791125e-15)
    (2.1299508263e+01 2.7441571736e-15)
    (2.2109288431e+01 2.7014617446e-15)
    (2.2959485968e+01 2.6571597390e-15)
    (2.3850104879e+01 2.6105607824e-15)
    (2.4788921536e+01 2.5633387113e-15)
    (2.5776295005e+01 2.5147380098e-15)
    (2.6817698048e+01 2.4647949585e-15)
    (2.7909067436e+01 2.4132094817e-15)
    (2.9061538888e+01 2.3610272598e-15)
    (3.0279874265e+01 2.3077622366e-15)
    (3.1556757395e+01 2.2533220683e-15)
    (3.2908931845e+01 2.1983669271e-15)
    (3.4342348823e+01 2.1426038085e-15)
    (3.5842127009e+01 2.0857441222e-15)
    (3.7437719791e+01 2.0289330042e-15)
    (3.9117090489e+01 1.9710078460e-15)
    (4.0644106575e+01 1.9107933568e-15)
    (4.2796040127e+01 1.8557637107e-15)
    (4.4789131155e+01 1.7973688064e-15)
    (4.6589221150e+01 1.7366841657e-15)
    (4.9179324484e+01 1.6816700933e-15)
    (5.1201199815e+01 1.6220670223e-15)
    (5.4099126670e+01 1.5663500796e-15)
    (5.6778858337e+01 1.5092651622e-15)
    (5.9117854096e+01 1.4500412553e-15)
    (6.2718461942e+01 1.3959037298e-15)
    (6.5410085846e+01 1.3393328893e-15)
    (6.9496742822e+01 1.2858172475e-15)
    (7.3180976752e+01 1.2317436911e-15)
    (7.7182577491e+01 1.1786335014e-15)
    (8.1420085225e+01 1.1258983282e-15)
    (8.6011788405e+01 1.0746898087e-15)
    (9.0867763137e+01 1.0242896953e-15)
    (9.6165388139e+01 9.7518151983e-16)
    (1.0177823578e+02 9.2680824537e-16)
    (1.0792309375e+02 8.8000268877e-16)
    (1.1458604701e+02 8.3435888179e-16)
    (1.2160542734e+02 7.8984121225e-16)
    (1.2939531717e+02 7.4672312796e-16)
    (1.3542361118e+02 7.0378460416e-16)
    (1.4388362195e+02 6.6344195936e-16)
    (1.5371740495e+02 6.2448739495e-16)
    (1.6736124994e+02 5.8677005518e-16)
    (1.7556818514e+02 5.4891414335e-16)
    (1.9180551086e+02 5.1513840324e-16)
    (2.0148427830e+02 4.7999692010e-16)
);
