// k[EI_N2_EXC_N2_V1] [m^3/s] vs reducedE [V m^2]; air_plasma [94c490be646f8872], T_gas = 300.000000 K
(
    (0 8.3978961866e-20)
    (1.0000000000e-22 8.3978961866e-20)
    (1.0452754953e-22 9.4014663380e-20)
    (1.0926008611e-22 1.0452497902e-19)
    (1.1420689063e-22 1.1555212875e-19)
    (1.1937766417e-22 1.2714040738e-19)
    (1.2478254705e-22 1.3933511585e-19)
    (1.3043213867e-22 1.5218209784e-19)
    (1.3633751836e-22 1.6572760224e-19)
    (1.4251026703e-22 1.8001827015e-19)
    (1.4896248996e-22 1.9510116435e-19)
    (1.5570684048e-22 2.1625580498e-19)
    (1.6275654480e-22 2.2783418133e-19)
    (1.7012542799e-22 2.4558088508e-19)
    (1.7782794100e-22 2.6431312906e-19)
    (1.8587918911e-22 2.8408094182e-19)
    (1.9429496147e-22 3.0493538084e-19)
    (2.0309176209e-22 3.2692882504e-19)
    (2.1228684221e-22 3.5054612674e-19)
    (2.2189823415e-22 3.7499138674e-19)
    (2.3194478661e-22 4.0075092076e-19)
    (2.4244620171e-22 4.2838303849e-19)
    (2.5342307358e-22 4.5692125819e-19)
    (2.6489692876e-22 4.8697174200e-19)
    (2.7689026842e-22 5.1861035544e-19)
    (2.8942661247e-22 5.5191817373e-19)
    (3.0253054571e-22 5.8698183502e-19)
    (3.1622776602e-22 6.2389384639e-19)
    (3.3054513476e-22 6.6275280555e-19)
    (3.4551072946e-22 7.0366365250e-19)
    (3.6115389887e-22 7.4673782207e-19)
    (3.7750532053e-22 7.9209342182e-19)
    (3.9459706091e-22 8.3985540990e-19)
    (4.1246263829e-22 8.9015580046e-19)
    (4.3113708854e-22 9.4313391862e-19)
    (4.5065703377e-22 9.9893672800e-19)
    (4.7106075420e-22 1.0577192562e-18)
    (4.9238826317e-22 1.1196451456e-18)
    (5.1468138568e-22 1.1848873599e-18)
    (5.3798384034e-22 1.2536290811e-18)
    (5.6234132519e-22 1.3260648341e-18)
    (5.8780160723e-22 1.4024018798e-18)
    (6.1441461614e-22 1.4828619181e-18)
    (6.4223254222e-22 1.5676831383e-18)
    (6.7130993868e-22 1.6571226477e-18)
    (7.0170382867e-22 1.7514592890e-18)
    (7.3347381708e-22 1.8513400069e-18)
    (7.6668220745e-22 1.9570587838e-18)
    (8.0139412415e-22 2.0686872953e-18)
    (8.3767764007e-22 2.1870171786e-18)
    (8.7560391014e-22 2.3126915427e-18)
    (9.1524731088e-22 2.4478013801e-18)
    (9.5668558622e-22 2.5911726542e-18)
    (1.0000000000e-21 2.7451537672e-18)
    (1.0452754953e-21 2.9113865395e-18)
    (1.0926008611e-21 3.0919466893e-18)
    (1.1420689063e-21 3.2901161423e-18)
    (1.1937766417e-21 3.5079881893e-18)
    (1.2478254705e-21 3.7503474139e-18)
    (1.3043213867e-21 4.0224097764e-18)
    (1.3633751836e-21 4.3306231571e-18)
    (1.4251026703e-21 4.6828723736e-18)
    (1.4896248996e-21 5.0886802709e-18)
    (1.5570684048e-21 5.5593868200e-18)
    (1.6275654480e-21 6.1082859977e-18)
    (1.7012542799e-21 6.7506954685e-18)
    (1.7782794100e-21 7.5036357200e-18)
    (1.8587918911e-21 8.3873848339e-18)
    (1.9429496147e-21 9.4221512116e-18)
    (2.0309176209e-21 1.0629894909e-17)
    (2.1228684221e-21 1.2033114257e-17)
    (2.2189823415e-21 1.3654091463e-17)
    (2.3194478661e-21 1.5514016256e-17)
    (2.4244620171e-21 1.7632029364e-17)
    (2.5342307358e-21 2.0024244359e-17)
    (2.6489692876e-21 2.2702813167e-17)
    (2.7689026842e-21 2.5675103871e-17)
    (2.8942661247e-21 2.8943053464e-17)
    (3.0253054571e-21 3.2502748086e-17)
    (3.1622776602e-21 3.6344262134e-17)
    (3.3054513476e-21 4.0451769957e-17)
    (3.4551072946e-21 4.4803920096e-17)
    (3.6115389887e-21 4.9374442492e-17)
    (3.7750532053e-21 5.4132945248e-17)
    (3.9459706091e-21 5.9045844447e-17)
    (4.1246263829e-21 6.4077369528e-17)
    (4.3113708854e-21 6.9190586074e-17)
    (4.5065703377e-21 7.4348384316e-17)
    (4.7106075420e-21 7.9514390373e-17)
    (4.9238826317e-21 8.4642265077e-17)
    (5.1468138568e-21 8.9720270592e-17)
    (5.3798384034e-21 9.4708489049e-17)
    (5.6234132519e-21 9.9579913654e-17)
    (5.8780160723e-21 1.0431085164e-16)
    (6.1441461614e-21 1.0888103977e-16)
    (6.4223254222e-21 1.1327364903e-16)
    (6.7130993868e-21 1.1747519667e-16)
    (7.0170382867e-21 1.2147538291e-16)
    (7.3347381708e-21 1.2526687198e-16)
    (7.6668220745e-21 1.2884503344e-16)
    (8.0139412415e-21 1.3220765970e-16)
    (8.3767764007e-21 1.3535467287e-16)
    (8.7560391014e-21 1.3828783225e-16)
    (9.1524731088e-21 1.4101045116e-16)
    (9.5668558622e-21 1.4352712994e-16)
    (1.0000000000e-20 1.4584350965e-16)
    (1.0452754953e-20 1.4796604962e-16)
    (1.0926008611e-20 1.4990182994e-16)
    (1.1420689063e-20 1.5165837967e-16)
    (1.1937766417e-20 1.5323210151e-16)
    (1.2478254705e-20 1.5465153505e-16)
    (1.3043213867e-20 1.5591501054e-16)
    (1.3633751836e-20 1.5703037112e-16)
    (1.4251026703e-20 1.5800533242e-16)
    (1.4896248996e-20 1.5884742389e-16)
    (1.5570684048e-20 1.5956394281e-16)
    (1.6275654480e-20 1.6016191911e-16)
    (1.7012542799e-20 1.6064808954e-16)
    (1.7782794100e-20 1.6102888012e-16)
    (1.8587918911e-20 1.6131039440e-16)
    (1.9429496147e-20 1.6149863174e-16)
    (2.0309176209e-20 1.6159850073e-16)
    (2.1228684221e-20 1.6161538153e-16)
    (2.2189823415e-20 1.6148111672e-16)
    (2.3194478661e-20 1.6135048732e-16)
    (2.4244620171e-20 1.6115197953e-16)
    (2.5342307358e-20 1.6089043905e-16)
    (2.6489692876e-20 1.6057093589e-16)
    (2.7689026842e-20 1.6012621293e-16)
    (2.8942661247e-20 1.5964162345e-16)
    (3.0253054571e-20 1.5918202139e-16)
    (3.1622776602e-20 1.5868910842e-16)
    (3.3054513476e-20 1.5809508866e-16)
    (3.4551072946e-20 1.5757043460e-16)
    (3.6115389887e-20 1.5704769622e-16)
    (3.7750532053e-20 1.5654419799e-16)
    (3.9459706091e-20 1.5609706920e-16)
    (4.1246263829e-20 1.5570014362e-16)
    (4.3113708854e-20 1.5539913834e-16)
    (4.5065703377e-20 1.5522907212e-16)
    (4.7106075420e-20 1.5523008361e-16)
    (4.9238826317e-20 1.5536539562e-16)
    (5.1468138568e-20 1.5586074279e-16)
    (5.3798384034e-20 1.5667550846e-16)
    (5.6234132519e-20 1.5786545757e-16)
    (5.8780160723e-20 1.5947576731e-16)
    (6.1441461614e-20 1.6158984764e-16)
    (6.4223254222e-20 1.6424283445e-16)
    (6.7130993868e-20 1.6748061782e-16)
    (7.0170382867e-20 1.7134071008e-16)
    (7.3347381708e-20 1.7583528219e-16)
    (7.6668220745e-20 1.8101506202e-16)
    (8.0139412415e-20 1.8685737639e-16)
    (8.3767764007e-20 1.9334950315e-16)
    (8.7560391014e-20 2.0046527998e-16)
    (9.1524731088e-20 2.0828731918e-16)
    (9.5668558622e-20 2.1652549058e-16)
    (1.0000000000e-19 2.2524233099e-16)
    (1.0452754953e-19 2.3437653382e-16)
    (1.0926008611e-19 2.4384522121e-16)
    (1.1420689063e-19 2.5362520079e-16)
    (1.1937766417e-19 2.6363613982e-16)
    (1.2478254705e-19 2.7382325146e-16)
    (1.3043213867e-19 2.8413838506e-16)
    (1.3633751836e-19 2.9458211056e-16)
    (1.4251026703e-19 3.0502572338e-16)
    (1.4896248996e-19 3.1550192455e-16)
    (1.5570684048e-19 3.2599525578e-16)
    (1.6275654480e-19 3.3649794860e-16)
    (1.7012542799e-19 3.4700013366e-16)
    (1.7782794100e-19 3.5752047450e-16)
    (1.8587918911e-19 3.6806604897e-16)
    (1.9429496147e-19 3.7865154062e-16)
    (2.0309176209e-19 3.8929475284e-16)
    (2.1228684221e-19 4.0001556538e-16)
    (2.2189823415e-19 4.1083491036e-16)
    (2.3194478661e-19 4.2177378999e-16)
    (2.4244620171e-19 4.3278868406e-16)
    (2.5342307358e-19 4.4402491484e-16)
    (2.6489692876e-19 4.5538754266e-16)
    (2.7689026842e-19 4.6698555912e-16)
    (2.8942661247e-19 4.7877944224e-16)
    (3.0253054571e-19 4.9077404360e-16)
    (3.1622776602e-19 5.0292793600e-16)
    (3.3054513476e-19 5.1531981613e-16)
    (3.4551072946e-19 5.2790074416e-16)
    (3.6115389887e-19 5.4078976981e-16)
    (3.7750532053e-19 5.5369298627e-16)
    (3.9459706091e-19 5.6673309632e-16)
    (4.1246263829e-19 5.7988431157e-16)
    (4.3113708854e-19 5.9311743144e-16)
    (4.5065703377e-19 6.0640028278e-16)
    (4.7106075420e-19 6.1951586355e-16)
    (4.9238826317e-19 6.3279891905e-16)
    (5.1468138568e-19 6.4602080806e-16)
    (5.3798384034e-19 6.5914243034e-16)
    (5.6234132519e-19 6.7200448634e-16)
    (5.8780160723e-19 6.8480743740e-16)
    (6.1441461614e-19 6.9738627899e-16)
    (6.4223254222e-19 7.3645885535e-16)
    (6.7130993868e-19 7.4916257176e-16)
    (7.0170382867e-19 7.6146475643e-16)
    (7.3347381708e-19 7.7320331230e-16)
    (7.6668220745e-19 7.8432051218e-16)
    (8.0139412415e-19 7.9465746891e-16)
    (8.3767764007e-19 8.0437867938e-16)
    (8.7560391014e-19 8.1313034466e-16)
    (9.1524731088e-19 8.2126404215e-16)
    (9.5668558622e-19 8.2852975151e-16)
    (1.0000000000e-18 8.3474455337e-16)
    (1.0452754953e-18 8.4015850506e-16)
    (1.0926008611e-18 8.4459244456e-16)
    (1.1420689063e-18 8.4789918488e-16)
    (1.1937766417e-18 8.5028236826e-16)
    (1.2478254705e-18 8.5160819203e-16)
    (1.3043213867e-18 8.5185669932e-16)
    (1.3633751836e-18 8.5080257698e-16)
    (1.4251026703e-18 8.4887563577e-16)
    (1.4896248996e-18 8.4584422905e-16)
    (1.5570684048e-18 8.4147792706e-16)
    (1.6275654480e-18 8.3626167996e-16)
    (1.7012542799e-18 8.2995599818e-16)
    (1.7782794100e-18 8.2256137332e-16)
    (1.8587918911e-18 8.1396203943e-16)
    (1.9429496147e-18 8.0450816913e-16)
    (2.0309176209e-18 7.9403367226e-16)
    (2.1228684221e-18 7.8250073851e-16)
    (2.2189823415e-18 7.7014968782e-16)
    (2.3194478661e-18 7.5688305287e-16)
    (2.4244620171e-18 7.4264913484e-16)
    (2.5342307358e-18 7.2777435788e-16)
    (2.6489692876e-18 7.1193478517e-16)
    (2.7689026842e-18 6.9475233497e-16)
    (2.8942661247e-18 6.7870990090e-16)
    (3.0253054571e-18 6.6102482960e-16)
    (3.1622776602e-18 6.4224519203e-16)
    (3.3054513476e-18 6.2452537540e-16)
    (3.4551072946e-18 6.0515841629e-16)
    (3.6115389887e-18 5.8636603349e-16)
    (3.7750532053e-18 5.6684193455e-16)
    (3.9459706091e-18 5.4644006256e-16)
    (4.1246263829e-18 5.2719174662e-16)
    (4.3113708854e-18 5.0698419854e-16)
    (4.5065703377e-18 4.8740534277e-16)
    (4.7106075420e-18 4.6746662686e-16)
    (4.9238826317e-18 4.4768487068e-16)
    (5.1468138568e-18 4.2789267923e-16)
    (5.3798384034e-18 4.0845348651e-16)
    (5.6234132519e-18 3.8916903287e-16)
    (5.8780160723e-18 3.7026045537e-16)
    (6.1441461614e-18 3.5155881590e-16)
    (6.4223254222e-18 3.3334532706e-16)
    (6.7130993868e-18 3.1551646309e-16)
    (7.0170382867e-18 2.9808574496e-16)
    (7.3347381708e-18 2.8115585570e-16)
    (7.6668220745e-18 2.6423411716e-16)
    (8.0139412415e-18 2.4838297538e-16)
    (8.3767764007e-18 2.3306437586e-16)
    (8.7560391014e-18 2.1825277596e-16)
    (9.1524731088e-18 2.0315654613e-16)
    (9.5668558622e-18 1.9015830759e-16)
    (1.0000000000e-17 1.7609134932e-16)
);
