// k[EI_N2_EXC_N2_V4] [m^3/s] vs reducedE [V m^2]; air_plasma [94c490be646f8872], T_gas = 300.000000 K
(
    (0 0.0000000000e+00)
    (1.0000000000e-22 0.0000000000e+00)
    (1.0452754953e-22 0.0000000000e+00)
    (1.0926008611e-22 0.0000000000e+00)
    (1.1420689063e-22 0.0000000000e+00)
    (1.1937766417e-22 0.0000000000e+00)
    (1.2478254705e-22 0.0000000000e+00)
    (1.3043213867e-22 0.0000000000e+00)
    (1.3633751836e-22 0.0000000000e+00)
    (1.4251026703e-22 0.0000000000e+00)
    (1.4896248996e-22 0.0000000000e+00)
    (1.5570684048e-22 0.0000000000e+00)
    (1.6275654480e-22 0.0000000000e+00)
    (1.7012542799e-22 0.0000000000e+00)
    (1.7782794100e-22 0.0000000000e+00)
    (1.8587918911e-22 0.0000000000e+00)
    (1.9429496147e-22 0.0000000000e+00)
    (2.0309176209e-22 0.0000000000e+00)
    (2.1228684221e-22 0.0000000000e+00)
    (2.2189823415e-22 0.0000000000e+00)
    (2.3194478661e-22 0.0000000000e+00)
    (2.4244620171e-22 0.0000000000e+00)
    (2.5342307358e-22 0.0000000000e+00)
    (2.6489692876e-22 0.0000000000e+00)
    (2.7689026842e-22 0.0000000000e+00)
    (2.8942661247e-22 0.0000000000e+00)
    (3.0253054571e-22 0.0000000000e+00)
    (3.1622776602e-22 0.0000000000e+00)
    (3.3054513476e-22 0.0000000000e+00)
    (3.4551072946e-22 0.0000000000e+00)
    (3.6115389887e-22 0.0000000000e+00)
    (3.7750532053e-22 0.0000000000e+00)
    (3.9459706091e-22 0.0000000000e+00)
    (4.1246263829e-22 0.0000000000e+00)
    (4.3113708854e-22 0.0000000000e+00)
    (4.5065703377e-22 0.0000000000e+00)
    (4.7106075420e-22 0.0000000000e+00)
    (4.9238826317e-22 0.0000000000e+00)
    (5.1468138568e-22 0.0000000000e+00)
    (5.3798384034e-22 0.0000000000e+00)
    (5.6234132519e-22 0.0000000000e+00)
    (5.8780160723e-22 0.0000000000e+00)
    (6.1441461614e-22 0.0000000000e+00)
    (6.4223254222e-22 0.0000000000e+00)
    (6.7130993868e-22 0.0000000000e+00)
    (7.0170382867e-22 0.0000000000e+00)
    (7.3347381708e-22 0.0000000000e+00)
    (7.6668220745e-22 0.0000000000e+00)
    (8.0139412415e-22 0.0000000000e+00)
    (8.3767764007e-22 0.0000000000e+00)
    (8.7560391014e-22 0.0000000000e+00)
    (9.1524731088e-22 0.0000000000e+00)
    (9.5668558622e-22 0.0000000000e+00)
    (1.0000000000e-21 0.0000000000e+00)
    (1.0452754953e-21 0.0000000000e+00)
    (1.0926008611e-21 0.0000000000e+00)
    (1.1420689063e-21 0.0000000000e+00)
    (1.1937766417e-21 0.0000000000e+00)
    (1.2478254705e-21 0.0000000000e+00)
    (1.3043213867e-21 0.0000000000e+00)
    (1.3633751836e-21 0.0000000000e+00)
    (1.4251026703e-21 0.0000000000e+00)
    (1.4896248996e-21 0.0000000000e+00)
    (1.5570684048e-21 0.0000000000e+00)
    (1.6275654480e-21 0.0000000000e+00)
    (1.7012542799e-21 0.0000000000e+00)
    (1.7782794100e-21 0.0000000000e+00)
    (1.8587918911e-21 0.0000000000e+00)
    (1.9429496147e-21 0.0000000000e+00)
    (2.0309176209e-21 0.0000000000e+00)
    (2.1228684221e-21 1.0236839611e-28)
    (2.2189823415e-21 1.1122162981e-27)
    (2.3194478661e-21 2.3089336245e-26)
    (2.4244620171e-21 2.4320618034e-25)
    (2.5342307358e-21 6.9048723952e-25)
    (2.6489692876e-21 1.4545432421e-24)
    (2.7689026842e-21 2.7761648994e-24)
    (2.8942661247e-21 5.0693439152e-24)
    (3.0253054571e-21 9.0347743602e-24)
    (3.1622776602e-21 1.5820918952e-23)
    (3.3054513476e-21 2.7260716594e-23)
    (3.4551072946e-21 4.6201173974e-23)
    (3.6115389887e-21 7.6942585356e-23)
    (3.7750532053e-21 1.2581815753e-22)
    (3.9459706091e-21 2.0191218773e-22)
    (4.1246263829e-21 3.1793542062e-22)
    (4.3113708854e-21 4.9124827760e-22)
    (4.5065703377e-21 7.4501539602e-22)
    (4.7106075420e-21 1.1094606296e-21)
    (4.9238826317e-21 3.5596836202e-21)
    (5.1468138568e-21 5.5160569205e-21)
    (5.3798384034e-21 8.4371046603e-21)
    (5.6234132519e-21 1.2743043511e-20)
    (5.8780160723e-21 1.9017097291e-20)
    (6.1441461614e-21 2.8051462203e-20)
    (6.4223254222e-21 4.0910846244e-20)
    (6.7130993868e-21 5.9021011993e-20)
    (7.0170382867e-21 8.4266655529e-20)
    (7.3347381708e-21 1.1911383787e-19)
    (7.6668220745e-21 1.6675768208e-19)
    (8.0139412415e-21 2.3129761378e-19)
    (8.3767764007e-21 3.1794259048e-19)
    (8.7560391014e-21 4.3324810907e-19)
    (9.1524731088e-21 5.8538597425e-19)
    (9.5668558622e-21 7.8444675845e-19)
    (1.0000000000e-20 1.0427735823e-18)
    (1.0452754953e-20 1.3753243123e-18)
    (1.0926008611e-20 1.8000576329e-18)
    (1.1420689063e-20 2.3383358988e-18)
    (1.1937766417e-20 2.9722271956e-18)
    (1.2478254705e-20 3.7956595465e-18)
    (1.3043213867e-20 4.8126565390e-18)
    (1.3633751836e-20 6.0596218604e-18)
    (1.4251026703e-20 7.5777384759e-18)
    (1.4896248996e-20 9.4132014902e-18)
    (1.5570684048e-20 1.1617396442e-17)
    (1.6275654480e-20 1.4247013836e-17)
    (1.7012542799e-20 1.7364091903e-17)
    (1.7782794100e-20 2.1035980640e-17)
    (1.8587918911e-20 2.5335223414e-17)
    (1.9429496147e-20 3.0359423321e-17)
    (2.0309176209e-20 3.6158598372e-17)
    (2.1228684221e-20 4.2835501099e-17)
    (2.2189823415e-20 5.0674722453e-17)
    (2.3194478661e-20 5.9388913164e-17)
    (2.4244620171e-20 6.9266415396e-17)
    (2.5342307358e-20 8.0409019054e-17)
    (2.6489692876e-20 9.2920429362e-17)
    (2.7689026842e-20 1.0721179877e-16)
    (2.8942661247e-20 1.2293622933e-16)
    (3.0253054571e-20 1.4016364438e-16)
    (3.1622776602e-20 1.5916988726e-16)
    (3.3054513476e-20 1.8023730734e-16)
    (3.4551072946e-20 2.0307380662e-16)
    (3.6115389887e-20 2.2795073892e-16)
    (3.7750532053e-20 2.5493248614e-16)
    (3.9459706091e-20 2.8378567373e-16)
    (4.1246263829e-20 3.1506680181e-16)
    (4.3113708854e-20 3.4851866703e-16)
    (4.5065703377e-20 3.8410147973e-16)
    (4.7106075420e-20 4.2173442952e-16)
    (4.9238826317e-20 4.6185701647e-16)
    (5.1468138568e-20 5.0312326134e-16)
    (5.3798384034e-20 5.4588729568e-16)
    (5.6234132519e-20 5.8985013301e-16)
    (5.8780160723e-20 6.3410996357e-16)
    (6.1441461614e-20 6.7933715061e-16)
    (6.4223254222e-20 7.2452173840e-16)
    (6.7130993868e-20 7.6915526475e-16)
    (7.0170382867e-20 8.1270304326e-16)
    (7.3347381708e-20 8.5405408945e-16)
    (7.6668220745e-20 8.9375960118e-16)
    (8.0139412415e-20 9.3081318376e-16)
    (8.3767764007e-20 9.6476424543e-16)
    (8.7560391014e-20 9.9522938402e-16)
    (9.1524731088e-20 1.0215947336e-15)
    (9.5668558622e-20 1.0442540072e-15)
    (1.0000000000e-19 1.0627937142e-15)
    (1.0452754953e-19 1.0771840019e-15)
    (1.0926008611e-19 1.0866958016e-15)
    (1.1420689063e-19 1.0931244418e-15)
    (1.1937766417e-19 1.0957710593e-15)
    (1.2478254705e-19 1.0948773100e-15)
    (1.3043213867e-19 1.0907204415e-15)
    (1.3633751836e-19 1.0836527318e-15)
    (1.4251026703e-19 1.0738706363e-15)
    (1.4896248996e-19 1.0617522317e-15)
    (1.5570684048e-19 1.0475985269e-15)
    (1.6275654480e-19 1.0316968994e-15)
    (1.7012542799e-19 1.0138457213e-15)
    (1.7782794100e-19 9.9528252306e-16)
    (1.8587918911e-19 9.7571125032e-16)
    (1.9429496147e-19 9.5533509017e-16)
    (2.0309176209e-19 9.3433482254e-16)
    (2.1228684221e-19 9.1286975827e-16)
    (2.2189823415e-19 8.9107909022e-16)
    (2.3194478661e-19 8.6908349576e-16)
    (2.4244620171e-19 8.4662895722e-16)
    (2.5342307358e-19 8.2456354355e-16)
    (2.6489692876e-19 8.0280728552e-16)
    (2.7689026842e-19 7.8090121383e-16)
    (2.8942661247e-19 7.5917272676e-16)
    (3.0253054571e-19 7.3766748688e-16)
    (3.1622776602e-19 7.1617557019e-16)
    (3.3054513476e-19 6.9525709573e-16)
    (3.4551072946e-19 6.7465310088e-16)
    (3.6115389887e-19 6.5369707909e-16)
    (3.7750532053e-19 6.3380712338e-16)
    (3.9459706091e-19 6.1428639113e-16)
    (4.1246263829e-19 5.9514565283e-16)
    (4.3113708854e-19 5.7639320740e-16)
    (4.5065703377e-19 5.5803523687e-16)
    (4.7106075420e-19 5.4047548705e-16)
    (4.9238826317e-19 5.2289064895e-16)
    (5.1468138568e-19 5.0571012757e-16)
    (5.3798384034e-19 4.8893390633e-16)
    (5.6234132519e-19 4.7225678588e-16)
    (5.8780160723e-19 4.5631232759e-16)
    (6.1441461614e-19 4.4076454722e-16)
    (6.4223254222e-19 3.8829943353e-16)
    (6.7130993868e-19 3.7226650627e-16)
    (7.0170382867e-19 3.5697282776e-16)
    (7.3347381708e-19 3.4213227955e-16)
    (7.6668220745e-19 3.2774200637e-16)
    (8.0139412415e-19 3.1424296131e-16)
    (8.3767764007e-19 3.0070247537e-16)
    (8.7560391014e-19 2.8719229345e-16)
    (9.1524731088e-19 2.7458608101e-16)
    (9.5668558622e-19 2.6240586066e-16)
    (1.0000000000e-18 2.5063970669e-16)
    (1.0452754953e-18 2.3928390323e-16)
    (1.0926008611e-18 2.2833419280e-16)
    (1.1420689063e-18 2.1796168714e-16)
    (1.1937766417e-18 2.0777353888e-16)
    (1.2478254705e-18 1.9796757220e-16)
    (1.3043213867e-18 1.8853328526e-16)
    (1.3633751836e-18 1.7905332858e-16)
    (1.4251026703e-18 1.7038772102e-16)
    (1.4896248996e-18 1.6205990658e-16)
    (1.5570684048e-18 1.5427927204e-16)
    (1.6275654480e-18 1.4657058537e-16)
    (1.7012542799e-18 1.3917714537e-16)
    (1.7782794100e-18 1.3208590802e-16)
    (1.8587918911e-18 1.2539667748e-16)
    (1.9429496147e-18 1.1887601954e-16)
    (2.0309176209e-18 1.1263226146e-16)
    (2.1228684221e-18 1.0646226160e-16)
    (2.2189823415e-18 1.0078720303e-16)
    (2.3194478661e-18 9.5357637324e-17)
    (2.4244620171e-18 9.0084148746e-17)
    (2.5342307358e-18 8.5149698564e-17)
    (2.6489692876e-18 8.0514062412e-17)
    (2.7689026842e-18 7.5841866442e-17)
    (2.8942661247e-18 7.1712199007e-17)
    (3.0253054571e-18 6.7669956580e-17)
    (3.1622776602e-18 6.3585819613e-17)
    (3.3054513476e-18 6.0038580828e-17)
    (3.4551072946e-18 5.6398524090e-17)
    (3.6115389887e-18 5.3106363485e-17)
    (3.7750532053e-18 4.9901915781e-17)
    (3.9459706091e-18 4.6869318562e-17)
    (4.1246263829e-18 4.3947116920e-17)
    (4.3113708854e-18 4.1297725161e-17)
    (4.5065703377e-18 3.8652477945e-17)
    (4.7106075420e-18 3.6233913369e-17)
    (4.9238826317e-18 3.3917831931e-17)
    (5.1468138568e-18 3.1723411199e-17)
    (5.3798384034e-18 2.9649441581e-17)
    (5.6234132519e-18 2.7706118303e-17)
    (5.8780160723e-18 2.5850633863e-17)
    (6.1441461614e-18 2.4097291145e-17)
    (6.4223254222e-18 2.2443453669e-17)
    (6.7130993868e-18 2.0882257075e-17)
    (7.0170382867e-18 1.9421059592e-17)
    (7.3347381708e-18 1.8033831731e-17)
    (7.6668220745e-18 1.6769294214e-17)
    (8.0139412415e-18 1.5542779974e-17)
    (8.3767764007e-18 1.4387885001e-17)
    (8.7560391014e-18 1.3253809959e-17)
    (9.1524731088e-18 1.2218457416e-17)
    (9.5668558622e-18 1.1284141853e-17)
    (1.0000000000e-17 1.0342070742e-17)
);
