// k[EI_N2_ION_N2] [m^3/s] vs mean energy [eV]; air_plasma [94c490be646f8872], T_gas = 300.000000 K
(
    (0 0.0000000000e+00)
    (1.3716736877e-01 0.0000000000e+00)
    (1.4076967004e-01 0.0000000000e+00)
    (1.4397591983e-01 0.0000000000e+00)
    (1.4684102077e-01 0.0000000000e+00)
    (1.4941193350e-01 0.0000000000e+00)
    (1.5172852860e-01 0.0000000000e+00)
    (1.5382471337e-01 0.0000000000e+00)
    (1.5572953486e-01 0.0000000000e+00)
    (1.5746814299e-01 0.0000000000e+00)
    (1.5906258451e-01 0.0000000000e+00)
    (1.6040177321e-01 0.0000000000e+00)
    (1.6189529828e-01 0.0000000000e+00)
    (1.6316717670e-01 0.0000000000e+00)
    (1.6436277106e-01 0.0000000000e+00)
    (1.6549569504e-01 0.0000000000e+00)
    (1.6657864137e-01 0.0000000000e+00)
    (1.6762350584e-01 0.0000000000e+00)
    (1.6865351356e-01 0.0000000000e+00)
    (1.6965530759e-01 0.0000000000e+00)
    (1.7065088677e-01 0.0000000000e+00)
    (1.7163694874e-01 0.0000000000e+00)
    (1.7264754568e-01 0.0000000000e+00)
    (1.7367870384e-01 0.0000000000e+00)
    (1.7473842382e-01 0.0000000000e+00)
    (1.7583425455e-01 0.0000000000e+00)
    (1.7697330632e-01 0.0000000000e+00)
    (1.7816226381e-01 0.0000000000e+00)
    (1.7940739973e-01 0.0000000000e+00)
    (1.8071459251e-01 0.0000000000e+00)
    (1.8208934620e-01 0.0000000000e+00)
    (1.8353681581e-01 0.0000000000e+00)
    (1.8506183817e-01 0.0000000000e+00)
    (1.8666896889e-01 0.0000000000e+00)
    (1.8836252602e-01 0.0000000000e+00)
    (1.9014664040e-01 0.0000000000e+00)
    (1.9202531289e-01 0.0000000000e+00)
    (1.9400247796e-01 0.0000000000e+00)
    (1.9608207355e-01 0.0000000000e+00)
    (1.9826811637e-01 0.0000000000e+00)
    (2.0056478234e-01 0.0000000000e+00)
    (2.0297649148e-01 0.0000000000e+00)
    (2.0550799658e-01 0.0000000000e+00)
    (2.0816447512e-01 0.0000000000e+00)
    (2.1095162348e-01 0.0000000000e+00)
    (2.1387575250e-01 0.0000000000e+00)
    (2.1694252519e-01 0.0000000000e+00)
    (2.2014784268e-01 0.0000000000e+00)
    (2.2353442384e-01 0.0000000000e+00)
    (2.2709473824e-01 0.0000000000e+00)
    (2.3084124291e-01 0.0000000000e+00)
    (2.3479830546e-01 0.0000000000e+00)
    (2.3896127860e-01 0.0000000000e+00)
    (2.4336008158e-01 0.0000000000e+00)
    (2.4801609114e-01 0.0000000000e+00)
    (2.5295357748e-01 0.0000000000e+00)
    (2.5819912151e-01 0.0000000000e+00)
    (2.6378573470e-01 0.0000000000e+00)
    (2.6974624072e-01 0.0000000000e+00)
    (2.7611826438e-01 0.0000000000e+00)
    (2.8294267020e-01 0.0000000000e+00)
    (2.9026318406e-01 0.0000000000e+00)
    (2.9812578117e-01 0.0000000000e+00)
    (3.0657780390e-01 0.0000000000e+00)
    (3.1566679772e-01 0.0000000000e+00)
    (3.2543906532e-01 0.0000000000e+00)
    (3.3590884834e-01 0.0000000000e+00)
    (3.4717220621e-01 0.0000000000e+00)
    (3.5923181777e-01 0.0000000000e+00)
    (3.7211011301e-01 0.0000000000e+00)
    (3.8581857835e-01 0.0000000000e+00)
    (4.0035607801e-01 0.0000000000e+00)
    (4.1570758173e-01 0.0000000000e+00)
    (4.3184341715e-01 0.0000000000e+00)
    (4.4871913847e-01 0.0000000000e+00)
    (4.6627605897e-01 0.0000000000e+00)
    (4.8444243519e-01 0.0000000000e+00)
    (5.0313523891e-01 0.0000000000e+00)
    (5.2226241062e-01 0.0000000000e+00)
    (5.4172544282e-01 0.0000000000e+00)
    (5.6142213216e-01 0.0000000000e+00)
    (5.8124933256e-01 0.0000000000e+00)
    (6.0110555710e-01 0.0000000000e+00)
    (6.2089330726e-01 0.0000000000e+00)
    (6.4052103707e-01 0.0000000000e+00)
    (6.5990470387e-01 0.0000000000e+00)
    (6.7896888897e-01 0.0000000000e+00)
    (6.9764750311e-01 0.0000000000e+00)
    (7.1588411412e-01 0.0000000000e+00)
    (7.3358636508e-01 0.0000000000e+00)
    (7.5079956951e-01 0.0000000000e+00)
    (7.6745533679e-01 0.0000000000e+00)
    (7.8353256295e-01 0.0000000000e+00)
    (7.9901751861e-01 0.0000000000e+00)
    (8.1390305888e-01 0.0000000000e+00)
    (8.2818781969e-01 0.0000000000e+00)
    (8.4187543085e-01 0.0000000000e+00)
    (8.5497376287e-01 0.0000000000e+00)
    (8.6749422815e-01 0.0000000000e+00)
    (8.7945114297e-01 0.0000000000e+00)
    (8.9086115759e-01 0.0000000000e+00)
    (9.0174275648e-01 0.0000000000e+00)
    (9.1211582875e-01 0.0000000000e+00)
    (9.2200130648e-01 0.0000000000e+00)
    (9.3142086729e-01 0.0000000000e+00)
    (9.4039669615e-01 0.0000000000e+00)
    (9.4895130096e-01 0.0000000000e+00)
    (9.5710737510e-01 0.0000000000e+00)
    (9.6488770191e-01 0.0000000000e+00)
    (9.7229590192e-01 0.0000000000e+00)
    (9.7938516542e-01 0.0000000000e+00)
    (9.8616492913e-01 0.0000000000e+00)
    (9.9265725317e-01 0.0000000000e+00)
    (9.9888404860e-01 0.0000000000e+00)
    (1.0048670852e+00 0.0000000000e+00)
    (1.0106280054e+00 0.0000000000e+00)
    (1.0161883420e+00 0.0000000000e+00)
    (1.0215695391e+00 0.0000000000e+00)
    (1.0267929757e+00 0.0000000000e+00)
    (1.0318799893e+00 0.0000000000e+00)
    (1.0368231641e+00 0.0000000000e+00)
    (1.0417033534e+00 0.0000000000e+00)
    (1.0465120896e+00 0.0000000000e+00)
    (1.0510868798e+00 0.0000000000e+00)
    (1.0558591901e+00 0.0000000000e+00)
    (1.0606532011e+00 0.0000000000e+00)
    (1.0655074194e+00 0.0000000000e+00)
    (1.0704684867e+00 0.0000000000e+00)
    (1.0751997672e+00 0.0000000000e+00)
    (1.0804337616e+00 0.0000000000e+00)
    (1.0860944535e+00 0.0000000000e+00)
    (1.0921800381e+00 0.0000000000e+00)
    (1.0986620877e+00 0.0000000000e+00)
    (1.1060807526e+00 0.0000000000e+00)
    (1.1144567561e+00 0.0000000000e+00)
    (1.1240549775e+00 0.0000000000e+00)
    (1.1350476809e+00 0.0000000000e+00)
    (1.1481500995e+00 0.0000000000e+00)
    (1.1636258812e+00 0.0000000000e+00)
    (1.1819885899e+00 0.0000000000e+00)
    (1.2038177966e+00 0.0000000000e+00)
    (1.2301634388e+00 6.9894963838e-23)
    (1.2609969543e+00 1.4105009878e-22)
    (1.2973623006e+00 2.7352728581e-22)
    (1.3400043215e+00 5.1285401937e-22)
    (1.3902463429e+00 1.9639049588e-21)
    (1.4476740785e+00 3.7121283800e-21)
    (1.5134371384e+00 6.7713273069e-21)
    (1.5880617826e+00 1.1983399518e-20)
    (1.6719409929e+00 2.0636365204e-20)
    (1.7660607105e+00 3.7579360912e-20)
    (1.8689224005e+00 6.1963089259e-20)
    (1.9811674964e+00 1.0016306921e-19)
    (2.1024762198e+00 1.5876862470e-19)
    (2.2323544675e+00 2.4687528385e-19)
    (2.3723894726e+00 3.8047157275e-19)
    (2.5173051541e+00 5.7149056723e-19)
    (2.6685098823e+00 8.4405999236e-19)
    (2.8251127843e+00 1.2266438275e-18)
    (2.9864403845e+00 1.7569833732e-18)
    (3.1511716903e+00 2.4790371847e-18)
    (3.3187345263e+00 3.4494085301e-18)
    (3.4884072284e+00 4.7366289138e-18)
    (3.6595680228e+00 6.4233194296e-18)
    (3.8329812660e+00 8.6110190278e-18)
    (4.0054036492e+00 1.1411029661e-17)
    (4.1781426573e+00 1.4963545732e-17)
    (4.3510158689e+00 1.9427891243e-17)
    (4.5239369983e+00 2.4987667312e-17)
    (4.6971621121e+00 3.1867077643e-17)
    (4.8701409953e+00 4.0278924999e-17)
    (5.0433978978e+00 5.0505583419e-17)
    (5.2171246267e+00 6.2849375859e-17)
    (5.3915564382e+00 7.7646844118e-17)
    (5.5669629670e+00 9.5270206403e-17)
    (5.7436400435e+00 1.1612834054e-16)
    (5.9219025871e+00 1.4066747138e-16)
    (6.1010979376e+00 1.6931714224e-16)
    (6.2835570479e+00 2.0272918392e-16)
    (6.4679920423e+00 2.4136916856e-16)
    (6.6560078497e+00 2.8589792185e-16)
    (6.8473428104e+00 3.3697380175e-16)
    (7.0423340172e+00 3.9526534911e-16)
    (7.2409465159e+00 4.6145193411e-16)
    (7.4442081970e+00 5.3631569442e-16)
    (7.6521663603e+00 6.2068192482e-16)
    (7.8676105910e+00 7.1631496975e-16)
    (8.0858487204e+00 8.2231291817e-16)
    (8.3098278044e+00 9.4042080621e-16)
    (8.5398932950e+00 1.0715743679e-15)
    (8.7763949131e+00 1.2167405079e-15)
    (9.0196879697e+00 1.3769160603e-15)
    (9.2670974766e+00 1.5517908150e-15)
    (9.5251096885e+00 1.7449705005e-15)
    (9.7910839770e+00 1.9564269145e-15)
    (1.0065371630e+01 2.1871866097e-15)
    (1.0346344593e+01 2.4375062814e-15)
    (1.0638438926e+01 2.7100737411e-15)
    (1.0940187398e+01 3.0055443668e-15)
    (1.1925355136e+01 3.9936802819e-15)
    (1.2308824412e+01 4.4347758145e-15)
    (1.2709276652e+01 4.9128904005e-15)
    (1.3126439691e+01 5.4302508700e-15)
    (1.3561263285e+01 5.9889895236e-15)
    (1.4012493747e+01 6.5891224012e-15)
    (1.4484291915e+01 7.2347884546e-15)
    (1.4973992379e+01 7.9271621891e-15)
    (1.5487666223e+01 8.6687746758e-15)
    (1.6023909695e+01 9.4614203496e-15)
    (1.6583468512e+01 1.0307642870e-14)
    (1.7168941463e+01 1.1208707427e-14)
    (1.7781023451e+01 1.2166839925e-14)
    (1.8422151615e+01 1.3186078350e-14)
    (1.9092649339e+01 1.4264842756e-14)
    (1.9794733945e+01 1.5406463836e-14)
    (2.0530664058e+01 1.6613241728e-14)
    (2.1299508263e+01 1.7884379385e-14)
    (2.2109288431e+01 1.9226240002e-14)
    (2.2959485968e+01 2.0638256094e-14)
    (2.3850104879e+01 2.2118763464e-14)
    (2.4788921536e+01 2.3675199325e-14)
    (2.5776295005e+01 2.5305808647e-14)
    (2.6817698048e+01 2.7014064374e-14)
    (2.7909067436e+01 2.8791788248e-14)
    (2.9061538888e+01 3.0650117676e-14)
    (3.0279874265e+01 3.2588775601e-14)
    (3.1556757395e+01 3.4594063369e-14)
    (3.2908931845e+01 3.6684181950e-14)
    (3.4342348823e+01 3.8855782865e-14)
    (3.5842127009e+01 4.1088091061e-14)
    (3.7437719791e+01 4.3408334328e-14)
    (3.9117090489e+01 4.5788808496e-14)
    (4.0644106575e+01 4.8006727761e-14)
    (4.2796040127e+01 5.0798442170e-14)
    (4.4789131155e+01 5.3391295418e-14)
    (4.6589221150e+01 5.5794527618e-14)
    (4.9179324484e+01 5.8817087611e-14)
    (5.1201199815e+01 6.1344579156e-14)
    (5.4099126670e+01 6.4463577694e-14)
    (5.6778858337e+01 6.7347345579e-14)
    (5.9117854096e+01 6.9956505053e-14)
    (6.2718461942e+01 7.3328023945e-14)
    (6.5410085846e+01 7.6063589118e-14)
    (6.9496742822e+01 7.9502339834e-14)
    (7.3180976752e+01 8.2594565046e-14)
    (7.7182577491e+01 8.5766499993e-14)
    (8.1420085225e+01 8.8927114693e-14)
    (8.6011788405e+01 9.2140940692e-14)
    (9.0867763137e+01 9.5310824254e-14)
    (9.6165388139e+01 9.8543556885e-14)
    (1.0177823578e+02 1.0172100587e-13)
    (1.0792309375e+02 1.0494629759e-13)
    (1.1458604701e+02 1.0815770978e-13)
    (1.2160542734e+02 1.1128014864e-13)
    (1.2939531717e+02 1.1444128419e-13)
    (1.3542361118e+02 1.1700398638e-13)
    (1.4388362195e+02 1.1991349051e-13)
    (1.5371740495e+02 1.2298739604e-13)
    (1.6736124994e+02 1.2653198708e-13)
    (1.7556818514e+02 1.2884974069e-13)
    (1.9180551086e+02 1.3220706656e-13)
    (2.0148427830e+02 1.3434528770e-13)
);
