// k[EI_O_EXC_O_1S] [m^3/s] vs reducedE [V m^2]; air_plasma [94c490be646f8872], T_gas = 300.000000 K
(
    (0 0.0000000000e+00)
    (1.0000000000e-22 0.0000000000e+00)
    (1.0452754953e-22 0.0000000000e+00)
    (1.0926008611e-22 0.0000000000e+00)
    (1.1420689063e-22 0.0000000000e+00)
    (1.1937766417e-22 0.0000000000e+00)
    (1.2478254705e-22 0.0000000000e+00)
    (1.3043213867e-22 0.0000000000e+00)
    (1.3633751836e-22 0.0000000000e+00)
    (1.4251026703e-22 0.0000000000e+00)
    (1.4896248996e-22 0.0000000000e+00)
    (1.5570684048e-22 0.0000000000e+00)
    (1.6275654480e-22 0.0000000000e+00)
    (1.7012542799e-22 0.0000000000e+00)
    (1.7782794100e-22 0.0000000000e+00)
    (1.8587918911e-22 0.0000000000e+00)
    (1.9429496147e-22 0.0000000000e+00)
    (2.0309176209e-22 0.0000000000e+00)
    (2.1228684221e-22 0.0000000000e+00)
    (2.2189823415e-22 0.0000000000e+00)
    (2.3194478661e-22 0.0000000000e+00)
    (2.4244620171e-22 0.0000000000e+00)
    (2.5342307358e-22 0.0000000000e+00)
    (2.6489692876e-22 0.0000000000e+00)
    (2.7689026842e-22 0.0000000000e+00)
    (2.8942661247e-22 0.0000000000e+00)
    (3.0253054571e-22 0.0000000000e+00)
    (3.1622776602e-22 0.0000000000e+00)
    (3.3054513476e-22 0.0000000000e+00)
    (3.4551072946e-22 0.0000000000e+00)
    (3.6115389887e-22 0.0000000000e+00)
    (3.7750532053e-22 0.0000000000e+00)
    (3.9459706091e-22 0.0000000000e+00)
    (4.1246263829e-22 0.0000000000e+00)
    (4.3113708854e-22 0.0000000000e+00)
    (4.5065703377e-22 0.0000000000e+00)
    (4.7106075420e-22 0.0000000000e+00)
    (4.9238826317e-22 0.0000000000e+00)
    (5.1468138568e-22 0.0000000000e+00)
    (5.3798384034e-22 0.0000000000e+00)
    (5.6234132519e-22 0.0000000000e+00)
    (5.8780160723e-22 0.0000000000e+00)
    (6.1441461614e-22 0.0000000000e+00)
    (6.4223254222e-22 0.0000000000e+00)
    (6.7130993868e-22 0.0000000000e+00)
    (7.0170382867e-22 0.0000000000e+00)
    (7.3347381708e-22 0.0000000000e+00)
    (7.6668220745e-22 0.0000000000e+00)
    (8.0139412415e-22 0.0000000000e+00)
    (8.3767764007e-22 0.0000000000e+00)
    (8.7560391014e-22 0.0000000000e+00)
    (9.1524731088e-22 0.0000000000e+00)
    (9.5668558622e-22 0.0000000000e+00)
    (1.0000000000e-21 0.0000000000e+00)
    (1.0452754953e-21 0.0000000000e+00)
    (1.0926008611e-21 0.0000000000e+00)
    (1.1420689063e-21 0.0000000000e+00)
    (1.1937766417e-21 0.0000000000e+00)
    (1.2478254705e-21 0.0000000000e+00)
    (1.3043213867e-21 0.0000000000e+00)
    (1.3633751836e-21 0.0000000000e+00)
    (1.4251026703e-21 0.0000000000e+00)
    (1.4896248996e-21 0.0000000000e+00)
    (1.5570684048e-21 0.0000000000e+00)
    (1.6275654480e-21 0.0000000000e+00)
    (1.7012542799e-21 0.0000000000e+00)
    (1.7782794100e-21 0.0000000000e+00)
    (1.8587918911e-21 0.0000000000e+00)
    (1.9429496147e-21 0.0000000000e+00)
    (2.0309176209e-21 0.0000000000e+00)
    (2.1228684221e-21 0.0000000000e+00)
    (2.2189823415e-21 0.0000000000e+00)
    (2.3194478661e-21 0.0000000000e+00)
    (2.4244620171e-21 0.0000000000e+00)
    (2.5342307358e-21 0.0000000000e+00)
    (2.6489692876e-21 0.0000000000e+00)
    (2.7689026842e-21 0.0000000000e+00)
    (2.8942661247e-21 0.0000000000e+00)
    (3.0253054571e-21 0.0000000000e+00)
    (3.1622776602e-21 0.0000000000e+00)
    (3.3054513476e-21 0.0000000000e+00)
    (3.4551072946e-21 0.0000000000e+00)
    (3.6115389887e-21 0.0000000000e+00)
    (3.7750532053e-21 0.0000000000e+00)
    (3.9459706091e-21 0.0000000000e+00)
    (4.1246263829e-21 0.0000000000e+00)
    (4.3113708854e-21 0.0000000000e+00)
    (4.5065703377e-21 0.0000000000e+00)
    (4.7106075420e-21 0.0000000000e+00)
    (4.9238826317e-21 0.0000000000e+00)
    (5.1468138568e-21 0.0000000000e+00)
    (5.3798384034e-21 0.0000000000e+00)
    (5.6234132519e-21 0.0000000000e+00)
    (5.8780160723e-21 0.0000000000e+00)
    (6.1441461614e-21 0.0000000000e+00)
    (6.4223254222e-21 0.0000000000e+00)
    (6.7130993868e-21 0.0000000000e+00)
    (7.0170382867e-21 0.0000000000e+00)
    (7.3347381708e-21 0.0000000000e+00)
    (7.6668220745e-21 0.0000000000e+00)
    (8.0139412415e-21 0.0000000000e+00)
    (8.3767764007e-21 0.0000000000e+00)
    (8.7560391014e-21 0.0000000000e+00)
    (9.1524731088e-21 0.0000000000e+00)
    (9.5668558622e-21 0.0000000000e+00)
    (1.0000000000e-20 0.0000000000e+00)
    (1.0452754953e-20 0.0000000000e+00)
    (1.0926008611e-20 0.0000000000e+00)
    (1.1420689063e-20 0.0000000000e+00)
    (1.1937766417e-20 0.0000000000e+00)
    (1.2478254705e-20 0.0000000000e+00)
    (1.3043213867e-20 0.0000000000e+00)
    (1.3633751836e-20 0.0000000000e+00)
    (1.4251026703e-20 0.0000000000e+00)
    (1.4896248996e-20 0.0000000000e+00)
    (1.5570684048e-20 0.0000000000e+00)
    (1.6275654480e-20 0.0000000000e+00)
    (1.7012542799e-20 0.0000000000e+00)
    (1.7782794100e-20 0.0000000000e+00)
    (1.8587918911e-20 0.0000000000e+00)
    (1.9429496147e-20 0.0000000000e+00)
    (2.0309176209e-20 0.0000000000e+00)
    (2.1228684221e-20 0.0000000000e+00)
    (2.2189823415e-20 1.6577520584e-21)
    (2.3194478661e-20 3.0695564465e-21)
    (2.4244620171e-20 5.5017436514e-21)
    (2.5342307358e-20 9.5846803277e-21)
    (2.6489692876e-20 1.6269005348e-20)
    (2.7689026842e-20 2.9184450104e-20)
    (2.8942661247e-20 4.6973175998e-20)
    (3.0253054571e-20 7.4644075423e-20)
    (3.1622776602e-20 1.1631873871e-19)
    (3.3054513476e-20 1.8049148304e-19)
    (3.4551072946e-20 2.7078658901e-19)
    (3.6115389887e-20 3.9936663352e-19)
    (3.7750532053e-20 5.7939860076e-19)
    (3.9459706091e-20 8.3385385879e-19)
    (4.1246263829e-20 1.1718346797e-18)
    (4.3113708854e-20 1.6230490498e-18)
    (4.5065703377e-20 2.2166588535e-18)
    (4.7106075420e-20 2.9865131731e-18)
    (4.9238826317e-20 4.0036245448e-18)
    (5.1468138568e-20 5.2508934993e-18)
    (5.3798384034e-20 6.8023499090e-18)
    (5.6234132519e-20 8.7069311614e-18)
    (5.8780160723e-20 1.1055023683e-17)
    (6.1441461614e-20 1.3819107645e-17)
    (6.4223254222e-20 1.7082863654e-17)
    (6.7130993868e-20 2.0888564990e-17)
    (7.0170382867e-20 2.5271553222e-17)
    (7.3347381708e-20 3.0327590497e-17)
    (7.6668220745e-20 3.5930187979e-17)
    (8.0139412415e-20 4.2154188659e-17)
    (8.3767764007e-20 4.8990800196e-17)
    (8.7560391014e-20 5.6418858415e-17)
    (9.1524731088e-20 6.4554642713e-17)
    (9.5668558622e-20 7.3054951449e-17)
    (1.0000000000e-19 8.2018913186e-17)
    (1.0452754953e-19 9.1389790497e-17)
    (1.0926008611e-19 1.0114490136e-16)
    (1.1420689063e-19 1.1114515093e-16)
    (1.1937766417e-19 1.2137016479e-16)
    (1.2478254705e-19 1.3176198108e-16)
    (1.3043213867e-19 1.4226661263e-16)
    (1.3633751836e-19 1.5291889847e-16)
    (1.4251026703e-19 1.6349016820e-16)
    (1.4896248996e-19 1.7404549365e-16)
    (1.5570684048e-19 1.8455286877e-16)
    (1.6275654480e-19 1.9498565572e-16)
    (1.7012542799e-19 2.0535070622e-16)
    (1.7782794100e-19 2.1556561775e-16)
    (1.8587918911e-19 2.2565473120e-16)
    (1.9429496147e-19 2.3560795681e-16)
    (2.0309176209e-19 2.4541796539e-16)
    (2.1228684221e-19 2.5507967145e-16)
    (2.2189823415e-19 2.6458976213e-16)
    (2.3194478661e-19 2.7394627874e-16)
    (2.4244620171e-19 2.8309985492e-16)
    (2.5342307358e-19 2.9214724941e-16)
    (2.6489692876e-19 3.0101175280e-16)
    (2.7689026842e-19 3.0975073722e-16)
    (2.8942661247e-19 3.1833630825e-16)
    (3.0253054571e-19 3.2676882311e-16)
    (3.1622776602e-19 3.3502803480e-16)
    (3.3054513476e-19 3.4315210551e-16)
    (3.4551072946e-19 3.5112331744e-16)
    (3.6115389887e-19 3.5906616733e-16)
    (3.7750532053e-19 3.6671716588e-16)
    (3.9459706091e-19 3.7421343753e-16)
    (4.1246263829e-19 3.8155330454e-16)
    (4.3113708854e-19 3.8873480789e-16)
    (4.5065703377e-19 3.9575572380e-16)
    (4.7106075420e-19 4.0248111702e-16)
    (4.9238826317e-19 4.0917962228e-16)
    (5.1468138568e-19 4.1570891510e-16)
    (5.3798384034e-19 4.2206619180e-16)
    (5.6234132519e-19 4.2816437303e-16)
    (5.8780160723e-19 4.3417173972e-16)
    (6.1441461614e-19 4.3999643596e-16)
    (6.4223254222e-19 4.5900916564e-16)
    (6.7130993868e-19 4.6466932611e-16)
    (7.0170382867e-19 4.7015318519e-16)
    (7.3347381708e-19 4.7538169263e-16)
    (7.6668220745e-19 4.8034616016e-16)
    (8.0139412415e-19 4.8497528541e-16)
    (8.3767764007e-19 4.8938767403e-16)
    (8.7560391014e-19 4.9337881257e-16)
    (9.1524731088e-19 4.9721507664e-16)
    (9.5668558622e-19 5.0074634223e-16)
    (1.0000000000e-18 5.0388687033e-16)
    (1.0452754953e-18 5.0678606505e-16)
    (1.0926008611e-18 5.0935767828e-16)
    (1.1420689063e-18 5.1152569084e-16)
    (1.1937766417e-18 5.1341895342e-16)
    (1.2478254705e-18 5.1496403798e-16)
    (1.3043213867e-18 5.1615347123e-16)
    (1.3633751836e-18 5.1683019534e-16)
    (1.4251026703e-18 5.1730071171e-16)
    (1.4896248996e-18 5.1739668062e-16)
    (1.5570684048e-18 5.1696502803e-16)
    (1.6275654480e-18 5.1630696093e-16)
    (1.7012542799e-18 5.1525927576e-16)
    (1.7782794100e-18 5.1381206729e-16)
    (1.8587918911e-18 5.1187002554e-16)
    (1.9429496147e-18 5.0963884393e-16)
    (2.0309176209e-18 5.0699801072e-16)
    (2.1228684221e-18 5.0388567771e-16)
    (2.2189823415e-18 5.0045011380e-16)
    (2.3194478661e-18 4.9660011348e-16)
    (2.4244620171e-18 4.9224914649e-16)
    (2.5342307358e-18 4.8761902911e-16)
    (2.6489692876e-18 4.8243860949e-16)
    (2.7689026842e-18 4.7625349535e-16)
    (2.8942661247e-18 4.7124250139e-16)
    (3.0253054571e-18 4.6493930824e-16)
    (3.1622776602e-18 4.5767616116e-16)
    (3.3054513476e-18 4.5149037117e-16)
    (3.4551072946e-18 4.4370660411e-16)
    (3.6115389887e-18 4.3654291782e-16)
    (3.7750532053e-18 4.2852190044e-16)
    (3.9459706091e-18 4.1959999978e-16)
    (4.1246263829e-18 4.1158147462e-16)
    (4.3113708854e-18 4.0238452636e-16)
    (4.5065703377e-18 3.9360436516e-16)
    (4.7106075420e-18 3.8414184925e-16)
    (4.9238826317e-18 3.7450924992e-16)
    (5.1468138568e-18 3.6453018889e-16)
    (5.3798384034e-18 3.5446945104e-16)
    (5.6234132519e-18 3.4413872190e-16)
    (5.8780160723e-18 3.3372544910e-16)
    (6.1441461614e-18 3.2306894058e-16)
    (6.4223254222e-18 3.1238551236e-16)
    (6.7130993868e-18 3.0158417656e-16)
    (7.0170382867e-18 2.9065801100e-16)
    (7.3347381708e-18 2.7972283621e-16)
    (7.6668220745e-18 2.6841281921e-16)
    (8.0139412415e-18 2.5737980705e-16)
    (8.3767764007e-18 2.4649516682e-16)
    (8.7560391014e-18 2.3571441919e-16)
    (9.1524731088e-18 2.2442054281e-16)
    (9.5668558622e-18 2.1401484313e-16)
    (1.0000000000e-17 2.0291868386e-16)
);
