// k[EI_O2_EXC_O2_V1] [m^3/s] vs mean energy [eV]; air_plasma [94c490be646f8872], T_gas = 300.000000 K
(
    (0 2.6793038405e-18)
    (1.3716749438e-01 2.6793038405e-18)
    (1.4076979314e-01 3.0111872673e-18)
    (1.4397604008e-01 3.3629947964e-18)
    (1.4684113805e-01 3.7364407281e-18)
    (1.4941204783e-01 4.1332599044e-18)
    (1.5172864004e-01 4.5551806870e-18)
    (1.5382482203e-01 5.0039200055e-18)
    (1.5572964088e-01 5.4811927153e-18)
    (1.5746824649e-01 5.9887290485e-18)
    (1.5906268561e-01 6.5282972412e-18)
    (1.6040186980e-01 7.3681091704e-18)
    (1.6189539494e-01 7.7109485689e-18)
    (1.6316727128e-01 8.3580010179e-18)
    (1.6436286366e-01 9.0450841209e-18)
    (1.6549578572e-01 9.7745793532e-18)
    (1.6657873020e-01 1.0549084064e-17)
    (1.6762359287e-01 1.1371443913e-17)
    (1.6865359887e-01 1.2232092553e-17)
    (1.6965539117e-01 1.3157631926e-17)
    (1.7065096866e-01 1.4140844908e-17)
    (1.7163702901e-01 1.5192410604e-17)
    (1.7264762429e-01 1.6303783408e-17)
    (1.7367878080e-01 1.7486229894e-17)
    (1.7473849913e-01 1.8745048273e-17)
    (1.7583432821e-01 2.0086010346e-17)
    (1.7697337833e-01 2.1515389585e-17)
    (1.7816233417e-01 2.3039988944e-17)
    (1.7940746844e-01 2.4667167865e-17)
    (1.8071465956e-01 2.6404869486e-17)
    (1.8208941158e-01 2.8261646333e-17)
    (1.8353687952e-01 3.0246685377e-17)
    (1.8506190021e-01 3.2369831557e-17)
    (1.8666902928e-01 3.4641609325e-17)
    (1.8836258474e-01 3.7073241462e-17)
    (1.9014669747e-01 3.9676664267e-17)
    (1.9202536831e-01 4.2464537938e-17)
    (1.9400253175e-01 4.5450250748e-17)
    (1.9608212573e-01 4.8647915316e-17)
    (1.9826816696e-01 5.2072354920e-17)
    (2.0056483136e-01 5.5739077533e-17)
    (2.0297653896e-01 5.9664234849e-17)
    (2.0550804255e-01 6.3864563295e-17)
    (2.0816451961e-01 6.8357303634e-17)
    (2.1095166654e-01 7.3160095450e-17)
    (2.1387579417e-01 7.8290842540e-17)
    (2.1694256551e-01 8.3773319687e-17)
    (2.2014788174e-01 8.9605987622e-17)
    (2.2353446165e-01 9.5829763670e-17)
    (2.2709477487e-01 1.0245207123e-16)
    (2.3084127841e-01 1.0948872672e-16)
    (2.3479833990e-01 1.1697995957e-16)
    (2.3896131204e-01 1.2488469831e-16)
    (2.4336011410e-01 1.3324017040e-16)
    (2.4801612280e-01 1.4205287878e-16)
    (2.5295360836e-01 1.5132534615e-16)
    (2.5819915170e-01 1.6110621558e-16)
    (2.6378576428e-01 1.7128410480e-16)
    (2.6974626976e-01 1.8189690822e-16)
    (2.7611829297e-01 1.9292266636e-16)
    (2.8294269841e-01 2.0433105691e-16)
    (2.9026321198e-01 2.1608259785e-16)
    (2.9812580887e-01 2.2812799968e-16)
    (3.0657783145e-01 2.4040774081e-16)
    (3.1566682518e-01 2.5285194435e-16)
    (3.2543909275e-01 2.6538063515e-16)
    (3.3590887576e-01 2.7793084147e-16)
    (3.4717223366e-01 2.9035230395e-16)
    (3.5923184525e-01 3.0256726828e-16)
    (3.7211014051e-01 3.1446763284e-16)
    (3.8581860584e-01 3.2594384481e-16)
    (4.0035610545e-01 3.3688796780e-16)
    (4.1570760906e-01 3.4719695103e-16)
    (4.3184344429e-01 3.5677591787e-16)
    (4.4871916534e-01 3.6554126951e-16)
    (4.6627608546e-01 3.7342340099e-16)
    (4.8444246122e-01 3.8036885019e-16)
    (5.0313526437e-01 3.8634174294e-16)
    (5.2226243543e-01 3.9132445038e-16)
    (5.4172546688e-01 3.9531744593e-16)
    (5.6142215538e-01 3.9833840562e-16)
    (5.8124935489e-01 4.0042065423e-16)
    (6.0110557847e-01 4.0161109992e-16)
    (6.2089332763e-01 4.0196781816e-16)
    (6.4052105642e-01 4.0155745814e-16)
    (6.5990472218e-01 4.0045262589e-16)
    (6.7896890624e-01 3.9872938031e-16)
    (6.9764751934e-01 3.9646494673e-16)
    (7.1588412933e-01 3.9373572040e-16)
    (7.3358637930e-01 3.9062801071e-16)
    (7.5079958278e-01 3.8719060306e-16)
    (7.6745534914e-01 3.8349901747e-16)
    (7.8353257443e-01 3.7961351495e-16)
    (7.9901752925e-01 3.7558859918e-16)
    (8.1390306874e-01 3.7147286813e-16)
    (8.2818782881e-01 3.6730905631e-16)
    (8.4187543928e-01 3.6313422507e-16)
    (8.5497377065e-01 3.5898006273e-16)
    (8.6749423532e-01 3.5487325909e-16)
    (8.7945114959e-01 3.5083592527e-16)
    (8.9086116369e-01 3.4688603443e-16)
    (9.0174276209e-01 3.4303786406e-16)
    (9.1211583392e-01 3.3930242496e-16)
    (9.2200131124e-01 3.3568786626e-16)
    (9.3142087166e-01 3.3219984935e-16)
    (9.4039670018e-01 3.2884188642e-16)
    (9.4895130466e-01 3.2561564185e-16)
    (9.5710737851e-01 3.2252119663e-16)
    (9.6488770504e-01 3.1955727690e-16)
    (9.7229590480e-01 3.1672900798e-16)
    (9.7938516806e-01 3.1402137560e-16)
    (9.8616493157e-01 3.1143535066e-16)
    (9.9265725541e-01 3.0896630604e-16)
    (9.9888405066e-01 3.0660906615e-16)
    (1.0048670871e+00 3.0435800002e-16)
    (1.0106280072e+00 3.0220710077e-16)
    (1.0161883436e+00 3.0015005387e-16)
    (1.0215695406e+00 2.9818029582e-16)
    (1.0267929771e+00 2.9629106421e-16)
    (1.0318799906e+00 2.9447544173e-16)
    (1.0368231653e+00 2.9272496796e-16)
    (1.0417033545e+00 2.9103517107e-16)
    (1.0465120906e+00 2.8939751090e-16)
    (1.0510868807e+00 2.8781556496e-16)
    (1.0558591909e+00 2.8625450018e-16)
    (1.0606532018e+00 2.8472148225e-16)
    (1.0655074201e+00 2.8320793654e-16)
    (1.0704684874e+00 2.8170469018e-16)
    (1.0751997678e+00 2.8022339390e-16)
    (1.0804337622e+00 2.7867879850e-16)
    (1.0860944541e+00 2.7714736653e-16)
    (1.0921800386e+00 2.7558248505e-16)
    (1.0986620881e+00 2.7400769703e-16)
    (1.1060807530e+00 2.7232267724e-16)
    (1.1144567565e+00 2.7055525963e-16)
    (1.1240549778e+00 2.6868447204e-16)
    (1.1350476813e+00 2.6666354314e-16)
    (1.1481500998e+00 2.6450841412e-16)
    (1.1636258816e+00 2.6217139301e-16)
    (1.1819885903e+00 2.5962143856e-16)
    (1.2038177970e+00 2.5682573609e-16)
    (1.2301634392e+00 2.5373264153e-16)
    (1.2609969547e+00 2.5033464698e-16)
    (1.2973623011e+00 2.4659102986e-16)
    (1.3400043219e+00 2.4247230004e-16)
    (1.3902463434e+00 2.3780678762e-16)
    (1.4476740790e+00 2.3286863421e-16)
    (1.5134371389e+00 2.2750247854e-16)
    (1.5880617832e+00 2.2170746620e-16)
    (1.6719409936e+00 2.1549350503e-16)
    (1.7660607111e+00 2.0885276611e-16)
    (1.8689224012e+00 2.0187639544e-16)
    (1.9811674971e+00 1.9458033606e-16)
    (2.1024762205e+00 1.8701742369e-16)
    (2.2323544682e+00 1.7924802370e-16)
    (2.3723894733e+00 1.7118414965e-16)
    (2.5173051548e+00 1.6320600101e-16)
    (2.6685098830e+00 1.5522421717e-16)
    (2.8251127850e+00 1.4730403873e-16)
    (2.9864403851e+00 1.3942915455e-16)
    (3.1511716909e+00 1.3181072238e-16)
    (3.3187345269e+00 1.2441545911e-16)
    (3.4884072290e+00 1.1728178613e-16)
    (3.6595680233e+00 1.1043977431e-16)
    (3.8329812664e+00 1.0376821327e-16)
    (4.0054036496e+00 9.7589055436e-17)
    (4.1781426577e+00 9.1742942502e-17)
    (4.3510158693e+00 8.6231585537e-17)
    (4.5239369987e+00 8.1051727595e-17)
    (4.6971621124e+00 7.6134869565e-17)
    (4.8701409956e+00 7.1600705543e-17)
    (5.0433978981e+00 6.7366480401e-17)
    (5.2171246269e+00 6.3417765374e-17)
    (5.3915564385e+00 5.9739058922e-17)
    (5.5669629672e+00 5.6314285667e-17)
    (5.7436400437e+00 5.3127201527e-17)
    (5.9219025873e+00 5.0161714454e-17)
    (6.1010979378e+00 4.7409522357e-17)
    (6.2835570480e+00 4.4840723725e-17)
    (6.4679920424e+00 4.2425711865e-17)
    (6.6560078498e+00 4.0197894842e-17)
    (6.8473428105e+00 3.8119850530e-17)
    (7.0423340173e+00 3.6179689068e-17)
    (7.2409465160e+00 3.4339292696e-17)
    (7.4442081971e+00 3.2644841674e-17)
    (7.6521663603e+00 3.1057537155e-17)
    (7.8676105911e+00 2.9479026080e-17)
    (8.0858487204e+00 2.8090040653e-17)
    (8.3098278045e+00 2.6783440890e-17)
    (8.5398932951e+00 2.5552773261e-17)
    (8.7763949131e+00 2.4392149845e-17)
    (9.0196879697e+00 2.3296203774e-17)
    (9.2670974767e+00 2.2283381645e-17)
    (9.5251096886e+00 2.1300349464e-17)
    (9.7910839770e+00 2.0368821947e-17)
    (1.0065371630e+01 1.9485057783e-17)
    (1.0346344593e+01 1.8649508731e-17)
    (1.0638438926e+01 1.7851094896e-17)
    (1.0940187398e+01 1.7091183769e-17)
    (1.1925355136e+01 1.4614452950e-17)
    (1.2308824412e+01 1.3901529136e-17)
    (1.2709276652e+01 1.3223351723e-17)
    (1.3126439691e+01 1.2577775608e-17)
    (1.3561263285e+01 1.1962982263e-17)
    (1.4012493747e+01 1.1351190356e-17)
    (1.4484291915e+01 1.0796683294e-17)
    (1.4973992379e+01 1.0297571420e-17)
    (1.5487666223e+01 9.7898211320e-18)
    (1.6023909695e+01 9.3057718260e-18)
    (1.6583468512e+01 8.8211818013e-18)
    (1.7168941463e+01 8.3837776241e-18)
    (1.7781023452e+01 7.9664315613e-18)
    (1.8422151615e+01 7.5522054393e-18)
    (1.9092649339e+01 7.1740875131e-18)
    (1.9794733945e+01 6.8131205348e-18)
    (2.0530664058e+01 6.4684930123e-18)
    (2.1299508263e+01 6.1609435088e-18)
    (2.2109288431e+01 5.8440747107e-18)
    (2.2959485968e+01 5.5418513294e-18)
    (2.3850104879e+01 5.2554209540e-18)
    (2.4788921536e+01 4.9802913893e-18)
    (2.5776295005e+01 4.7179546583e-18)
    (2.6817698048e+01 4.4677207822e-18)
    (2.7909067436e+01 4.2194568973e-18)
    (2.9061538888e+01 3.9935748144e-18)
    (3.0279874265e+01 3.7780932461e-18)
    (3.1556757395e+01 3.5626675423e-18)
    (3.2908931845e+01 3.3687613680e-18)
    (3.4342348823e+01 3.1837577834e-18)
    (3.5842127009e+01 3.0116478854e-18)
    (3.7437719791e+01 2.8433804528e-18)
    (3.9117090489e+01 2.6949211145e-18)
    (4.0644106575e+01 2.5140466990e-18)
    (4.2796040127e+01 2.3940290438e-18)
    (4.4789131155e+01 2.2551712795e-18)
    (4.6589221150e+01 2.1036045165e-18)
    (4.9179324484e+01 1.9969030234e-18)
    (5.1201199815e+01 1.8654807842e-18)
    (5.4099126670e+01 1.7613360206e-18)
    (5.6778858337e+01 1.6529952142e-18)
    (5.9117854096e+01 1.5488849048e-18)
    (6.2718461942e+01 1.4545070874e-18)
    (6.5410085846e+01 1.3647600020e-18)
    (6.9496742822e+01 1.2787428759e-18)
    (7.3180976752e+01 1.1983689060e-18)
    (7.7182577491e+01 1.1216459705e-18)
    (8.1420085225e+01 1.0487050378e-18)
    (8.6011788405e+01 9.8010331786e-19)
    (9.0867763137e+01 9.1567438175e-19)
    (9.6165388139e+01 8.5434312106e-19)
    (1.0177823578e+02 7.9633790775e-19)
    (1.0792309375e+02 7.4168375788e-19)
    (1.1458604701e+02 6.9009112246e-19)
    (1.2160542734e+02 6.4180232606e-19)
    (1.2939531717e+02 5.9595899482e-19)
    (1.3542361118e+02 5.5417017706e-19)
    (1.4388362195e+02 5.1363790393e-19)
    (1.5371740495e+02 4.7547241266e-19)
    (1.6736124994e+02 4.3799495183e-19)
    (1.7556818514e+02 4.0377994584e-19)
    (1.9180551086e+02 3.7290388068e-19)
    (2.0148427830e+02 3.4177152008e-19)
);
