// k[EI_O2_EXC_O2_B1] [m^3/s] vs reducedE [V m^2]; air_plasma [94c490be646f8872], T_gas = 300.000000 K
(
    (0 0.0000000000e+00)
    (1.0000000000e-22 0.0000000000e+00)
    (1.0452754953e-22 0.0000000000e+00)
    (1.0926008611e-22 0.0000000000e+00)
    (1.1420689063e-22 0.0000000000e+00)
    (1.1937766417e-22 0.0000000000e+00)
    (1.2478254705e-22 0.0000000000e+00)
    (1.3043213867e-22 0.0000000000e+00)
    (1.3633751836e-22 0.0000000000e+00)
    (1.4251026703e-22 0.0000000000e+00)
    (1.4896248996e-22 0.0000000000e+00)
    (1.5570684048e-22 0.0000000000e+00)
    (1.6275654480e-22 0.0000000000e+00)
    (1.7012542799e-22 0.0000000000e+00)
    (1.7782794100e-22 0.0000000000e+00)
    (1.8587918911e-22 0.0000000000e+00)
    (1.9429496147e-22 0.0000000000e+00)
    (2.0309176209e-22 0.0000000000e+00)
    (2.1228684221e-22 0.0000000000e+00)
    (2.2189823415e-22 0.0000000000e+00)
    (2.3194478661e-22 0.0000000000e+00)
    (2.4244620171e-22 0.0000000000e+00)
    (2.5342307358e-22 0.0000000000e+00)
    (2.6489692876e-22 0.0000000000e+00)
    (2.7689026842e-22 0.0000000000e+00)
    (2.8942661247e-22 0.0000000000e+00)
    (3.0253054571e-22 0.0000000000e+00)
    (3.1622776602e-22 0.0000000000e+00)
    (3.3054513476e-22 0.0000000000e+00)
    (3.4551072946e-22 0.0000000000e+00)
    (3.6115389887e-22 0.0000000000e+00)
    (3.7750532053e-22 0.0000000000e+00)
    (3.9459706091e-22 0.0000000000e+00)
    (4.1246263829e-22 0.0000000000e+00)
    (4.3113708854e-22 0.0000000000e+00)
    (4.5065703377e-22 0.0000000000e+00)
    (4.7106075420e-22 0.0000000000e+00)
    (4.9238826317e-22 0.0000000000e+00)
    (5.1468138568e-22 0.0000000000e+00)
    (5.3798384034e-22 0.0000000000e+00)
    (5.6234132519e-22 0.0000000000e+00)
    (5.8780160723e-22 0.0000000000e+00)
    (6.1441461614e-22 0.0000000000e+00)
    (6.4223254222e-22 0.0000000000e+00)
    (6.7130993868e-22 0.0000000000e+00)
    (7.0170382867e-22 0.0000000000e+00)
    (7.3347381708e-22 0.0000000000e+00)
    (7.6668220745e-22 0.0000000000e+00)
    (8.0139412415e-22 0.0000000000e+00)
    (8.3767764007e-22 0.0000000000e+00)
    (8.7560391014e-22 0.0000000000e+00)
    (9.1524731088e-22 0.0000000000e+00)
    (9.5668558622e-22 0.0000000000e+00)
    (1.0000000000e-21 0.0000000000e+00)
    (1.0452754953e-21 0.0000000000e+00)
    (1.0926008611e-21 0.0000000000e+00)
    (1.1420689063e-21 9.1429275159e-25)
    (1.1937766417e-21 1.1714278490e-24)
    (1.2478254705e-21 1.7254992827e-24)
    (1.3043213867e-21 2.7983897769e-24)
    (1.3633751836e-21 4.7620259656e-24)
    (1.4251026703e-21 8.2232968785e-24)
    (1.4896248996e-21 1.4148397477e-23)
    (1.5570684048e-21 2.4036473318e-23)
    (1.6275654480e-21 4.0156211819e-23)
    (1.7012542799e-21 6.5856160610e-23)
    (1.7782794100e-21 1.0302396244e-22)
    (1.8587918911e-21 1.6334935743e-22)
    (1.9429496147e-21 2.5422156344e-22)
    (2.0309176209e-21 3.8849696209e-22)
    (2.1228684221e-21 5.8319726583e-22)
    (2.2189823415e-21 8.6035542236e-22)
    (2.3194478661e-21 1.2478429288e-21)
    (2.4244620171e-21 1.7801460266e-21)
    (2.5342307358e-21 2.4989537567e-21)
    (2.6489692876e-21 3.4535819708e-21)
    (2.7689026842e-21 4.7010990436e-21)
    (2.8942661247e-21 6.3061152851e-21)
    (3.0253054571e-21 8.3402191937e-21)
    (3.1622776602e-21 1.0881052162e-20)
    (3.3054513476e-21 1.4011052803e-20)
    (3.4551072946e-21 1.7815925539e-20)
    (3.6115389887e-21 2.2382910074e-20)
    (3.7750532053e-21 2.7798949588e-20)
    (3.9459706091e-21 3.4148852351e-20)
    (4.1246263829e-21 4.1513550077e-20)
    (4.3113708854e-21 4.9968540984e-20)
    (4.5065703377e-21 5.9582592480e-20)
    (4.7106075420e-21 7.0416759271e-20)
    (4.9238826317e-21 8.2390273936e-20)
    (5.1468138568e-21 9.5762879104e-20)
    (5.3798384034e-21 1.1047010460e-19)
    (5.6234132519e-21 1.2653393452e-19)
    (5.8780160723e-21 1.4396765181e-19)
    (6.1441461614e-21 1.6277660885e-19)
    (6.4223254222e-21 1.8295921017e-19)
    (6.7130993868e-21 2.0450807972e-19)
    (7.0170382867e-21 2.2741132530e-19)
    (7.3347381708e-21 2.5165389072e-19)
    (7.6668220745e-21 2.7721895463e-19)
    (8.0139412415e-21 3.0408934752e-19)
    (8.3767764007e-21 3.3224896417e-19)
    (8.7560391014e-21 3.6168415482e-19)
    (9.1524731088e-21 3.9238508273e-19)
    (9.5668558622e-21 4.2434703965e-19)
    (1.0000000000e-20 4.5757171350e-19)
    (1.0452754953e-20 4.9206840342e-19)
    (1.0926008611e-20 5.2785517769e-19)
    (1.1420689063e-20 5.6495997036e-19)
    (1.1937766417e-20 6.0335080459e-19)
    (1.2478254705e-20 6.4319359487e-19)
    (1.3043213867e-20 6.8450123985e-19)
    (1.3633751836e-20 7.2735035665e-19)
    (1.4251026703e-20 7.7183248519e-19)
    (1.4896248996e-20 8.1805511779e-19)
    (1.5570684048e-20 8.6614275615e-19)
    (1.6275654480e-20 9.1623800903e-19)
    (1.7012542799e-20 9.6850274216e-19)
    (1.7782794100e-20 1.0231192886e-18)
    (1.8587918911e-20 1.0802917211e-18)
    (1.9429496147e-20 1.1401329767e-18)
    (2.0309176209e-20 1.2032234502e-18)
    (2.1228684221e-20 1.2696882127e-18)
    (2.2189823415e-20 1.3413348752e-18)
    (2.3194478661e-20 1.4178320735e-18)
    (2.4244620171e-20 1.5003699631e-18)
    (2.5342307358e-20 1.5903352033e-18)
    (2.6489692876e-20 1.6896197249e-18)
    (2.7689026842e-20 1.7948449891e-18)
    (2.8942661247e-20 1.9179356458e-18)
    (3.0253054571e-20 2.0603404597e-18)
    (3.1622776602e-20 2.2265150475e-18)
    (3.3054513476e-20 2.4262481703e-18)
    (3.4551072946e-20 2.6639315602e-18)
    (3.6115389887e-20 2.9525605569e-18)
    (3.7750532053e-20 3.3058350116e-18)
    (3.9459706091e-20 3.7435689459e-18)
    (4.1246263829e-20 4.2807701953e-18)
    (4.3113708854e-20 4.9421639491e-18)
    (4.5065703377e-20 5.7540656691e-18)
    (4.7106075420e-20 6.7459193167e-18)
    (4.9238826317e-20 7.9855483505e-18)
    (5.1468138568e-20 9.4407860930e-18)
    (5.3798384034e-20 1.1178029435e-17)
    (5.6234132519e-20 1.3232653663e-17)
    (5.8780160723e-20 1.5676678042e-17)
    (6.1441461614e-20 1.8467426079e-17)
    (6.4223254222e-20 2.1665781568e-17)
    (6.7130993868e-20 2.5290991648e-17)
    (7.0170382867e-20 2.9354128538e-17)
    (7.3347381708e-20 3.3916467955e-17)
    (7.6668220745e-20 3.8846214425e-17)
    (8.0139412415e-20 4.4186531905e-17)
    (8.3767764007e-20 4.9908208109e-17)
    (8.7560391014e-20 5.5972839321e-17)
    (9.1524731088e-20 6.2458596634e-17)
    (9.5668558622e-20 6.9061193503e-17)
    (1.0000000000e-19 7.5852235226e-17)
    (1.0452754953e-19 8.2774869689e-17)
    (1.0926008611e-19 8.9799186744e-17)
    (1.1420689063e-19 9.6817272400e-17)
    (1.1937766417e-19 1.0380763586e-16)
    (1.2478254705e-19 1.1072586065e-16)
    (1.3043213867e-19 1.1753341724e-16)
    (1.3633751836e-19 1.2426376624e-16)
    (1.4251026703e-19 1.3074521240e-16)
    (1.4896248996e-19 1.3703912235e-16)
    (1.5570684048e-19 1.4313096590e-16)
    (1.6275654480e-19 1.4901114294e-16)
    (1.7012542799e-19 1.5469376432e-16)
    (1.7782794100e-19 1.6013259368e-16)
    (1.8587918911e-19 1.6535489165e-16)
    (1.9429496147e-19 1.7036426229e-16)
    (2.0309176209e-19 1.7516612562e-16)
    (2.1228684221e-19 1.7976722285e-16)
    (2.2189823415e-19 1.8417518662e-16)
    (2.3194478661e-19 1.8839817509e-16)
    (2.4244620171e-19 1.9241219080e-16)
    (2.5342307358e-19 1.9629022313e-16)
    (2.6489692876e-19 1.9998843588e-16)
    (2.7689026842e-19 2.0355361098e-16)
    (2.8942661247e-19 2.0697305097e-16)
    (3.0253054571e-19 2.1025321096e-16)
    (3.1622776602e-19 2.1339516860e-16)
    (3.3054513476e-19 2.1641155803e-16)
    (3.4551072946e-19 2.1930380878e-16)
    (3.6115389887e-19 2.2214102225e-16)
    (3.7750532053e-19 2.2478698329e-16)
    (3.9459706091e-19 2.2731756178e-16)
    (4.1246263829e-19 2.2973387732e-16)
    (4.3113708854e-19 2.3203636822e-16)
    (4.5065703377e-19 2.3422482572e-16)
    (4.7106075420e-19 2.3623123766e-16)
    (4.9238826317e-19 2.3819272780e-16)
    (5.1468138568e-19 2.4003572849e-16)
    (5.3798384034e-19 2.4175816127e-16)
    (5.6234132519e-19 2.4331013598e-16)
    (5.8780160723e-19 2.4478580578e-16)
    (6.1441461614e-19 2.4613133615e-16)
    (6.4223254222e-19 2.5041892898e-16)
    (6.7130993868e-19 2.5130003852e-16)
    (7.0170382867e-19 2.5203583421e-16)
    (7.3347381708e-19 2.5257751245e-16)
    (7.6668220745e-19 2.5291808871e-16)
    (8.0139412415e-19 2.5302596649e-16)
    (8.3767764007e-19 2.5294826545e-16)
    (8.7560391014e-19 2.5258316082e-16)
    (9.1524731088e-19 2.5206980565e-16)
    (9.5668558622e-19 2.5132909570e-16)
    (1.0000000000e-18 2.5032235057e-16)
    (1.0452754953e-18 2.4911812022e-16)
    (1.0926008611e-18 2.4767934157e-16)
    (1.1420689063e-18 2.4596339601e-16)
    (1.1937766417e-18 2.4405416504e-16)
    (1.2478254705e-18 2.4191205110e-16)
    (1.3043213867e-18 2.3953880957e-16)
    (1.3633751836e-18 2.3687128512e-16)
    (1.4251026703e-18 2.3405435289e-16)
    (1.4896248996e-18 2.3102040095e-16)
    (1.5570684048e-18 2.2771333251e-16)
    (1.6275654480e-18 2.2427297691e-16)
    (1.7012542799e-18 2.2063981543e-16)
    (1.7782794100e-18 2.1682027694e-16)
    (1.8587918911e-18 2.1279065189e-16)
    (1.9429496147e-18 2.0864725590e-16)
    (2.0309176209e-18 2.0435271711e-16)
    (2.1228684221e-18 1.9990254984e-16)
    (2.2189823415e-18 1.9536206332e-16)
    (2.3194478661e-18 1.9071142179e-16)
    (2.4244620171e-18 1.8593114735e-16)
    (2.5342307358e-18 1.8112656411e-16)
    (2.6489692876e-18 1.7620540935e-16)
    (2.7689026842e-18 1.7103408292e-16)
    (2.8942661247e-18 1.6637401200e-16)
    (3.0253054571e-18 1.6138012748e-16)
    (3.1622776602e-18 1.5617126978e-16)
    (3.3054513476e-18 1.5151524653e-16)
    (3.4551072946e-18 1.4641928282e-16)
    (3.6115389887e-18 1.4174102864e-16)
    (3.7750532053e-18 1.3693624687e-16)
    (3.9459706091e-18 1.3191728007e-16)
    (4.1246263829e-18 1.2748963803e-16)
    (4.3113708854e-18 1.2277092792e-16)
    (4.5065703377e-18 1.1847086538e-16)
    (4.7106075420e-18 1.1409586883e-16)
    (4.9238826317e-18 1.0985348207e-16)
    (5.1468138568e-18 1.0568208894e-16)
    (5.3798384034e-18 1.0168631998e-16)
    (5.6234132519e-18 9.7786438681e-17)
    (5.8780160723e-18 9.4051859124e-17)
    (6.1441461614e-18 9.0407231162e-17)
    (6.4223254222e-18 8.6941923583e-17)
    (6.7130993868e-18 8.3606647381e-17)
    (7.0170382867e-18 8.0386754532e-17)
    (7.3347381708e-18 7.7317114929e-17)
    (7.6668220745e-18 7.4203637657e-17)
    (8.0139412415e-18 7.1372578261e-17)
    (8.3767764007e-18 6.8706909201e-17)
    (8.7560391014e-18 6.6200401265e-17)
    (9.1524731088e-18 6.3535978676e-17)
    (9.5668558622e-18 6.1330430566e-17)
    (1.0000000000e-17 5.8878838946e-17)
);
