// k[EI_N2_EXC_N2_B_P3] [m^3/s] vs mean energy [eV]; air_plasma [94c490be646f8872], T_gas = 300.000000 K
(
    (0 0.0000000000e+00)
    (1.3716749438e-01 0.0000000000e+00)
    (1.4076979314e-01 0.0000000000e+00)
    (1.4397604008e-01 0.0000000000e+00)
    (1.4684113805e-01 0.0000000000e+00)
    (1.4941204783e-01 0.0000000000e+00)
    (1.5172864004e-01 0.0000000000e+00)
    (1.5382482203e-01 0.0000000000e+00)
    (1.5572964088e-01 0.0000000000e+00)
    (1.5746824649e-01 0.0000000000e+00)
    (1.5906268561e-01 0.0000000000e+00)
    (1.6040186980e-01 0.0000000000e+00)
    (1.6189539494e-01 0.0000000000e+00)
    (1.6316727128e-01 0.0000000000e+00)
    (1.6436286366e-01 0.0000000000e+00)
    (1.6549578572e-01 0.0000000000e+00)
    (1.6657873020e-01 0.0000000000e+00)
    (1.6762359287e-01 0.0000000000e+00)
    (1.6865359887e-01 0.0000000000e+00)
    (1.6965539117e-01 0.0000000000e+00)
    (1.7065096866e-01 0.0000000000e+00)
    (1.7163702901e-01 0.0000000000e+00)
    (1.7264762429e-01 0.0000000000e+00)
    (1.7367878080e-01 0.0000000000e+00)
    (1.7473849913e-01 0.0000000000e+00)
    (1.7583432821e-01 0.0000000000e+00)
    (1.7697337833e-01 0.0000000000e+00)
    (1.7816233417e-01 0.0000000000e+00)
    (1.7940746844e-01 0.0000000000e+00)
    (1.8071465956e-01 0.0000000000e+00)
    (1.8208941158e-01 0.0000000000e+00)
    (1.8353687952e-01 0.0000000000e+00)
    (1.8506190021e-01 0.0000000000e+00)
    (1.8666902928e-01 0.0000000000e+00)
    (1.8836258474e-01 0.0000000000e+00)
    (1.9014669747e-01 0.0000000000e+00)
    (1.9202536831e-01 0.0000000000e+00)
    (1.9400253175e-01 0.0000000000e+00)
    (1.9608212573e-01 0.0000000000e+00)
    (1.9826816696e-01 0.0000000000e+00)
    (2.0056483136e-01 0.0000000000e+00)
    (2.0297653896e-01 0.0000000000e+00)
    (2.0550804255e-01 0.0000000000e+00)
    (2.0816451961e-01 0.0000000000e+00)
    (2.1095166654e-01 0.0000000000e+00)
    (2.1387579417e-01 0.0000000000e+00)
    (2.1694256551e-01 0.0000000000e+00)
    (2.2014788174e-01 0.0000000000e+00)
    (2.2353446165e-01 0.0000000000e+00)
    (2.2709477487e-01 0.0000000000e+00)
    (2.3084127841e-01 0.0000000000e+00)
    (2.3479833990e-01 0.0000000000e+00)
    (2.3896131204e-01 0.0000000000e+00)
    (2.4336011410e-01 0.0000000000e+00)
    (2.4801612280e-01 0.0000000000e+00)
    (2.5295360836e-01 0.0000000000e+00)
    (2.5819915170e-01 0.0000000000e+00)
    (2.6378576428e-01 0.0000000000e+00)
    (2.6974626976e-01 0.0000000000e+00)
    (2.7611829297e-01 0.0000000000e+00)
    (2.8294269841e-01 0.0000000000e+00)
    (2.9026321198e-01 0.0000000000e+00)
    (2.9812580887e-01 0.0000000000e+00)
    (3.0657783145e-01 0.0000000000e+00)
    (3.1566682518e-01 0.0000000000e+00)
    (3.2543909275e-01 0.0000000000e+00)
    (3.3590887576e-01 0.0000000000e+00)
    (3.4717223366e-01 0.0000000000e+00)
    (3.5923184525e-01 0.0000000000e+00)
    (3.7211014051e-01 0.0000000000e+00)
    (3.8581860584e-01 0.0000000000e+00)
    (4.0035610545e-01 0.0000000000e+00)
    (4.1570760906e-01 0.0000000000e+00)
    (4.3184344429e-01 0.0000000000e+00)
    (4.4871916534e-01 0.0000000000e+00)
    (4.6627608546e-01 0.0000000000e+00)
    (4.8444246122e-01 0.0000000000e+00)
    (5.0313526437e-01 0.0000000000e+00)
    (5.2226243543e-01 0.0000000000e+00)
    (5.4172546688e-01 0.0000000000e+00)
    (5.6142215538e-01 0.0000000000e+00)
    (5.8124935489e-01 0.0000000000e+00)
    (6.0110557847e-01 0.0000000000e+00)
    (6.2089332763e-01 0.0000000000e+00)
    (6.4052105642e-01 0.0000000000e+00)
    (6.5990472218e-01 0.0000000000e+00)
    (6.7896890624e-01 0.0000000000e+00)
    (6.9764751934e-01 0.0000000000e+00)
    (7.1588412933e-01 0.0000000000e+00)
    (7.3358637930e-01 0.0000000000e+00)
    (7.5079958278e-01 0.0000000000e+00)
    (7.6745534914e-01 0.0000000000e+00)
    (7.8353257443e-01 0.0000000000e+00)
    (7.9901752925e-01 0.0000000000e+00)
    (8.1390306874e-01 0.0000000000e+00)
    (8.2818782881e-01 0.0000000000e+00)
    (8.4187543928e-01 0.0000000000e+00)
    (8.5497377065e-01 0.0000000000e+00)
    (8.6749423532e-01 0.0000000000e+00)
    (8.7945114959e-01 0.0000000000e+00)
    (8.9086116369e-01 0.0000000000e+00)
    (9.0174276209e-01 0.0000000000e+00)
    (9.1211583392e-01 0.0000000000e+00)
    (9.2200131124e-01 0.0000000000e+00)
    (9.3142087166e-01 0.0000000000e+00)
    (9.4039670018e-01 0.0000000000e+00)
    (9.4895130466e-01 0.0000000000e+00)
    (9.5710737851e-01 0.0000000000e+00)
    (9.6488770504e-01 0.0000000000e+00)
    (9.7229590480e-01 0.0000000000e+00)
    (9.7938516806e-01 0.0000000000e+00)
    (9.8616493157e-01 0.0000000000e+00)
    (9.9265725541e-01 0.0000000000e+00)
    (9.9888405066e-01 0.0000000000e+00)
    (1.0048670871e+00 0.0000000000e+00)
    (1.0106280072e+00 0.0000000000e+00)
    (1.0161883436e+00 0.0000000000e+00)
    (1.0215695406e+00 0.0000000000e+00)
    (1.0267929771e+00 0.0000000000e+00)
    (1.0318799906e+00 0.0000000000e+00)
    (1.0368231653e+00 0.0000000000e+00)
    (1.0417033545e+00 0.0000000000e+00)
    (1.0465120906e+00 0.0000000000e+00)
    (1.0510868807e+00 0.0000000000e+00)
    (1.0558591909e+00 0.0000000000e+00)
    (1.0606532018e+00 0.0000000000e+00)
    (1.0655074201e+00 0.0000000000e+00)
    (1.0704684874e+00 0.0000000000e+00)
    (1.0751997678e+00 5.2243015496e-22)
    (1.0804337622e+00 1.1592117614e-21)
    (1.0860944541e+00 2.0658331484e-21)
    (1.0921800386e+00 3.5985743150e-21)
    (1.0986620881e+00 6.3387589764e-21)
    (1.1060807530e+00 1.0613198737e-20)
    (1.1144567565e+00 1.7420129587e-20)
    (1.1240549778e+00 2.8052673597e-20)
    (1.1350476813e+00 4.4556647842e-20)
    (1.1481500998e+00 6.9156869304e-20)
    (1.1636258816e+00 1.0554950743e-19)
    (1.1819885903e+00 1.5850140024e-19)
    (1.2038177970e+00 2.3431578232e-19)
    (1.2301634392e+00 3.4369001562e-19)
    (1.2609969547e+00 4.9258461233e-19)
    (1.2973623011e+00 6.9602692810e-19)
    (1.3400043219e+00 9.6998524407e-19)
    (1.3902463434e+00 1.3379951231e-18)
    (1.4476740790e+00 1.8145367044e-18)
    (1.5134371389e+00 2.4294609908e-18)
    (1.5880617832e+00 3.2122771910e-18)
    (1.6719409936e+00 4.1956625678e-18)
    (1.7660607111e+00 5.4273706205e-18)
    (1.8689224012e+00 6.9202120540e-18)
    (1.9811674971e+00 8.7248188026e-18)
    (2.1024762205e+00 1.0880366240e-17)
    (2.2323544682e+00 1.3425568767e-17)
    (2.3723894733e+00 1.6435819376e-17)
    (2.5173051548e+00 1.9872037678e-17)
    (2.6685098830e+00 2.3802263724e-17)
    (2.8251127850e+00 2.8255237347e-17)
    (2.9864403851e+00 3.3267689613e-17)
    (3.1511716909e+00 3.8836540635e-17)
    (3.3187345269e+00 4.4990426880e-17)
    (3.4884072290e+00 5.1741831834e-17)
    (3.6595680233e+00 5.9099168833e-17)
    (3.8329812664e+00 6.7104034487e-17)
    (4.0054036496e+00 7.5676522905e-17)
    (4.1781426577e+00 8.4856982112e-17)
    (4.3510158693e+00 9.4639034267e-17)
    (4.5239369987e+00 1.0501287597e-16)
    (4.6971621124e+00 1.1598084633e-16)
    (4.8701409956e+00 1.2749171256e-16)
    (5.0433978981e+00 1.3954554355e-16)
    (5.2171246269e+00 1.5211968044e-16)
    (5.3915564385e+00 1.6518842629e-16)
    (5.5669629672e+00 1.7872315849e-16)
    (5.7436400437e+00 1.9269247070e-16)
    (5.9219025873e+00 2.0706235126e-16)
    (6.1010979378e+00 2.2176789321e-16)
    (6.2835570480e+00 2.3683064105e-16)
    (6.4679920424e+00 2.5215772132e-16)
    (6.6560078498e+00 2.6775397637e-16)
    (6.8473428105e+00 2.8355472725e-16)
    (7.0423340173e+00 2.9951704161e-16)
    (7.2409465160e+00 3.1557731909e-16)
    (7.4442081971e+00 3.3173000296e-16)
    (7.6521663603e+00 3.4791567651e-16)
    (7.8676105911e+00 3.6421737189e-16)
    (8.0858487204e+00 3.8033361128e-16)
    (8.3098278045e+00 3.9636048274e-16)
    (8.5398932951e+00 4.1225958745e-16)
    (8.7763949131e+00 4.2799406311e-16)
    (9.0196879697e+00 4.4352868771e-16)
    (9.2670974767e+00 4.5868507964e-16)
    (9.5251096886e+00 4.7372577903e-16)
    (9.7910839770e+00 4.8847024593e-16)
    (1.0065371630e+01 5.0289066039e-16)
    (1.0346344593e+01 5.1686490611e-16)
    (1.0638438926e+01 5.3056268283e-16)
    (1.0940187398e+01 5.4386015679e-16)
    (1.1925355136e+01 5.8570387661e-16)
    (1.2308824412e+01 5.9867184350e-16)
    (1.2709276652e+01 6.1112722422e-16)
    (1.3126439691e+01 6.2295355787e-16)
    (1.3561263285e+01 6.3412469263e-16)
    (1.4012493747e+01 6.4453763854e-16)
    (1.4484291915e+01 6.5433278962e-16)
    (1.4973992379e+01 6.6323157583e-16)
    (1.5487666223e+01 6.7158688803e-16)
    (1.6023909695e+01 6.7919393330e-16)
    (1.6583468512e+01 6.8593646164e-16)
    (1.7168941463e+01 6.9201429844e-16)
    (1.7781023452e+01 6.9731514739e-16)
    (1.8422151615e+01 7.0174436454e-16)
    (1.9092649339e+01 7.0547259516e-16)
    (1.9794733945e+01 7.0841400591e-16)
    (2.0530664058e+01 7.1056716583e-16)
    (2.1299508263e+01 7.1171699024e-16)
    (2.2109288431e+01 7.1231700054e-16)
    (2.2959485968e+01 7.1213791950e-16)
    (2.3850104879e+01 7.1098642805e-16)
    (2.4788921536e+01 7.0928458981e-16)
    (2.5776295005e+01 7.0682591471e-16)
    (2.6817698048e+01 7.0361042667e-16)
    (2.7909067436e+01 6.9952393389e-16)
    (2.9061538888e+01 6.9486879808e-16)
    (3.0279874265e+01 6.8949031145e-16)
    (3.1556757395e+01 6.8332431713e-16)
    (3.2908931845e+01 6.7658616360e-16)
    (3.4342348823e+01 6.6916483053e-16)
    (3.5842127009e+01 6.6096875095e-16)
    (3.7437719791e+01 6.5229936108e-16)
    (3.9117090489e+01 6.4282152666e-16)
    (4.0644106575e+01 6.3201010118e-16)
    (4.2796040127e+01 6.2254650963e-16)
    (4.4789131155e+01 6.1140415508e-16)
    (4.6589221150e+01 5.9903901101e-16)
    (4.9179324484e+01 5.8792721925e-16)
    (5.1201199815e+01 5.7485200319e-16)
    (5.4099126670e+01 5.6246871591e-16)
    (5.6778858337e+01 5.4904777448e-16)
    (5.9117854096e+01 5.3454340767e-16)
    (6.2718461942e+01 5.2111116641e-16)
    (6.5410085846e+01 5.0633809905e-16)
    (6.9496742822e+01 4.9204310757e-16)
    (7.3180976752e+01 4.7701597127e-16)
    (7.7182577491e+01 4.6184632540e-16)
    (8.1420085225e+01 4.4632768289e-16)
    (8.6011788405e+01 4.3081899840e-16)
    (9.0867763137e+01 4.1510275178e-16)
    (9.6165388139e+01 3.9939762385e-16)
    (1.0177823578e+02 3.8353120358e-16)
    (1.0792309375e+02 3.6777915149e-16)
    (1.1458604701e+02 3.5204141361e-16)
    (1.2160542734e+02 3.3631856786e-16)
    (1.2939531717e+02 3.2076350650e-16)
    (1.3542361118e+02 3.0474721992e-16)
    (1.4388362195e+02 2.8944548046e-16)
    (1.5371740495e+02 2.7454719904e-16)
    (1.6736124994e+02 2.6013735224e-16)
    (1.7556818514e+02 2.4491435389e-16)
    (1.9180551086e+02 2.3139442035e-16)
    (2.0148427830e+02 2.1690038031e-16)
);
