// k[EI_O_ION_O] [m^3/s] vs reducedE [V m^2]; air_plasma [94c490be646f8872], T_gas = 300.000000 K
(
    (0 0.0000000000e+00)
    (1.0000000000e-22 0.0000000000e+00)
    (1.0452754953e-22 0.0000000000e+00)
    (1.0926008611e-22 0.0000000000e+00)
    (1.1420689063e-22 0.0000000000e+00)
    (1.1937766417e-22 0.0000000000e+00)
    (1.2478254705e-22 0.0000000000e+00)
    (1.3043213867e-22 0.0000000000e+00)
    (1.3633751836e-22 0.0000000000e+00)
    (1.4251026703e-22 0.0000000000e+00)
    (1.4896248996e-22 0.0000000000e+00)
    (1.5570684048e-22 0.0000000000e+00)
    (1.6275654480e-22 0.0000000000e+00)
    (1.7012542799e-22 0.0000000000e+00)
    (1.7782794100e-22 0.0000000000e+00)
    (1.8587918911e-22 0.0000000000e+00)
    (1.9429496147e-22 0.0000000000e+00)
    (2.0309176209e-22 0.0000000000e+00)
    (2.1228684221e-22 0.0000000000e+00)
    (2.2189823415e-22 0.0000000000e+00)
    (2.3194478661e-22 0.0000000000e+00)
    (2.4244620171e-22 0.0000000000e+00)
    (2.5342307358e-22 0.0000000000e+00)
    (2.6489692876e-22 0.0000000000e+00)
    (2.7689026842e-22 0.0000000000e+00)
    (2.8942661247e-22 0.0000000000e+00)
    (3.0253054571e-22 0.0000000000e+00)
    (3.1622776602e-22 0.0000000000e+00)
    (3.3054513476e-22 0.0000000000e+00)
    (3.4551072946e-22 0.0000000000e+00)
    (3.6115389887e-22 0.0000000000e+00)
    (3.7750532053e-22 0.0000000000e+00)
    (3.9459706091e-22 0.0000000000e+00)
    (4.1246263829e-22 0.0000000000e+00)
    (4.3113708854e-22 0.0000000000e+00)
    (4.5065703377e-22 0.0000000000e+00)
    (4.7106075420e-22 0.0000000000e+00)
    (4.9238826317e-22 0.0000000000e+00)
    (5.1468138568e-22 0.0000000000e+00)
    (5.3798384034e-22 0.0000000000e+00)
    (5.6234132519e-22 0.0000000000e+00)
    (5.8780160723e-22 0.0000000000e+00)
    (6.1441461614e-22 0.0000000000e+00)
    (6.4223254222e-22 0.0000000000e+00)
    (6.7130993868e-22 0.0000000000e+00)
    (7.0170382867e-22 0.0000000000e+00)
    (7.3347381708e-22 0.0000000000e+00)
    (7.6668220745e-22 0.0000000000e+00)
    (8.0139412415e-22 0.0000000000e+00)
    (8.3767764007e-22 0.0000000000e+00)
    (8.7560391014e-22 0.0000000000e+00)
    (9.1524731088e-22 0.0000000000e+00)
    (9.5668558622e-22 0.0000000000e+00)
    (1.0000000000e-21 0.0000000000e+00)
    (1.0452754953e-21 0.0000000000e+00)
    (1.0926008611e-21 0.0000000000e+00)
    (1.1420689063e-21 0.0000000000e+00)
    (1.1937766417e-21 0.0000000000e+00)
    (1.2478254705e-21 0.0000000000e+00)
    (1.3043213867e-21 0.0000000000e+00)
    (1.3633751836e-21 0.0000000000e+00)
    (1.4251026703e-21 0.0000000000e+00)
    (1.4896248996e-21 0.0000000000e+00)
    (1.5570684048e-21 0.0000000000e+00)
    (1.6275654480e-21 0.0000000000e+00)
    (1.7012542799e-21 0.0000000000e+00)
    (1.7782794100e-21 0.0000000000e+00)
    (1.8587918911e-21 0.0000000000e+00)
    (1.9429496147e-21 0.0000000000e+00)
    (2.0309176209e-21 0.0000000000e+00)
    (2.1228684221e-21 0.0000000000e+00)
    (2.2189823415e-21 0.0000000000e+00)
    (2.3194478661e-21 0.0000000000e+00)
    (2.4244620171e-21 0.0000000000e+00)
    (2.5342307358e-21 0.0000000000e+00)
    (2.6489692876e-21 0.0000000000e+00)
    (2.7689026842e-21 0.0000000000e+00)
    (2.8942661247e-21 0.0000000000e+00)
    (3.0253054571e-21 0.0000000000e+00)
    (3.1622776602e-21 0.0000000000e+00)
    (3.3054513476e-21 0.0000000000e+00)
    (3.4551072946e-21 0.0000000000e+00)
    (3.6115389887e-21 0.0000000000e+00)
    (3.7750532053e-21 0.0000000000e+00)
    (3.9459706091e-21 0.0000000000e+00)
    (4.1246263829e-21 0.0000000000e+00)
    (4.3113708854e-21 0.0000000000e+00)
    (4.5065703377e-21 0.0000000000e+00)
    (4.7106075420e-21 0.0000000000e+00)
    (4.9238826317e-21 0.0000000000e+00)
    (5.1468138568e-21 0.0000000000e+00)
    (5.3798384034e-21 0.0000000000e+00)
    (5.6234132519e-21 0.0000000000e+00)
    (5.8780160723e-21 0.0000000000e+00)
    (6.1441461614e-21 0.0000000000e+00)
    (6.4223254222e-21 0.0000000000e+00)
    (6.7130993868e-21 0.0000000000e+00)
    (7.0170382867e-21 0.0000000000e+00)
    (7.3347381708e-21 0.0000000000e+00)
    (7.6668220745e-21 0.0000000000e+00)
    (8.0139412415e-21 0.0000000000e+00)
    (8.3767764007e-21 0.0000000000e+00)
    (8.7560391014e-21 0.0000000000e+00)
    (9.1524731088e-21 0.0000000000e+00)
    (9.5668558622e-21 0.0000000000e+00)
    (1.0000000000e-20 0.0000000000e+00)
    (1.0452754953e-20 0.0000000000e+00)
    (1.0926008611e-20 0.0000000000e+00)
    (1.1420689063e-20 0.0000000000e+00)
    (1.1937766417e-20 0.0000000000e+00)
    (1.2478254705e-20 0.0000000000e+00)
    (1.3043213867e-20 0.0000000000e+00)
    (1.3633751836e-20 0.0000000000e+00)
    (1.4251026703e-20 0.0000000000e+00)
    (1.4896248996e-20 0.0000000000e+00)
    (1.5570684048e-20 0.0000000000e+00)
    (1.6275654480e-20 0.0000000000e+00)
    (1.7012542799e-20 0.0000000000e+00)
    (1.7782794100e-20 0.0000000000e+00)
    (1.8587918911e-20 0.0000000000e+00)
    (1.9429496147e-20 0.0000000000e+00)
    (2.0309176209e-20 0.0000000000e+00)
    (2.1228684221e-20 0.0000000000e+00)
    (2.2189823415e-20 0.0000000000e+00)
    (2.3194478661e-20 0.0000000000e+00)
    (2.4244620171e-20 0.0000000000e+00)
    (2.5342307358e-20 0.0000000000e+00)
    (2.6489692876e-20 0.0000000000e+00)
    (2.7689026842e-20 0.0000000000e+00)
    (2.8942661247e-20 0.0000000000e+00)
    (3.0253054571e-20 0.0000000000e+00)
    (3.1622776602e-20 0.0000000000e+00)
    (3.3054513476e-20 0.0000000000e+00)
    (3.4551072946e-20 0.0000000000e+00)
    (3.6115389887e-20 0.0000000000e+00)
    (3.7750532053e-20 0.0000000000e+00)
    (3.9459706091e-20 4.9852556267e-23)
    (4.1246263829e-20 1.0186683398e-22)
    (4.3113708854e-20 2.0007362477e-22)
    (4.5065703377e-20 3.8018120508e-22)
    (4.7106075420e-20 7.0116572178e-22)
    (4.9238826317e-20 2.9835194953e-21)
    (5.1468138568e-20 5.4833162954e-21)
    (5.3798384034e-20 9.8132828276e-21)
    (5.6234132519e-20 1.7127678651e-20)
    (5.8780160723e-20 3.0082725015e-20)
    (6.1441461614e-20 5.0544615791e-20)
    (6.4223254222e-20 8.3059542387e-20)
    (6.7130993868e-20 1.3363272409e-19)
    (7.0170382867e-20 2.1067364640e-19)
    (7.3347381708e-20 3.2775440207e-19)
    (7.6668220745e-20 4.9708031406e-19)
    (8.0139412415e-20 7.4067147723e-19)
    (8.3767764007e-20 1.0849336847e-18)
    (8.7560391014e-20 1.5632367954e-18)
    (9.1524731088e-20 2.2216366672e-18)
    (9.5668558622e-20 3.1025089962e-18)
    (1.0000000000e-19 4.2704479612e-18)
    (1.0452754953e-19 5.7975048706e-18)
    (1.0926008611e-19 7.7701368466e-18)
    (1.1420689063e-19 1.0281541247e-17)
    (1.1937766417e-19 1.3444680396e-17)
    (1.2478254705e-19 1.7385193034e-17)
    (1.3043213867e-19 2.2243854596e-17)
    (1.3633751836e-19 2.8191381051e-17)
    (1.4251026703e-19 3.5369675700e-17)
    (1.4896248996e-19 4.3983818042e-17)
    (1.5570684048e-19 5.4239707373e-17)
    (1.6275654480e-19 6.6360071801e-17)
    (1.7012542799e-19 8.0602877469e-17)
    (1.7782794100e-19 9.7185826146e-17)
    (1.8587918911e-19 1.1640165303e-16)
    (1.9429496147e-19 1.3853925627e-16)
    (2.0309176209e-19 1.6390294636e-16)
    (2.1228684221e-19 1.9281170697e-16)
    (2.2189823415e-19 2.2559818344e-16)
    (2.3194478661e-19 2.6260757752e-16)
    (2.4244620171e-19 3.0413460498e-16)
    (2.5342307358e-19 3.5067971718e-16)
    (2.6489692876e-19 4.0252156736e-16)
    (2.7689026842e-19 4.6011251930e-16)
    (2.8942661247e-19 5.2384774298e-16)
    (3.0253054571e-19 5.9412409314e-16)
    (3.1622776602e-19 6.7131022000e-16)
    (3.3054513476e-19 7.5587924111e-16)
    (3.4551072946e-19 8.4826696148e-16)
    (3.6115389887e-19 9.4968726888e-16)
    (3.7750532053e-19 1.0590915335e-15)
    (3.9459706091e-19 1.1776657705e-15)
    (4.1246263829e-19 1.3058795705e-15)
    (4.3113708854e-19 1.4442125641e-15)
    (4.5065703377e-19 1.5931548381e-15)
    (4.7106075420e-19 1.7521345383e-15)
    (4.9238826317e-19 1.9237310745e-15)
    (5.1468138568e-19 2.1075347920e-15)
    (5.3798384034e-19 2.3040321505e-15)
    (5.6234132519e-19 2.5130492751e-15)
    (5.8780160723e-19 2.7364462415e-15)
    (6.1441461614e-19 2.9742799840e-15)
    (6.4223254222e-19 3.7553960463e-15)
    (6.7130993868e-19 4.0895555901e-15)
    (7.0170382867e-19 4.4461604585e-15)
    (7.3347381708e-19 4.8261144984e-15)
    (7.6668220745e-19 5.2304276546e-15)
    (8.0139412415e-19 5.6586205614e-15)
    (8.3767764007e-19 6.1133306730e-15)
    (8.7560391014e-19 6.5942199600e-15)
    (9.1524731088e-19 7.1035541460e-15)
    (9.5668558622e-19 7.6415418631e-15)
    (1.0000000000e-18 8.2090258232e-15)
    (1.0452754953e-18 8.8070997105e-15)
    (1.0926008611e-18 9.4364036010e-15)
    (1.1420689063e-18 1.0098719467e-14)
    (1.1937766417e-18 1.0793238717e-14)
    (1.2478254705e-18 1.1521344463e-14)
    (1.3043213867e-18 1.2284027267e-14)
    (1.3633751836e-18 1.3079758254e-14)
    (1.4251026703e-18 1.3913369868e-14)
    (1.4896248996e-18 1.4783444156e-14)
    (1.5570684048e-18 1.5687943376e-14)
    (1.6275654480e-18 1.6632421984e-14)
    (1.7012542799e-18 1.7614781821e-14)
    (1.7782794100e-18 1.8636747951e-14)
    (1.8587918911e-18 1.9692868933e-14)
    (1.9429496147e-18 2.0790437646e-14)
    (2.0309176209e-18 2.1928541843e-14)
    (2.1228684221e-18 2.3098733629e-14)
    (2.2189823415e-18 2.4312382678e-14)
    (2.3194478661e-18 2.5566965127e-14)
    (2.4244620171e-18 2.6850048928e-14)
    (2.5342307358e-18 2.8178486899e-14)
    (2.6489692876e-18 2.9534922062e-14)
    (2.7689026842e-18 3.0787828717e-14)
    (2.8942661247e-18 3.2376078962e-14)
    (3.0253054571e-18 3.3838569086e-14)
    (3.1622776602e-18 3.5182833375e-14)
    (3.3054513476e-18 3.6888705457e-14)
    (3.4551072946e-18 3.8296652816e-14)
    (3.6115389887e-18 4.0048084903e-14)
    (3.7750532053e-18 4.1656635467e-14)
    (3.9459706091e-18 4.3100421207e-14)
    (4.1246263829e-18 4.4988185582e-14)
    (4.3113708854e-18 4.6501215325e-14)
    (4.5065703377e-18 4.8422074879e-14)
    (4.7106075420e-18 5.0138514750e-14)
    (4.9238826317e-18 5.1900284035e-14)
    (5.1468138568e-18 5.3653357899e-14)
    (5.3798384034e-18 5.5437473169e-14)
    (5.6234132519e-18 5.7195183087e-14)
    (5.8780160723e-18 5.8989361875e-14)
    (6.1441461614e-18 6.0750940209e-14)
    (6.4223254222e-18 6.2540772418e-14)
    (6.7130993868e-18 6.4322776186e-14)
    (7.0170382867e-18 6.6053887117e-14)
    (7.3347381708e-18 6.7808281412e-14)
    (7.6668220745e-18 6.9214640836e-14)
    (8.0139412415e-18 7.0826022499e-14)
    (8.3767764007e-18 7.2532190357e-14)
    (8.7560391014e-18 7.4520498765e-14)
    (9.1524731088e-18 7.5784283316e-14)
    (9.5668558622e-18 7.7676187810e-14)
    (1.0000000000e-17 7.8838978687e-14)
);
