// k[EI_N2_EXC_N2_A_PP1] [m^3/s] vs reducedE [V m^2]; air_plasma [94c490be646f8872], T_gas = 300.000000 K
(
    (0 0.0000000000e+00)
    (1.0000000000e-22 0.0000000000e+00)
    (1.0452754953e-22 0.0000000000e+00)
    (1.0926008611e-22 0.0000000000e+00)
    (1.1420689063e-22 0.0000000000e+00)
    (1.1937766417e-22 0.0000000000e+00)
    (1.2478254705e-22 0.0000000000e+00)
    (1.3043213867e-22 0.0000000000e+00)
    (1.3633751836e-22 0.0000000000e+00)
    (1.4251026703e-22 0.0000000000e+00)
    (1.4896248996e-22 0.0000000000e+00)
    (1.5570684048e-22 0.0000000000e+00)
    (1.6275654480e-22 0.0000000000e+00)
    (1.7012542799e-22 0.0000000000e+00)
    (1.7782794100e-22 0.0000000000e+00)
    (1.8587918911e-22 0.0000000000e+00)
    (1.9429496147e-22 0.0000000000e+00)
    (2.0309176209e-22 0.0000000000e+00)
    (2.1228684221e-22 0.0000000000e+00)
    (2.2189823415e-22 0.0000000000e+00)
    (2.3194478661e-22 0.0000000000e+00)
    (2.4244620171e-22 0.0000000000e+00)
    (2.5342307358e-22 0.0000000000e+00)
    (2.6489692876e-22 0.0000000000e+00)
    (2.7689026842e-22 0.0000000000e+00)
    (2.8942661247e-22 0.0000000000e+00)
    (3.0253054571e-22 0.0000000000e+00)
    (3.1622776602e-22 0.0000000000e+00)
    (3.3054513476e-22 0.0000000000e+00)
    (3.4551072946e-22 0.0000000000e+00)
    (3.6115389887e-22 0.0000000000e+00)
    (3.7750532053e-22 0.0000000000e+00)
    (3.9459706091e-22 0.0000000000e+00)
    (4.1246263829e-22 0.0000000000e+00)
    (4.3113708854e-22 0.0000000000e+00)
    (4.5065703377e-22 0.0000000000e+00)
    (4.7106075420e-22 0.0000000000e+00)
    (4.9238826317e-22 0.0000000000e+00)
    (5.1468138568e-22 0.0000000000e+00)
    (5.3798384034e-22 0.0000000000e+00)
    (5.6234132519e-22 0.0000000000e+00)
    (5.8780160723e-22 0.0000000000e+00)
    (6.1441461614e-22 0.0000000000e+00)
    (6.4223254222e-22 0.0000000000e+00)
    (6.7130993868e-22 0.0000000000e+00)
    (7.0170382867e-22 0.0000000000e+00)
    (7.3347381708e-22 0.0000000000e+00)
    (7.6668220745e-22 0.0000000000e+00)
    (8.0139412415e-22 0.0000000000e+00)
    (8.3767764007e-22 0.0000000000e+00)
    (8.7560391014e-22 0.0000000000e+00)
    (9.1524731088e-22 0.0000000000e+00)
    (9.5668558622e-22 0.0000000000e+00)
    (1.0000000000e-21 0.0000000000e+00)
    (1.0452754953e-21 0.0000000000e+00)
    (1.0926008611e-21 0.0000000000e+00)
    (1.1420689063e-21 0.0000000000e+00)
    (1.1937766417e-21 0.0000000000e+00)
    (1.2478254705e-21 0.0000000000e+00)
    (1.3043213867e-21 0.0000000000e+00)
    (1.3633751836e-21 0.0000000000e+00)
    (1.4251026703e-21 0.0000000000e+00)
    (1.4896248996e-21 0.0000000000e+00)
    (1.5570684048e-21 0.0000000000e+00)
    (1.6275654480e-21 0.0000000000e+00)
    (1.7012542799e-21 0.0000000000e+00)
    (1.7782794100e-21 0.0000000000e+00)
    (1.8587918911e-21 0.0000000000e+00)
    (1.9429496147e-21 0.0000000000e+00)
    (2.0309176209e-21 0.0000000000e+00)
    (2.1228684221e-21 0.0000000000e+00)
    (2.2189823415e-21 0.0000000000e+00)
    (2.3194478661e-21 0.0000000000e+00)
    (2.4244620171e-21 0.0000000000e+00)
    (2.5342307358e-21 0.0000000000e+00)
    (2.6489692876e-21 0.0000000000e+00)
    (2.7689026842e-21 0.0000000000e+00)
    (2.8942661247e-21 0.0000000000e+00)
    (3.0253054571e-21 0.0000000000e+00)
    (3.1622776602e-21 0.0000000000e+00)
    (3.3054513476e-21 0.0000000000e+00)
    (3.4551072946e-21 0.0000000000e+00)
    (3.6115389887e-21 0.0000000000e+00)
    (3.7750532053e-21 0.0000000000e+00)
    (3.9459706091e-21 0.0000000000e+00)
    (4.1246263829e-21 0.0000000000e+00)
    (4.3113708854e-21 0.0000000000e+00)
    (4.5065703377e-21 0.0000000000e+00)
    (4.7106075420e-21 0.0000000000e+00)
    (4.9238826317e-21 0.0000000000e+00)
    (5.1468138568e-21 0.0000000000e+00)
    (5.3798384034e-21 0.0000000000e+00)
    (5.6234132519e-21 0.0000000000e+00)
    (5.8780160723e-21 0.0000000000e+00)
    (6.1441461614e-21 0.0000000000e+00)
    (6.4223254222e-21 0.0000000000e+00)
    (6.7130993868e-21 0.0000000000e+00)
    (7.0170382867e-21 0.0000000000e+00)
    (7.3347381708e-21 0.0000000000e+00)
    (7.6668220745e-21 0.0000000000e+00)
    (8.0139412415e-21 0.0000000000e+00)
    (8.3767764007e-21 0.0000000000e+00)
    (8.7560391014e-21 0.0000000000e+00)
    (9.1524731088e-21 0.0000000000e+00)
    (9.5668558622e-21 0.0000000000e+00)
    (1.0000000000e-20 0.0000000000e+00)
    (1.0452754953e-20 0.0000000000e+00)
    (1.0926008611e-20 0.0000000000e+00)
    (1.1420689063e-20 0.0000000000e+00)
    (1.1937766417e-20 0.0000000000e+00)
    (1.2478254705e-20 0.0000000000e+00)
    (1.3043213867e-20 0.0000000000e+00)
    (1.3633751836e-20 0.0000000000e+00)
    (1.4251026703e-20 0.0000000000e+00)
    (1.4896248996e-20 0.0000000000e+00)
    (1.5570684048e-20 0.0000000000e+00)
    (1.6275654480e-20 0.0000000000e+00)
    (1.7012542799e-20 0.0000000000e+00)
    (1.7782794100e-20 0.0000000000e+00)
    (1.8587918911e-20 0.0000000000e+00)
    (1.9429496147e-20 0.0000000000e+00)
    (2.0309176209e-20 0.0000000000e+00)
    (2.1228684221e-20 0.0000000000e+00)
    (2.2189823415e-20 0.0000000000e+00)
    (2.3194478661e-20 0.0000000000e+00)
    (2.4244620171e-20 0.0000000000e+00)
    (2.5342307358e-20 0.0000000000e+00)
    (2.6489692876e-20 0.0000000000e+00)
    (2.7689026842e-20 0.0000000000e+00)
    (2.8942661247e-20 0.0000000000e+00)
    (3.0253054571e-20 0.0000000000e+00)
    (3.1622776602e-20 0.0000000000e+00)
    (3.3054513476e-20 6.7472094500e-25)
    (3.4551072946e-20 1.3458663598e-24)
    (3.6115389887e-20 2.6009020128e-24)
    (3.7750532053e-20 4.8827155255e-24)
    (3.9459706091e-20 1.0169929779e-22)
    (4.1246263829e-20 1.9330945099e-22)
    (4.3113708854e-20 3.5711239320e-22)
    (4.5065703377e-20 6.4254713328e-22)
    (4.7106075420e-20 1.1276109084e-21)
    (4.9238826317e-20 2.0829990509e-21)
    (5.1468138568e-20 3.5286631825e-21)
    (5.3798384034e-20 5.8518222752e-21)
    (5.6234132519e-20 9.5076782828e-21)
    (5.8780160723e-20 1.5231400016e-20)
    (6.1441461614e-20 2.3837775467e-20)
    (6.4223254222e-20 3.6629174536e-20)
    (6.7130993868e-20 5.5296159528e-20)
    (7.0170382867e-20 8.2057700824e-20)
    (7.3347381708e-20 1.2001666393e-19)
    (7.6668220745e-20 1.7224596168e-19)
    (8.0139412415e-20 2.4343054853e-19)
    (8.3767764007e-20 3.3895806005e-19)
    (8.7560391014e-20 4.6525678296e-19)
    (9.1524731088e-20 6.3082527729e-19)
    (9.5668558622e-20 8.4232189132e-19)
    (1.0000000000e-19 1.1105402762e-18)
    (1.0452754953e-19 1.4464988256e-18)
    (1.0926008611e-19 1.8628779173e-18)
    (1.1420689063e-19 2.3718667431e-18)
    (1.1937766417e-19 2.9883511048e-18)
    (1.2478254705e-19 3.7276439625e-18)
    (1.3043213867e-19 4.6059276239e-18)
    (1.3633751836e-19 5.6433137785e-18)
    (1.4251026703e-19 6.8504431952e-18)
    (1.4896248996e-19 8.2487854960e-18)
    (1.5570684048e-19 9.8565072569e-18)
    (1.6275654480e-19 1.1691802650e-17)
    (1.7012542799e-19 1.3774740701e-17)
    (1.7782794100e-19 1.6118032870e-17)
    (1.8587918911e-19 1.8741068743e-17)
    (1.9429496147e-19 2.1659648411e-17)
    (2.0309176209e-19 2.4888303971e-17)
    (2.1228684221e-19 2.8440027490e-17)
    (2.2189823415e-19 3.2326007162e-17)
    (2.3194478661e-19 3.6555383362e-17)
    (2.4244620171e-19 4.1129260011e-17)
    (2.5342307358e-19 4.6063023367e-17)
    (2.6489692876e-19 5.1350429799e-17)
    (2.7689026842e-19 5.6996627741e-17)
    (2.8942661247e-19 6.2995498221e-17)
    (3.0253054571e-19 6.9340672215e-17)
    (3.1622776602e-19 7.6019411298e-17)
    (3.3054513476e-19 8.3027255073e-17)
    (3.4551072946e-19 9.0347700926e-17)
    (3.6115389887e-19 9.8003658113e-17)
    (3.7750532053e-19 1.0589791417e-16)
    (3.9459706091e-19 1.1405115045e-16)
    (4.1246263829e-19 1.2244222201e-16)
    (4.3113708854e-19 1.3104874232e-16)
    (4.5065703377e-19 1.3984733398e-16)
    (4.7106075420e-19 1.4876576182e-16)
    (4.9238826317e-19 1.5787526943e-16)
    (5.1468138568e-19 1.6710313999e-16)
    (5.3798384034e-19 1.7642409850e-16)
    (5.6234132519e-19 1.8577833707e-16)
    (5.8780160723e-19 1.9520953606e-16)
    (6.1441461614e-19 2.0465880759e-16)
    (6.4223254222e-19 2.3386018701e-16)
    (6.7130993868e-19 2.4431153626e-16)
    (7.0170382867e-19 2.5468941711e-16)
    (7.3347381708e-19 2.6493308744e-16)
    (7.6668220745e-19 2.7501033816e-16)
    (8.0139412415e-19 2.8485146494e-16)
    (8.3767764007e-19 2.9449888832e-16)
    (8.7560391014e-19 3.0381265544e-16)
    (9.1524731088e-19 3.1292405925e-16)
    (9.5668558622e-19 3.2172674538e-16)
    (1.0000000000e-18 3.3015187993e-16)
    (1.0452754953e-18 3.3826957375e-16)
    (1.0926008611e-18 3.4601428656e-16)
    (1.1420689063e-18 3.5333354285e-16)
    (1.1937766417e-18 3.6028007989e-16)
    (1.2478254705e-18 3.6680756495e-16)
    (1.3043213867e-18 3.7290482076e-16)
    (1.3633751836e-18 3.7845794510e-16)
    (1.4251026703e-18 3.8367455045e-16)
    (1.4896248996e-18 3.8843887507e-16)
    (1.5570684048e-18 3.9264289626e-16)
    (1.6275654480e-18 3.9650110678e-16)
    (1.7012542799e-18 3.9990281523e-16)
    (1.7782794100e-18 4.0284874994e-16)
    (1.8587918911e-18 4.0526820594e-16)
    (1.9429496147e-18 4.0732391584e-16)
    (2.0309176209e-18 4.0893912803e-16)
    (2.1228684221e-18 4.1006123347e-16)
    (2.2189823415e-18 4.1083071792e-16)
    (2.3194478661e-18 4.1118626793e-16)
    (2.4244620171e-18 4.1105997994e-16)
    (2.5342307358e-18 4.1064221513e-16)
    (2.6489692876e-18 4.0973036744e-16)
    (2.7689026842e-18 4.0776121382e-16)
    (2.8942661247e-18 4.0711137800e-16)
    (3.0253054571e-18 4.0518853271e-16)
    (3.1622776602e-18 4.0227629182e-16)
    (3.3054513476e-18 4.0065812502e-16)
    (3.4551072946e-18 3.9730921612e-16)
    (3.6115389887e-18 3.9492417084e-16)
    (3.7750532053e-18 3.9160412781e-16)
    (3.9459706091e-18 3.8733960362e-16)
    (4.1246263829e-18 3.8442834864e-16)
    (4.3113708854e-18 3.8000488237e-16)
    (4.5065703377e-18 3.7654983225e-16)
    (4.7106075420e-18 3.7223585253e-16)
    (4.9238826317e-18 3.6787948866e-16)
    (5.1468138568e-18 3.6325596710e-16)
    (5.3798384034e-18 3.5863138937e-16)
    (5.6234132519e-18 3.5377499239e-16)
    (5.8780160723e-18 3.4893222890e-16)
    (6.1441461614e-18 3.4387539152e-16)
    (6.4223254222e-18 3.3885862203e-16)
    (6.7130993868e-18 3.3375906621e-16)
    (7.0170382867e-18 3.2849869626e-16)
    (7.3347381708e-18 3.2328790923e-16)
    (7.6668220745e-18 3.1719712234e-16)
    (8.0139412415e-18 3.1163782646e-16)
    (8.3767764007e-18 3.0643875023e-16)
    (8.7560391014e-18 3.0186419936e-16)
    (9.1524731088e-18 2.9548578972e-16)
    (9.5668558622e-18 2.9108635457e-16)
    (1.0000000000e-17 2.8468753560e-16)
);
