// k[EI_O2_EXC_O2_V1RES] [m^3/s] vs mean energy [eV]; air_plasma [94c490be646f8872], T_gas = 300.000000 K
(
    (0 0.0000000000e+00)
    (1.3716749438e-01 0.0000000000e+00)
    (1.4076979314e-01 0.0000000000e+00)
    (1.4397604008e-01 0.0000000000e+00)
    (1.4684113805e-01 0.0000000000e+00)
    (1.4941204783e-01 0.0000000000e+00)
    (1.5172864004e-01 0.0000000000e+00)
    (1.5382482203e-01 0.0000000000e+00)
    (1.5572964088e-01 0.0000000000e+00)
    (1.5746824649e-01 0.0000000000e+00)
    (1.5906268561e-01 0.0000000000e+00)
    (1.6040186980e-01 0.0000000000e+00)
    (1.6189539494e-01 0.0000000000e+00)
    (1.6316727128e-01 0.0000000000e+00)
    (1.6436286366e-01 0.0000000000e+00)
    (1.6549578572e-01 0.0000000000e+00)
    (1.6657873020e-01 0.0000000000e+00)
    (1.6762359287e-01 0.0000000000e+00)
    (1.6865359887e-01 0.0000000000e+00)
    (1.6965539117e-01 0.0000000000e+00)
    (1.7065096866e-01 0.0000000000e+00)
    (1.7163702901e-01 0.0000000000e+00)
    (1.7264762429e-01 0.0000000000e+00)
    (1.7367878080e-01 0.0000000000e+00)
    (1.7473849913e-01 0.0000000000e+00)
    (1.7583432821e-01 0.0000000000e+00)
    (1.7697337833e-01 0.0000000000e+00)
    (1.7816233417e-01 0.0000000000e+00)
    (1.7940746844e-01 0.0000000000e+00)
    (1.8071465956e-01 0.0000000000e+00)
    (1.8208941158e-01 0.0000000000e+00)
    (1.8353687952e-01 0.0000000000e+00)
    (1.8506190021e-01 0.0000000000e+00)
    (1.8666902928e-01 0.0000000000e+00)
    (1.8836258474e-01 0.0000000000e+00)
    (1.9014669747e-01 0.0000000000e+00)
    (1.9202536831e-01 0.0000000000e+00)
    (1.9400253175e-01 0.0000000000e+00)
    (1.9608212573e-01 0.0000000000e+00)
    (1.9826816696e-01 0.0000000000e+00)
    (2.0056483136e-01 0.0000000000e+00)
    (2.0297653896e-01 0.0000000000e+00)
    (2.0550804255e-01 0.0000000000e+00)
    (2.0816451961e-01 0.0000000000e+00)
    (2.1095166654e-01 0.0000000000e+00)
    (2.1387579417e-01 0.0000000000e+00)
    (2.1694256551e-01 0.0000000000e+00)
    (2.2014788174e-01 0.0000000000e+00)
    (2.2353446165e-01 0.0000000000e+00)
    (2.2709477487e-01 0.0000000000e+00)
    (2.3084127841e-01 0.0000000000e+00)
    (2.3479833990e-01 0.0000000000e+00)
    (2.3896131204e-01 0.0000000000e+00)
    (2.4336011410e-01 0.0000000000e+00)
    (2.4801612280e-01 0.0000000000e+00)
    (2.5295360836e-01 0.0000000000e+00)
    (2.5819915170e-01 0.0000000000e+00)
    (2.6378576428e-01 0.0000000000e+00)
    (2.6974626976e-01 0.0000000000e+00)
    (2.7611829297e-01 0.0000000000e+00)
    (2.8294269841e-01 0.0000000000e+00)
    (2.9026321198e-01 0.0000000000e+00)
    (2.9812580887e-01 0.0000000000e+00)
    (3.0657783145e-01 0.0000000000e+00)
    (3.1566682518e-01 0.0000000000e+00)
    (3.2543909275e-01 0.0000000000e+00)
    (3.3590887576e-01 0.0000000000e+00)
    (3.4717223366e-01 0.0000000000e+00)
    (3.5923184525e-01 0.0000000000e+00)
    (3.7211014051e-01 0.0000000000e+00)
    (3.8581860584e-01 0.0000000000e+00)
    (4.0035610545e-01 0.0000000000e+00)
    (4.1570760906e-01 0.0000000000e+00)
    (4.3184344429e-01 0.0000000000e+00)
    (4.4871916534e-01 0.0000000000e+00)
    (4.6627608546e-01 0.0000000000e+00)
    (4.8444246122e-01 0.0000000000e+00)
    (5.0313526437e-01 0.0000000000e+00)
    (5.2226243543e-01 0.0000000000e+00)
    (5.4172546688e-01 0.0000000000e+00)
    (5.6142215538e-01 0.0000000000e+00)
    (5.8124935489e-01 0.0000000000e+00)
    (6.0110557847e-01 0.0000000000e+00)
    (6.2089332763e-01 0.0000000000e+00)
    (6.4052105642e-01 0.0000000000e+00)
    (6.5990472218e-01 0.0000000000e+00)
    (6.7896890624e-01 0.0000000000e+00)
    (6.9764751934e-01 0.0000000000e+00)
    (7.1588412933e-01 0.0000000000e+00)
    (7.3358637930e-01 0.0000000000e+00)
    (7.5079958278e-01 0.0000000000e+00)
    (7.6745534914e-01 0.0000000000e+00)
    (7.8353257443e-01 0.0000000000e+00)
    (7.9901752925e-01 0.0000000000e+00)
    (8.1390306874e-01 0.0000000000e+00)
    (8.2818782881e-01 0.0000000000e+00)
    (8.4187543928e-01 0.0000000000e+00)
    (8.5497377065e-01 0.0000000000e+00)
    (8.6749423532e-01 0.0000000000e+00)
    (8.7945114959e-01 0.0000000000e+00)
    (8.9086116369e-01 0.0000000000e+00)
    (9.0174276209e-01 0.0000000000e+00)
    (9.1211583392e-01 0.0000000000e+00)
    (9.2200131124e-01 0.0000000000e+00)
    (9.3142087166e-01 0.0000000000e+00)
    (9.4039670018e-01 0.0000000000e+00)
    (9.4895130466e-01 0.0000000000e+00)
    (9.5710737851e-01 0.0000000000e+00)
    (9.6488770504e-01 0.0000000000e+00)
    (9.7229590480e-01 0.0000000000e+00)
    (9.7938516806e-01 0.0000000000e+00)
    (9.8616493157e-01 0.0000000000e+00)
    (9.9265725541e-01 0.0000000000e+00)
    (9.9888405066e-01 0.0000000000e+00)
    (1.0048670871e+00 0.0000000000e+00)
    (1.0106280072e+00 0.0000000000e+00)
    (1.0161883436e+00 0.0000000000e+00)
    (1.0215695406e+00 0.0000000000e+00)
    (1.0267929771e+00 0.0000000000e+00)
    (1.0318799906e+00 0.0000000000e+00)
    (1.0368231653e+00 0.0000000000e+00)
    (1.0417033545e+00 0.0000000000e+00)
    (1.0465120906e+00 0.0000000000e+00)
    (1.0510868807e+00 5.5260893398e-21)
    (1.0558591909e+00 1.0244625819e-20)
    (1.0606532018e+00 1.8380008913e-20)
    (1.0655074201e+00 3.2047203995e-20)
    (1.0704684874e+00 5.4437855215e-20)
    (1.0751997678e+00 1.3450574275e-19)
    (1.0804337622e+00 2.1659911501e-19)
    (1.0860944541e+00 3.4757088610e-19)
    (1.0921800386e+00 5.4684922787e-19)
    (1.0986620881e+00 8.5497156325e-19)
    (1.1060807530e+00 1.2940828020e-18)
    (1.1144567565e+00 1.9250780989e-18)
    (1.1240549778e+00 2.8164216708e-18)
    (1.1350476813e+00 4.0858720822e-18)
    (1.1481500998e+00 5.7873593829e-18)
    (1.1636258816e+00 8.0771531240e-18)
    (1.1819885903e+00 1.1112949241e-17)
    (1.2038177970e+00 1.5079522050e-17)
    (1.2301634392e+00 2.0355447265e-17)
    (1.2609969547e+00 2.6873779318e-17)
    (1.2973623011e+00 3.5035111883e-17)
    (1.3400043219e+00 4.5116538673e-17)
    (1.3902463434e+00 5.7614798284e-17)
    (1.4476740790e+00 7.2414279688e-17)
    (1.5134371389e+00 8.9978649946e-17)
    (1.5880617832e+00 1.1055590100e-16)
    (1.6719409936e+00 1.3435525671e-16)
    (1.7660607111e+00 1.6190572461e-16)
    (1.8689224012e+00 1.9254276223e-16)
    (1.9811674971e+00 2.2666804963e-16)
    (2.1024762205e+00 2.6422780489e-16)
    (2.2323544682e+00 3.0509083823e-16)
    (2.3723894733e+00 3.4986252255e-16)
    (2.5173051548e+00 3.9663875135e-16)
    (2.6685098830e+00 4.4590547493e-16)
    (2.8251127850e+00 4.9729163233e-16)
    (2.9864403851e+00 5.5060197198e-16)
    (3.1511716909e+00 6.0499625149e-16)
    (3.3187345269e+00 6.6027496536e-16)
    (3.4884072290e+00 7.1602778410e-16)
    (3.6595680233e+00 7.7186213310e-16)
    (3.8329812664e+00 8.2787044100e-16)
    (4.0054036496e+00 8.8270108658e-16)
    (4.1781426577e+00 9.3661141132e-16)
    (4.3510158693e+00 9.8933002100e-16)
    (4.5239369987e+00 1.0406185645e-15)
    (4.6971621124e+00 1.0904311214e-15)
    (4.8701409956e+00 1.1382280287e-15)
    (5.0433978981e+00 1.1840702049e-15)
    (5.2171246269e+00 1.2278345770e-15)
    (5.3915564385e+00 1.2694212098e-15)
    (5.5669629672e+00 1.3087510046e-15)
    (5.7436400437e+00 1.3457635535e-15)
    (5.9219025873e+00 1.3804151605e-15)
    (6.1010979378e+00 1.4124337702e-15)
    (6.2835570480e+00 1.4422901252e-15)
    (6.4679920424e+00 1.4696005642e-15)
    (6.6560078498e+00 1.4946459929e-15)
    (6.8473428105e+00 1.5173033612e-15)
    (7.0423340173e+00 1.5375971841e-15)
    (7.2409465160e+00 1.5554762919e-15)
    (7.4442081971e+00 1.5711319867e-15)
    (7.6521663603e+00 1.5845350473e-15)
    (7.8676105911e+00 1.5963030652e-15)
    (8.0858487204e+00 1.6052794671e-15)
    (8.3098278045e+00 1.6121586875e-15)
    (8.5398932951e+00 1.6169955157e-15)
    (8.7763949131e+00 1.6198466623e-15)
    (9.0196879697e+00 1.6207702908e-15)
    (9.2670974767e+00 1.6192897462e-15)
    (9.5251096886e+00 1.6165746344e-15)
    (9.7910839770e+00 1.6121074033e-15)
    (1.0065371630e+01 1.6059516644e-15)
    (1.0346344593e+01 1.5978645514e-15)
    (1.0638438926e+01 1.5885406327e-15)
    (1.0940187398e+01 1.5777090451e-15)
    (1.1925355136e+01 1.5490305609e-15)
    (1.2308824412e+01 1.5306892275e-15)
    (1.2709276652e+01 1.5110431853e-15)
    (1.3126439691e+01 1.4899045709e-15)
    (1.3561263285e+01 1.4673556628e-15)
    (1.4012493747e+01 1.4433247767e-15)
    (1.4484291915e+01 1.4182535283e-15)
    (1.4973992379e+01 1.3916677385e-15)
    (1.5487666223e+01 1.3644446566e-15)
    (1.6023909695e+01 1.3362622772e-15)
    (1.6583468512e+01 1.3069792411e-15)
    (1.7168941463e+01 1.2771569421e-15)
    (1.7781023452e+01 1.2466489033e-15)
    (1.8422151615e+01 1.2153199956e-15)
    (1.9092649339e+01 1.1837059820e-15)
    (1.9794733945e+01 1.1516729133e-15)
    (2.0530664058e+01 1.1192999681e-15)
    (2.1299508263e+01 1.0863274779e-15)
    (2.2109288431e+01 1.0535608424e-15)
    (2.2959485968e+01 1.0206939417e-15)
    (2.3850104879e+01 9.8748663025e-16)
    (2.4788921536e+01 9.5467633094e-16)
    (2.5776295005e+01 9.2198183837e-16)
    (2.6817698048e+01 8.8944850602e-16)
    (2.7909067436e+01 8.5699453805e-16)
    (2.9061538888e+01 8.2505283090e-16)
    (3.0279874265e+01 7.9344821367e-16)
    (3.1556757395e+01 7.6219239219e-16)
    (3.2908931845e+01 7.3149436919e-16)
    (3.4342348823e+01 7.0127555618e-16)
    (3.5842127009e+01 6.7140637154e-16)
    (3.7437719791e+01 6.4237373858e-16)
    (3.9117090489e+01 6.1371610688e-16)
    (4.0644106575e+01 5.8516350122e-16)
    (4.2796040127e+01 5.5892105957e-16)
    (4.4789131155e+01 5.3238818760e-16)
    (4.6589221150e+01 5.0576206387e-16)
    (4.9179324484e+01 4.8185179431e-16)
    (5.1201199815e+01 4.5700542863e-16)
    (5.4099126670e+01 4.3420825916e-16)
    (5.6778858337e+01 4.1165029315e-16)
    (5.9117854096e+01 3.8890837359e-16)
    (6.2718461942e+01 3.6838201871e-16)
    (6.5410085846e+01 3.4774719133e-16)
    (6.9496742822e+01 3.2856889925e-16)
    (7.3180976752e+01 3.0980395893e-16)
    (7.7182577491e+01 2.9178898577e-16)
    (8.1420085225e+01 2.7433376603e-16)
    (8.6011788405e+01 2.5781617085e-16)
    (9.0867763137e+01 2.4198009141e-16)
    (9.6165388139e+01 2.2689266347e-16)
    (1.0177823578e+02 2.1238164938e-16)
    (1.0792309375e+02 1.9867122087e-16)
    (1.1458604701e+02 1.8561156868e-16)
    (1.2160542734e+02 1.7317632609e-16)
    (1.2939531717e+02 1.6138907819e-16)
    (1.3542361118e+02 1.4996775030e-16)
    (1.4388362195e+02 1.3970180531e-16)
    (1.5371740495e+02 1.2968379299e-16)
    (1.6736124994e+02 1.1984535642e-16)
    (1.7556818514e+02 1.1102747862e-16)
    (1.9180551086e+02 1.0245593130e-16)
    (2.0148427830e+02 9.4623653207e-17)
);
