// k[EI_O2_ATT_O_O] [m^3/s] vs mean energy [eV]; air_plasma [94c490be646f8872], T_gas = 300.000000 K
(
    (0 0.0000000000e+00)
    (1.3716736877e-01 0.0000000000e+00)
    (1.4076967004e-01 0.0000000000e+00)
    (1.4397591983e-01 0.0000000000e+00)
    (1.4684102077e-01 0.0000000000e+00)
    (1.4941193350e-01 0.0000000000e+00)
    (1.5172852860e-01 0.0000000000e+00)
    (1.5382471337e-01 0.0000000000e+00)
    (1.5572953486e-01 0.0000000000e+00)
    (1.5746814299e-01 0.0000000000e+00)
    (1.5906258451e-01 0.0000000000e+00)
    (1.6040177321e-01 0.0000000000e+00)
    (1.6189529828e-01 0.0000000000e+00)
    (1.6316717670e-01 0.0000000000e+00)
    (1.6436277106e-01 0.0000000000e+00)
    (1.6549569504e-01 0.0000000000e+00)
    (1.6657864137e-01 0.0000000000e+00)
    (1.6762350584e-01 0.0000000000e+00)
    (1.6865351356e-01 0.0000000000e+00)
    (1.6965530759e-01 0.0000000000e+00)
    (1.7065088677e-01 0.0000000000e+00)
    (1.7163694874e-01 0.0000000000e+00)
    (1.7264754568e-01 0.0000000000e+00)
    (1.7367870384e-01 0.0000000000e+00)
    (1.7473842382e-01 0.0000000000e+00)
    (1.7583425455e-01 0.0000000000e+00)
    (1.7697330632e-01 0.0000000000e+00)
    (1.7816226381e-01 0.0000000000e+00)
    (1.7940739973e-01 0.0000000000e+00)
    (1.8071459251e-01 0.0000000000e+00)
    (1.8208934620e-01 0.0000000000e+00)
    (1.8353681581e-01 0.0000000000e+00)
    (1.8506183817e-01 0.0000000000e+00)
    (1.8666896889e-01 0.0000000000e+00)
    (1.8836252602e-01 0.0000000000e+00)
    (1.9014664040e-01 0.0000000000e+00)
    (1.9202531289e-01 0.0000000000e+00)
    (1.9400247796e-01 0.0000000000e+00)
    (1.9608207355e-01 0.0000000000e+00)
    (1.9826811637e-01 0.0000000000e+00)
    (2.0056478234e-01 0.0000000000e+00)
    (2.0297649148e-01 0.0000000000e+00)
    (2.0550799658e-01 0.0000000000e+00)
    (2.0816447512e-01 0.0000000000e+00)
    (2.1095162348e-01 0.0000000000e+00)
    (2.1387575250e-01 0.0000000000e+00)
    (2.1694252519e-01 0.0000000000e+00)
    (2.2014784268e-01 0.0000000000e+00)
    (2.2353442384e-01 0.0000000000e+00)
    (2.2709473824e-01 0.0000000000e+00)
    (2.3084124291e-01 0.0000000000e+00)
    (2.3479830546e-01 0.0000000000e+00)
    (2.3896127860e-01 0.0000000000e+00)
    (2.4336008158e-01 0.0000000000e+00)
    (2.4801609114e-01 0.0000000000e+00)
    (2.5295357748e-01 0.0000000000e+00)
    (2.5819912151e-01 0.0000000000e+00)
    (2.6378573470e-01 0.0000000000e+00)
    (2.6974624072e-01 0.0000000000e+00)
    (2.7611826438e-01 0.0000000000e+00)
    (2.8294267020e-01 0.0000000000e+00)
    (2.9026318406e-01 0.0000000000e+00)
    (2.9812578117e-01 0.0000000000e+00)
    (3.0657780390e-01 0.0000000000e+00)
    (3.1566679772e-01 0.0000000000e+00)
    (3.2543906532e-01 0.0000000000e+00)
    (3.3590884834e-01 0.0000000000e+00)
    (3.4717220621e-01 0.0000000000e+00)
    (3.5923181777e-01 0.0000000000e+00)
    (3.7211011301e-01 0.0000000000e+00)
    (3.8581857835e-01 0.0000000000e+00)
    (4.0035607801e-01 0.0000000000e+00)
    (4.1570758173e-01 0.0000000000e+00)
    (4.3184341715e-01 0.0000000000e+00)
    (4.4871913847e-01 0.0000000000e+00)
    (4.6627605897e-01 0.0000000000e+00)
    (4.8444243519e-01 0.0000000000e+00)
    (5.0313523891e-01 0.0000000000e+00)
    (5.2226241062e-01 0.0000000000e+00)
    (5.4172544282e-01 0.0000000000e+00)
    (5.6142213216e-01 0.0000000000e+00)
    (5.8124933256e-01 0.0000000000e+00)
    (6.0110555710e-01 0.0000000000e+00)
    (6.2089330726e-01 0.0000000000e+00)
    (6.4052103707e-01 0.0000000000e+00)
    (6.5990470387e-01 0.0000000000e+00)
    (6.7896888897e-01 0.0000000000e+00)
    (6.9764750311e-01 0.0000000000e+00)
    (7.1588411412e-01 0.0000000000e+00)
    (7.3358636508e-01 0.0000000000e+00)
    (7.5079956951e-01 0.0000000000e+00)
    (7.6745533679e-01 0.0000000000e+00)
    (7.8353256295e-01 0.0000000000e+00)
    (7.9901751861e-01 0.0000000000e+00)
    (8.1390305888e-01 0.0000000000e+00)
    (8.2818781969e-01 0.0000000000e+00)
    (8.4187543085e-01 0.0000000000e+00)
    (8.5497376287e-01 0.0000000000e+00)
    (8.6749422815e-01 0.0000000000e+00)
    (8.7945114297e-01 0.0000000000e+00)
    (8.9086115759e-01 0.0000000000e+00)
    (9.0174275648e-01 0.0000000000e+00)
    (9.1211582875e-01 0.0000000000e+00)
    (9.2200130648e-01 0.0000000000e+00)
    (9.3142086729e-01 0.0000000000e+00)
    (9.4039669615e-01 0.0000000000e+00)
    (9.4895130096e-01 0.0000000000e+00)
    (9.5710737510e-01 0.0000000000e+00)
    (9.6488770191e-01 0.0000000000e+00)
    (9.7229590192e-01 0.0000000000e+00)
    (9.7938516542e-01 0.0000000000e+00)
    (9.8616492913e-01 0.0000000000e+00)
    (9.9265725317e-01 0.0000000000e+00)
    (9.9888404860e-01 0.0000000000e+00)
    (1.0048670852e+00 0.0000000000e+00)
    (1.0106280054e+00 0.0000000000e+00)
    (1.0161883420e+00 0.0000000000e+00)
    (1.0215695391e+00 0.0000000000e+00)
    (1.0267929757e+00 0.0000000000e+00)
    (1.0318799893e+00 0.0000000000e+00)
    (1.0368231641e+00 0.0000000000e+00)
    (1.0417033534e+00 0.0000000000e+00)
    (1.0465120896e+00 0.0000000000e+00)
    (1.0510868798e+00 2.8933156442e-22)
    (1.0558591901e+00 5.4059528630e-22)
    (1.0606532011e+00 9.7603757438e-22)
    (1.0655074194e+00 1.7110489408e-21)
    (1.0704684867e+00 2.9204663307e-21)
    (1.0751997672e+00 7.8942753467e-21)
    (1.0804337616e+00 1.2695601865e-20)
    (1.0860944535e+00 2.0222012632e-20)
    (1.0921800381e+00 3.1556899992e-20)
    (1.0986620877e+00 4.9046245401e-20)
    (1.1060807526e+00 7.3571421720e-20)
    (1.1144567561e+00 1.0840128542e-19)
    (1.1240549775e+00 1.5699279410e-19)
    (1.1350476809e+00 2.2549529816e-19)
    (1.1481500995e+00 3.1591535058e-19)
    (1.1636258812e+00 4.3590848900e-19)
    (1.1819885899e+00 5.9269834092e-19)
    (1.2038177966e+00 7.9449452577e-19)
    (1.2301634388e+00 1.0590935921e-18)
    (1.2609969543e+00 1.3803243581e-18)
    (1.2973623006e+00 1.7759020711e-18)
    (1.3400043215e+00 2.2562590350e-18)
    (1.3902463429e+00 2.8418803420e-18)
    (1.4476740785e+00 3.5221494188e-18)
    (1.5134371384e+00 4.3145708776e-18)
    (1.5880617826e+00 5.2252454713e-18)
    (1.6719409929e+00 6.2578809764e-18)
    (1.7660607105e+00 7.4304341666e-18)
    (1.8689224005e+00 8.7055823355e-18)
    (1.9811674964e+00 1.0095500870e-17)
    (2.1024762198e+00 1.1591511889e-17)
    (2.2323544675e+00 1.3181975494e-17)
    (2.3723894726e+00 1.4887145109e-17)
    (2.5173051541e+00 1.6620947338e-17)
    (2.6685098823e+00 1.8400991827e-17)
    (2.8251127843e+00 2.0209095624e-17)
    (2.9864403845e+00 2.2035735252e-17)
    (3.1511716903e+00 2.3845378123e-17)
    (3.3187345263e+00 2.5630835147e-17)
    (3.4884072284e+00 2.7377084036e-17)
    (3.6595680228e+00 2.9070855186e-17)
    (3.8329812660e+00 3.0717841074e-17)
    (4.0054036492e+00 3.2270838212e-17)
    (4.1781426573e+00 3.3743565212e-17)
    (4.3510158689e+00 3.5130386423e-17)
    (4.5239369983e+00 3.6427343324e-17)
    (4.6971621121e+00 3.7637507932e-17)
    (4.8701409953e+00 3.8747063781e-17)
    (5.0433978978e+00 3.9763407670e-17)
    (5.2171246267e+00 4.0687494956e-17)
    (5.3915564382e+00 4.1521080138e-17)
    (5.5669629670e+00 4.2266565796e-17)
    (5.7436400435e+00 4.2926867731e-17)
    (5.9219025871e+00 4.3505296110e-17)
    (6.1010979376e+00 4.3997666681e-17)
    (6.2835570479e+00 4.4423338698e-17)
    (6.4679920423e+00 4.4774987763e-17)
    (6.6560078497e+00 4.5063475118e-17)
    (6.8473428104e+00 4.5289293425e-17)
    (7.0423340172e+00 4.5456384506e-17)
    (7.2409465159e+00 4.5565990972e-17)
    (7.4442081970e+00 4.5626846093e-17)
    (7.6521663603e+00 4.5640297013e-17)
    (7.8676105910e+00 4.5625904245e-17)
    (8.0858487204e+00 4.5553100402e-17)
    (8.3098278044e+00 4.5443215578e-17)
    (8.5398932950e+00 4.5299312372e-17)
    (8.7763949131e+00 4.5124312513e-17)
    (9.0196879697e+00 4.4920999912e-17)
    (9.2670974766e+00 4.4677200069e-17)
    (9.5251096885e+00 4.4426099536e-17)
    (9.7910839770e+00 4.4154213492e-17)
    (1.0065371630e+01 4.3863851871e-17)
    (1.0346344593e+01 4.3548128295e-17)
    (1.0638438926e+01 4.3227842718e-17)
    (1.0940187398e+01 4.2895342633e-17)
    (1.1925355136e+01 4.1966204734e-17)
    (1.2308824412e+01 4.1549862044e-17)
    (1.2709276652e+01 4.1134417978e-17)
    (1.3126439691e+01 4.0715572939e-17)
    (1.3561263285e+01 4.0295535643e-17)
    (1.4012493747e+01 3.9871602410e-17)
    (1.4484291915e+01 3.9455756776e-17)
    (1.4973992379e+01 3.9034450267e-17)
    (1.5487666223e+01 3.8631557337e-17)
    (1.6023909695e+01 3.8237421893e-17)
    (1.6583468512e+01 3.7848957524e-17)
    (1.7168941463e+01 3.7477747585e-17)
    (1.7781023451e+01 3.7120418740e-17)
    (1.8422151615e+01 3.6772466012e-17)
    (1.9092649339e+01 3.6447723780e-17)
    (1.9794733945e+01 3.6141311012e-17)
    (2.0530664058e+01 3.5854577834e-17)
    (2.1299508263e+01 3.5579776968e-17)
    (2.2109288431e+01 3.5336853552e-17)
    (2.2959485968e+01 3.5117126531e-17)
    (2.3850104879e+01 3.4912447002e-17)
    (2.4788921536e+01 3.4743020006e-17)
    (2.5776295005e+01 3.4599796575e-17)
    (2.6817698048e+01 3.4484047934e-17)
    (2.7909067436e+01 3.4389459581e-17)
    (2.9061538888e+01 3.4330537504e-17)
    (3.0279874265e+01 3.4301763817e-17)
    (3.1556757395e+01 3.4297950397e-17)
    (3.2908931845e+01 3.4330012690e-17)
    (3.4342348823e+01 3.4394786735e-17)
    (3.5842127009e+01 3.4481751163e-17)
    (3.7437719791e+01 3.4611734298e-17)
    (3.9117090489e+01 3.4763909228e-17)
    (4.0644106575e+01 3.4848461347e-17)
    (4.2796040127e+01 3.5196656141e-17)
    (4.4789131155e+01 3.5455383015e-17)
    (4.6589221150e+01 3.5637893828e-17)
    (4.9179324484e+01 3.6105900728e-17)
    (5.1201199815e+01 3.6363671308e-17)
    (5.4099126670e+01 3.6894218396e-17)
    (5.6778858337e+01 3.7341095518e-17)
    (5.9117854096e+01 3.7658918317e-17)
    (6.2718461942e+01 3.8365068237e-17)
    (6.5410085846e+01 3.8788749830e-17)
    (6.9496742822e+01 3.9576026835e-17)
    (7.3180976752e+01 4.0229923052e-17)
    (7.7182577491e+01 4.0947877304e-17)
    (8.1420085225e+01 4.1695943549e-17)
    (8.6011788405e+01 4.2510317006e-17)
    (9.0867763137e+01 4.3350900198e-17)
    (9.6165388139e+01 4.4269237810e-17)
    (1.0177823578e+02 4.5212883134e-17)
    (1.0792309375e+02 4.6243816757e-17)
    (1.1458604701e+02 4.7336652380e-17)
    (1.2160542734e+02 4.8453327263e-17)
    (1.2939531717e+02 4.9673367293e-17)
    (1.3542361118e+02 5.0595799677e-17)
    (1.4388362195e+02 5.1849687586e-17)
    (1.5371740495e+02 5.3291031899e-17)
    (1.6736124994e+02 5.5184930420e-17)
    (1.7556818514e+02 5.6318024417e-17)
    (1.9180551086e+02 5.8410872431e-17)
    (2.0148427830e+02 5.9663635665e-17)
);
