// k[EI_N2_EXC_N2_A3_V0_4] [m^3/s] vs reducedE [V m^2]; air_plasma [94c490be646f8872], T_gas = 300.000000 K
(
    (0 0.0000000000e+00)
    (1.0000000000e-22 0.0000000000e+00)
    (1.0452754953e-22 0.0000000000e+00)
    (1.0926008611e-22 0.0000000000e+00)
    (1.1420689063e-22 0.0000000000e+00)
    (1.1937766417e-22 0.0000000000e+00)
    (1.2478254705e-22 0.0000000000e+00)
    (1.3043213867e-22 0.0000000000e+00)
    (1.3633751836e-22 0.0000000000e+00)
    (1.4251026703e-22 0.0000000000e+00)
    (1.4896248996e-22 0.0000000000e+00)
    (1.5570684048e-22 0.0000000000e+00)
    (1.6275654480e-22 0.0000000000e+00)
    (1.7012542799e-22 0.0000000000e+00)
    (1.7782794100e-22 0.0000000000e+00)
    (1.8587918911e-22 0.0000000000e+00)
    (1.9429496147e-22 0.0000000000e+00)
    (2.0309176209e-22 0.0000000000e+00)
    (2.1228684221e-22 0.0000000000e+00)
    (2.2189823415e-22 0.0000000000e+00)
    (2.3194478661e-22 0.0000000000e+00)
    (2.4244620171e-22 0.0000000000e+00)
    (2.5342307358e-22 0.0000000000e+00)
    (2.6489692876e-22 0.0000000000e+00)
    (2.7689026842e-22 0.0000000000e+00)
    (2.8942661247e-22 0.0000000000e+00)
    (3.0253054571e-22 0.0000000000e+00)
    (3.1622776602e-22 0.0000000000e+00)
    (3.3054513476e-22 0.0000000000e+00)
    (3.4551072946e-22 0.0000000000e+00)
    (3.6115389887e-22 0.0000000000e+00)
    (3.7750532053e-22 0.0000000000e+00)
    (3.9459706091e-22 0.0000000000e+00)
    (4.1246263829e-22 0.0000000000e+00)
    (4.3113708854e-22 0.0000000000e+00)
    (4.5065703377e-22 0.0000000000e+00)
    (4.7106075420e-22 0.0000000000e+00)
    (4.9238826317e-22 0.0000000000e+00)
    (5.1468138568e-22 0.0000000000e+00)
    (5.3798384034e-22 0.0000000000e+00)
    (5.6234132519e-22 0.0000000000e+00)
    (5.8780160723e-22 0.0000000000e+00)
    (6.1441461614e-22 0.0000000000e+00)
    (6.4223254222e-22 0.0000000000e+00)
    (6.7130993868e-22 0.0000000000e+00)
    (7.0170382867e-22 0.0000000000e+00)
    (7.3347381708e-22 0.0000000000e+00)
    (7.6668220745e-22 0.0000000000e+00)
    (8.0139412415e-22 0.0000000000e+00)
    (8.3767764007e-22 0.0000000000e+00)
    (8.7560391014e-22 0.0000000000e+00)
    (9.1524731088e-22 0.0000000000e+00)
    (9.5668558622e-22 0.0000000000e+00)
    (1.0000000000e-21 0.0000000000e+00)
    (1.0452754953e-21 0.0000000000e+00)
    (1.0926008611e-21 0.0000000000e+00)
    (1.1420689063e-21 0.0000000000e+00)
    (1.1937766417e-21 0.0000000000e+00)
    (1.2478254705e-21 0.0000000000e+00)
    (1.3043213867e-21 0.0000000000e+00)
    (1.3633751836e-21 0.0000000000e+00)
    (1.4251026703e-21 0.0000000000e+00)
    (1.4896248996e-21 0.0000000000e+00)
    (1.5570684048e-21 0.0000000000e+00)
    (1.6275654480e-21 0.0000000000e+00)
    (1.7012542799e-21 0.0000000000e+00)
    (1.7782794100e-21 0.0000000000e+00)
    (1.8587918911e-21 0.0000000000e+00)
    (1.9429496147e-21 0.0000000000e+00)
    (2.0309176209e-21 0.0000000000e+00)
    (2.1228684221e-21 0.0000000000e+00)
    (2.2189823415e-21 0.0000000000e+00)
    (2.3194478661e-21 0.0000000000e+00)
    (2.4244620171e-21 0.0000000000e+00)
    (2.5342307358e-21 0.0000000000e+00)
    (2.6489692876e-21 0.0000000000e+00)
    (2.7689026842e-21 0.0000000000e+00)
    (2.8942661247e-21 0.0000000000e+00)
    (3.0253054571e-21 0.0000000000e+00)
    (3.1622776602e-21 0.0000000000e+00)
    (3.3054513476e-21 0.0000000000e+00)
    (3.4551072946e-21 0.0000000000e+00)
    (3.6115389887e-21 0.0000000000e+00)
    (3.7750532053e-21 0.0000000000e+00)
    (3.9459706091e-21 0.0000000000e+00)
    (4.1246263829e-21 0.0000000000e+00)
    (4.3113708854e-21 0.0000000000e+00)
    (4.5065703377e-21 0.0000000000e+00)
    (4.7106075420e-21 0.0000000000e+00)
    (4.9238826317e-21 0.0000000000e+00)
    (5.1468138568e-21 0.0000000000e+00)
    (5.3798384034e-21 0.0000000000e+00)
    (5.6234132519e-21 0.0000000000e+00)
    (5.8780160723e-21 0.0000000000e+00)
    (6.1441461614e-21 0.0000000000e+00)
    (6.4223254222e-21 0.0000000000e+00)
    (6.7130993868e-21 0.0000000000e+00)
    (7.0170382867e-21 0.0000000000e+00)
    (7.3347381708e-21 0.0000000000e+00)
    (7.6668220745e-21 0.0000000000e+00)
    (8.0139412415e-21 0.0000000000e+00)
    (8.3767764007e-21 0.0000000000e+00)
    (8.7560391014e-21 0.0000000000e+00)
    (9.1524731088e-21 0.0000000000e+00)
    (9.5668558622e-21 0.0000000000e+00)
    (1.0000000000e-20 0.0000000000e+00)
    (1.0452754953e-20 0.0000000000e+00)
    (1.0926008611e-20 0.0000000000e+00)
    (1.1420689063e-20 0.0000000000e+00)
    (1.1937766417e-20 0.0000000000e+00)
    (1.2478254705e-20 0.0000000000e+00)
    (1.3043213867e-20 0.0000000000e+00)
    (1.3633751836e-20 0.0000000000e+00)
    (1.4251026703e-20 0.0000000000e+00)
    (1.4896248996e-20 0.0000000000e+00)
    (1.5570684048e-20 0.0000000000e+00)
    (1.6275654480e-20 0.0000000000e+00)
    (1.7012542799e-20 0.0000000000e+00)
    (1.7782794100e-20 0.0000000000e+00)
    (1.8587918911e-20 0.0000000000e+00)
    (1.9429496147e-20 0.0000000000e+00)
    (2.0309176209e-20 0.0000000000e+00)
    (2.1228684221e-20 0.0000000000e+00)
    (2.2189823415e-20 9.2767518856e-27)
    (2.3194478661e-20 1.7436416881e-26)
    (2.4244620171e-20 3.1622768939e-26)
    (2.5342307358e-20 5.5641312121e-26)
    (2.6489692876e-20 9.5273168755e-26)
    (2.7689026842e-20 8.3732081838e-22)
    (2.8942661247e-20 1.4198848644e-21)
    (3.0253054571e-20 2.3825881253e-21)
    (3.1622776602e-20 3.9165531215e-21)
    (3.3054513476e-20 6.3910595708e-21)
    (3.4551072946e-20 1.0097336950e-20)
    (3.6115389887e-20 1.5669795675e-20)
    (3.7750532053e-20 2.3903667796e-20)
    (3.9459706091e-20 3.6079819575e-20)
    (4.1246263829e-20 5.3225983337e-20)
    (4.3113708854e-20 7.7340133900e-20)
    (4.5065703377e-20 1.1074876086e-19)
    (4.7106075420e-20 1.5636397283e-19)
    (4.9238826317e-20 2.1951499686e-19)
    (5.1468138568e-20 3.0138774583e-19)
    (5.3798384034e-20 4.0853111463e-19)
    (5.6234132519e-20 5.4689428300e-19)
    (5.8780160723e-20 7.2584936755e-19)
    (6.1441461614e-20 9.4809072136e-19)
    (6.4223254222e-20 1.2241165920e-18)
    (6.7130993868e-20 1.5626951613e-18)
    (7.0170382867e-20 1.9729412121e-18)
    (7.3347381708e-20 2.4697269510e-18)
    (7.6668220745e-20 3.0507568248e-18)
    (8.0139412415e-20 3.7302661727e-18)
    (8.3767764007e-20 4.5162563703e-18)
    (8.7560391014e-20 5.4158567342e-18)
    (9.1524731088e-20 6.4499775859e-18)
    (9.5668558622e-20 7.5941955978e-18)
    (1.0000000000e-19 8.8666225609e-18)
    (1.0452754953e-19 1.0269826277e-17)
    (1.0926008611e-19 1.1809457989e-17)
    (1.1420689063e-19 1.3477460084e-17)
    (1.1937766417e-19 1.5277825380e-17)
    (1.2478254705e-19 1.7209498795e-17)
    (1.3043213867e-19 1.9270866569e-17)
    (1.3633751836e-19 2.1471752817e-17)
    (1.4251026703e-19 2.3783896987e-17)
    (1.4896248996e-19 2.6218727325e-17)
    (1.5570684048e-19 2.8773427271e-17)
    (1.6275654480e-19 3.1444985505e-17)
    (1.7012542799e-19 3.4234883583e-17)
    (1.7782794100e-19 3.7129123040e-17)
    (1.8587918911e-19 4.0130043921e-17)
    (1.9429496147e-19 4.3233709284e-17)
    (2.0309176209e-19 4.6435857693e-17)
    (2.1228684221e-19 4.9731863514e-17)
    (2.2189823415e-19 5.3116701417e-17)
    (2.3194478661e-19 5.6584918547e-17)
    (2.4244620171e-19 6.0121824462e-17)
    (2.5342307358e-19 6.3738989406e-17)
    (2.6489692876e-19 6.7414721753e-17)
    (2.7689026842e-19 7.1154071574e-17)
    (2.8942661247e-19 7.4943570933e-17)
    (3.0253054571e-19 7.8775358832e-17)
    (3.1622776602e-19 8.2636221062e-17)
    (3.3054513476e-19 8.6527189651e-17)
    (3.4551072946e-19 9.0435519182e-17)
    (3.6115389887e-19 9.4385678523e-17)
    (3.7750532053e-19 9.8299888172e-17)
    (3.9459706091e-19 1.0220546424e-16)
    (4.1246263829e-19 1.0609372386e-16)
    (4.3113708854e-19 1.0995608378e-16)
    (4.5065703377e-19 1.1378410345e-16)
    (4.7106075420e-19 1.1753200814e-16)
    (4.9238826317e-19 1.2126795226e-16)
    (5.1468138568e-19 1.2494510671e-16)
    (5.3798384034e-19 1.2855601868e-16)
    (5.6234132519e-19 1.3206896068e-16)
    (5.8780160723e-19 1.3552660018e-16)
    (6.1441461614e-19 1.3889644221e-16)
    (6.4223254222e-19 1.4950745262e-16)
    (6.7130993868e-19 1.5284091200e-16)
    (7.0170382867e-19 1.5605416074e-16)
    (7.3347381708e-19 1.5911570819e-16)
    (7.6668220745e-19 1.6201666132e-16)
    (8.0139412415e-19 1.6472863353e-16)
    (8.3767764007e-19 1.6728503077e-16)
    (8.7560391014e-19 1.6961221906e-16)
    (9.1524731088e-19 1.7179731417e-16)
    (9.5668558622e-19 1.7378542180e-16)
    (1.0000000000e-18 1.7554437047e-16)
    (1.0452754953e-18 1.7712164997e-16)
    (1.0926008611e-18 1.7848617022e-16)
    (1.1420689063e-18 1.7961000190e-16)
    (1.1937766417e-18 1.8053594022e-16)
    (1.2478254705e-18 1.8123861212e-16)
    (1.3043213867e-18 1.8171522504e-16)
    (1.3633751836e-18 1.8191068367e-16)
    (1.4251026703e-18 1.8193478249e-16)
    (1.4896248996e-18 1.8172943312e-16)
    (1.5570684048e-18 1.8124409146e-16)
    (1.6275654480e-18 1.8058545272e-16)
    (1.7012542799e-18 1.7970028390e-16)
    (1.7782794100e-18 1.7858820458e-16)
    (1.8587918911e-18 1.7722043594e-16)
    (1.9429496147e-18 1.7567585496e-16)
    (2.0309176209e-18 1.7391525238e-16)
    (2.1228684221e-18 1.7192771572e-16)
    (2.2189823415e-18 1.6976380952e-16)
    (2.3194478661e-18 1.6740059670e-16)
    (2.4244620171e-18 1.6482075723e-16)
    (2.5342307358e-18 1.6209943041e-16)
    (2.6489692876e-18 1.5915619340e-16)
    (2.7689026842e-18 1.5588082122e-16)
    (2.8942661247e-18 1.5290811657e-16)
    (3.0253054571e-18 1.4952507275e-16)
    (3.1622776602e-18 1.4584778379e-16)
    (3.3054513476e-18 1.4246231912e-16)
    (3.4551072946e-18 1.3861963890e-16)
    (3.6115389887e-18 1.3494514302e-16)
    (3.7750532053e-18 1.3103914488e-16)
    (3.9459706091e-18 1.2689440653e-16)
    (4.1246263829e-18 1.2302289414e-16)
    (4.3113708854e-18 1.1886678045e-16)
    (4.5065703377e-18 1.1484952850e-16)
    (4.7106075420e-18 1.1069711093e-16)
    (4.9238826317e-18 1.0654705529e-16)
    (5.1468138568e-18 1.0235341045e-16)
    (5.3798384034e-18 9.8205995996e-17)
    (5.6234132519e-18 9.4055737449e-17)
    (5.8780160723e-18 8.9951889801e-17)
    (6.1441461614e-18 8.5854635338e-17)
    (6.4223254222e-18 8.1833504173e-17)
    (6.7130993868e-18 7.7862946489e-17)
    (7.0170382867e-18 7.3946255741e-17)
    (7.3347381708e-18 7.0110668911e-17)
    (7.6668220745e-18 6.6208656865e-17)
    (8.0139412415e-18 6.2525452637e-17)
    (8.3767764007e-18 5.8971866621e-17)
    (8.7560391014e-18 5.5559753153e-17)
    (9.1524731088e-18 5.1994852839e-17)
    (9.5668558622e-18 4.8889300816e-17)
    (1.0000000000e-17 4.5551102031e-17)
);
