// k[EI_O2_EXC_O2_9_97EV] [m^3/s] vs mean energy [eV]; air_plasma [94c490be646f8872], T_gas = 300.000000 K
(
    (0 0.0000000000e+00)
    (1.3716749438e-01 0.0000000000e+00)
    (1.4076979314e-01 0.0000000000e+00)
    (1.4397604008e-01 0.0000000000e+00)
    (1.4684113805e-01 0.0000000000e+00)
    (1.4941204783e-01 0.0000000000e+00)
    (1.5172864004e-01 0.0000000000e+00)
    (1.5382482203e-01 0.0000000000e+00)
    (1.5572964088e-01 0.0000000000e+00)
    (1.5746824649e-01 0.0000000000e+00)
    (1.5906268561e-01 0.0000000000e+00)
    (1.6040186980e-01 0.0000000000e+00)
    (1.6189539494e-01 0.0000000000e+00)
    (1.6316727128e-01 0.0000000000e+00)
    (1.6436286366e-01 0.0000000000e+00)
    (1.6549578572e-01 0.0000000000e+00)
    (1.6657873020e-01 0.0000000000e+00)
    (1.6762359287e-01 0.0000000000e+00)
    (1.6865359887e-01 0.0000000000e+00)
    (1.6965539117e-01 0.0000000000e+00)
    (1.7065096866e-01 0.0000000000e+00)
    (1.7163702901e-01 0.0000000000e+00)
    (1.7264762429e-01 0.0000000000e+00)
    (1.7367878080e-01 0.0000000000e+00)
    (1.7473849913e-01 0.0000000000e+00)
    (1.7583432821e-01 0.0000000000e+00)
    (1.7697337833e-01 0.0000000000e+00)
    (1.7816233417e-01 0.0000000000e+00)
    (1.7940746844e-01 0.0000000000e+00)
    (1.8071465956e-01 0.0000000000e+00)
    (1.8208941158e-01 0.0000000000e+00)
    (1.8353687952e-01 0.0000000000e+00)
    (1.8506190021e-01 0.0000000000e+00)
    (1.8666902928e-01 0.0000000000e+00)
    (1.8836258474e-01 0.0000000000e+00)
    (1.9014669747e-01 0.0000000000e+00)
    (1.9202536831e-01 0.0000000000e+00)
    (1.9400253175e-01 0.0000000000e+00)
    (1.9608212573e-01 0.0000000000e+00)
    (1.9826816696e-01 0.0000000000e+00)
    (2.0056483136e-01 0.0000000000e+00)
    (2.0297653896e-01 0.0000000000e+00)
    (2.0550804255e-01 0.0000000000e+00)
    (2.0816451961e-01 0.0000000000e+00)
    (2.1095166654e-01 0.0000000000e+00)
    (2.1387579417e-01 0.0000000000e+00)
    (2.1694256551e-01 0.0000000000e+00)
    (2.2014788174e-01 0.0000000000e+00)
    (2.2353446165e-01 0.0000000000e+00)
    (2.2709477487e-01 0.0000000000e+00)
    (2.3084127841e-01 0.0000000000e+00)
    (2.3479833990e-01 0.0000000000e+00)
    (2.3896131204e-01 0.0000000000e+00)
    (2.4336011410e-01 0.0000000000e+00)
    (2.4801612280e-01 0.0000000000e+00)
    (2.5295360836e-01 0.0000000000e+00)
    (2.5819915170e-01 0.0000000000e+00)
    (2.6378576428e-01 0.0000000000e+00)
    (2.6974626976e-01 0.0000000000e+00)
    (2.7611829297e-01 0.0000000000e+00)
    (2.8294269841e-01 0.0000000000e+00)
    (2.9026321198e-01 0.0000000000e+00)
    (2.9812580887e-01 0.0000000000e+00)
    (3.0657783145e-01 0.0000000000e+00)
    (3.1566682518e-01 0.0000000000e+00)
    (3.2543909275e-01 0.0000000000e+00)
    (3.3590887576e-01 0.0000000000e+00)
    (3.4717223366e-01 0.0000000000e+00)
    (3.5923184525e-01 0.0000000000e+00)
    (3.7211014051e-01 0.0000000000e+00)
    (3.8581860584e-01 0.0000000000e+00)
    (4.0035610545e-01 0.0000000000e+00)
    (4.1570760906e-01 0.0000000000e+00)
    (4.3184344429e-01 0.0000000000e+00)
    (4.4871916534e-01 0.0000000000e+00)
    (4.6627608546e-01 0.0000000000e+00)
    (4.8444246122e-01 0.0000000000e+00)
    (5.0313526437e-01 0.0000000000e+00)
    (5.2226243543e-01 0.0000000000e+00)
    (5.4172546688e-01 0.0000000000e+00)
    (5.6142215538e-01 0.0000000000e+00)
    (5.8124935489e-01 0.0000000000e+00)
    (6.0110557847e-01 0.0000000000e+00)
    (6.2089332763e-01 0.0000000000e+00)
    (6.4052105642e-01 0.0000000000e+00)
    (6.5990472218e-01 0.0000000000e+00)
    (6.7896890624e-01 0.0000000000e+00)
    (6.9764751934e-01 0.0000000000e+00)
    (7.1588412933e-01 0.0000000000e+00)
    (7.3358637930e-01 0.0000000000e+00)
    (7.5079958278e-01 0.0000000000e+00)
    (7.6745534914e-01 0.0000000000e+00)
    (7.8353257443e-01 0.0000000000e+00)
    (7.9901752925e-01 0.0000000000e+00)
    (8.1390306874e-01 0.0000000000e+00)
    (8.2818782881e-01 0.0000000000e+00)
    (8.4187543928e-01 0.0000000000e+00)
    (8.5497377065e-01 0.0000000000e+00)
    (8.6749423532e-01 0.0000000000e+00)
    (8.7945114959e-01 0.0000000000e+00)
    (8.9086116369e-01 0.0000000000e+00)
    (9.0174276209e-01 0.0000000000e+00)
    (9.1211583392e-01 0.0000000000e+00)
    (9.2200131124e-01 0.0000000000e+00)
    (9.3142087166e-01 0.0000000000e+00)
    (9.4039670018e-01 0.0000000000e+00)
    (9.4895130466e-01 0.0000000000e+00)
    (9.5710737851e-01 0.0000000000e+00)
    (9.6488770504e-01 0.0000000000e+00)
    (9.7229590480e-01 0.0000000000e+00)
    (9.7938516806e-01 0.0000000000e+00)
    (9.8616493157e-01 0.0000000000e+00)
    (9.9265725541e-01 0.0000000000e+00)
    (9.9888405066e-01 0.0000000000e+00)
    (1.0048670871e+00 0.0000000000e+00)
    (1.0106280072e+00 0.0000000000e+00)
    (1.0161883436e+00 0.0000000000e+00)
    (1.0215695406e+00 0.0000000000e+00)
    (1.0267929771e+00 0.0000000000e+00)
    (1.0318799906e+00 0.0000000000e+00)
    (1.0368231653e+00 0.0000000000e+00)
    (1.0417033545e+00 0.0000000000e+00)
    (1.0465120906e+00 0.0000000000e+00)
    (1.0510868807e+00 0.0000000000e+00)
    (1.0558591909e+00 0.0000000000e+00)
    (1.0606532018e+00 0.0000000000e+00)
    (1.0655074201e+00 0.0000000000e+00)
    (1.0704684874e+00 0.0000000000e+00)
    (1.0751997678e+00 0.0000000000e+00)
    (1.0804337622e+00 4.3188829167e-24)
    (1.0860944541e+00 8.2787859213e-24)
    (1.0921800386e+00 1.5466782185e-23)
    (1.0986620881e+00 5.0498994642e-23)
    (1.1060807530e+00 9.2926558655e-23)
    (1.1144567565e+00 1.6678660851e-22)
    (1.1240549778e+00 2.9231954106e-22)
    (1.1350476813e+00 5.1289805054e-22)
    (1.1481500998e+00 8.6352119274e-22)
    (1.1636258816e+00 1.4242267943e-21)
    (1.1819885903e+00 2.3030604335e-21)
    (1.2038177970e+00 3.6539750342e-21)
    (1.2301634392e+00 5.7417400200e-21)
    (1.2609969547e+00 8.7848306526e-21)
    (1.2973623011e+00 1.3215458508e-20)
    (1.3400043219e+00 1.9557878038e-20)
    (1.3902463434e+00 2.8594184719e-20)
    (1.4476740790e+00 4.1006651336e-20)
    (1.5134371389e+00 5.7941660249e-20)
    (1.5880617832e+00 8.0701370993e-20)
    (1.6719409936e+00 1.1084431310e-19)
    (1.7660607111e+00 1.5060215767e-19)
    (1.8689224012e+00 2.0133865479e-19)
    (1.9811674971e+00 2.6581869967e-19)
    (2.1024762205e+00 3.4674105770e-19)
    (2.2323544682e+00 4.4708688623e-19)
    (2.3723894733e+00 5.7143854602e-19)
    (2.5173051548e+00 7.2078823438e-19)
    (2.6685098830e+00 9.0009506838e-19)
    (2.8251127850e+00 1.1133634737e-18)
    (2.9864403851e+00 1.3653305899e-18)
    (3.1511716909e+00 1.6595144713e-18)
    (3.3187345269e+00 2.0011128306e-18)
    (3.4884072290e+00 2.3951109670e-18)
    (3.6595680233e+00 2.8467679289e-18)
    (3.8329812664e+00 3.3634625556e-18)
    (4.0054036496e+00 3.9471362121e-18)
    (4.1781426577e+00 4.6060878064e-18)
    (4.3510158693e+00 5.3469052145e-18)
    (4.5239369987e+00 6.1765620293e-18)
    (4.6971621124e+00 7.1037059329e-18)
    (4.8701409956e+00 8.1334746592e-18)
    (5.0433978981e+00 9.2755618784e-18)
    (5.2171246269e+00 1.0538692687e-17)
    (5.3915564385e+00 1.1932057868e-17)
    (5.5669629672e+00 1.3465320331e-17)
    (5.7436400437e+00 1.5148613410e-17)
    (5.9219025873e+00 1.6992537517e-17)
    (6.1010979378e+00 1.9005445935e-17)
    (6.2835570480e+00 2.1205235606e-17)
    (6.4679920424e+00 2.3598747862e-17)
    (6.6560078498e+00 2.6202816861e-17)
    (6.8473428105e+00 2.9029957666e-17)
    (7.0423340173e+00 3.2093713579e-17)
    (7.2409465160e+00 3.5406286334e-17)
    (7.4442081971e+00 3.8985975415e-17)
    (7.6521663603e+00 4.2848585314e-17)
    (7.8676105911e+00 4.7046566160e-17)
    (8.0858487204e+00 5.1528398933e-17)
    (8.3098278045e+00 5.6346409655e-17)
    (8.5398932951e+00 6.1520133815e-17)
    (8.7763949131e+00 6.7070075829e-17)
    (9.0196879697e+00 7.3017751967e-17)
    (9.2670974767e+00 7.9336747627e-17)
    (9.5251096886e+00 8.6145526059e-17)
    (9.7910839770e+00 9.3426235522e-17)
    (1.0065371630e+01 1.0120257573e-16)
    (1.0346344593e+01 1.0946929961e-16)
    (1.0638438926e+01 1.1831367380e-16)
    (1.0940187398e+01 1.2774306395e-16)
    (1.1925355136e+01 1.5892761915e-16)
    (1.2308824412e+01 1.7231524439e-16)
    (1.2709276652e+01 1.8666866879e-16)
    (1.3126439691e+01 2.0204644808e-16)
    (1.3561263285e+01 2.1851103993e-16)
    (1.4012493747e+01 2.3605607571e-16)
    (1.4484291915e+01 2.5481795178e-16)
    (1.4973992379e+01 2.7480800236e-16)
    (1.5487666223e+01 2.9614101260e-16)
    (1.6023909695e+01 3.1885388605e-16)
    (1.6583468512e+01 3.4299895129e-16)
    (1.7168941463e+01 3.6866484004e-16)
    (1.7781023452e+01 3.9589469443e-16)
    (1.8422151615e+01 4.2476543692e-16)
    (1.9092649339e+01 4.5530578844e-16)
    (1.9794733945e+01 4.8757052688e-16)
    (2.0530664058e+01 5.2161288540e-16)
    (2.1299508263e+01 5.5734243060e-16)
    (2.2109288431e+01 5.9503492617e-16)
    (2.2959485968e+01 6.3458752914e-16)
    (2.3850104879e+01 6.7585797495e-16)
    (2.4788921536e+01 7.1914031482e-16)
    (2.5776295005e+01 7.6426870071e-16)
    (2.6817698048e+01 8.1125544621e-16)
    (2.7909067436e+01 8.5981268430e-16)
    (2.9061538888e+01 9.1021643047e-16)
    (3.0279874265e+01 9.6229463300e-16)
    (3.1556757395e+01 1.0156173780e-15)
    (3.2908931845e+01 1.0705722095e-15)
    (3.4342348823e+01 1.1268672559e-15)
    (3.5842127009e+01 1.1839279052e-15)
    (3.7437719791e+01 1.2422687859e-15)
    (3.9117090489e+01 1.3009790476e-15)
    (4.0644106575e+01 1.3556766997e-15)
    (4.2796040127e+01 1.4208466072e-15)
    (4.4789131155e+01 1.4807021981e-15)
    (4.6589221150e+01 1.5360010823e-15)
    (4.9179324484e+01 1.6009513029e-15)
    (5.1201199815e+01 1.6558163601e-15)
    (5.4099126670e+01 1.7185220704e-15)
    (5.6778858337e+01 1.7753110982e-15)
    (5.9117854096e+01 1.8260891792e-15)
    (6.2718461942e+01 1.8863095280e-15)
    (6.5410085846e+01 1.9348613774e-15)
    (6.9496742822e+01 1.9905261313e-15)
    (7.3180976752e+01 2.0385181941e-15)
    (7.7182577491e+01 2.0849833121e-15)
    (8.1420085225e+01 2.1282508435e-15)
    (8.6011788405e+01 2.1692040897e-15)
    (9.0867763137e+01 2.2062018426e-15)
    (9.6165388139e+01 2.2409245719e-15)
    (1.0177823578e+02 2.2715237057e-15)
    (1.0792309375e+02 2.2993609819e-15)
    (1.1458604701e+02 2.3234645427e-15)
    (1.2160542734e+02 2.3429874825e-15)
    (1.2939531717e+02 2.3594288995e-15)
    (1.3542361118e+02 2.3674634164e-15)
    (1.4388362195e+02 2.3739999150e-15)
    (1.5371740495e+02 2.3792239017e-15)
    (1.6736124994e+02 2.3833339083e-15)
    (1.7556818514e+02 2.3760079454e-15)
    (1.9180551086e+02 2.3697486486e-15)
    (2.0148427830e+02 2.3543984832e-15)
);
