// k[EI_O2_EXC_O2_V3] [m^3/s] vs mean energy [eV]; air_plasma [94c490be646f8872], T_gas = 300.000000 K
(
    (0 0.0000000000e+00)
    (1.3716749438e-01 0.0000000000e+00)
    (1.4076979314e-01 0.0000000000e+00)
    (1.4397604008e-01 0.0000000000e+00)
    (1.4684113805e-01 0.0000000000e+00)
    (1.4941204783e-01 0.0000000000e+00)
    (1.5172864004e-01 0.0000000000e+00)
    (1.5382482203e-01 0.0000000000e+00)
    (1.5572964088e-01 0.0000000000e+00)
    (1.5746824649e-01 0.0000000000e+00)
    (1.5906268561e-01 0.0000000000e+00)
    (1.6040186980e-01 0.0000000000e+00)
    (1.6189539494e-01 0.0000000000e+00)
    (1.6316727128e-01 0.0000000000e+00)
    (1.6436286366e-01 0.0000000000e+00)
    (1.6549578572e-01 0.0000000000e+00)
    (1.6657873020e-01 0.0000000000e+00)
    (1.6762359287e-01 0.0000000000e+00)
    (1.6865359887e-01 0.0000000000e+00)
    (1.6965539117e-01 0.0000000000e+00)
    (1.7065096866e-01 0.0000000000e+00)
    (1.7163702901e-01 2.9066806987e-22)
    (1.7264762429e-01 2.8677815019e-22)
    (1.7367878080e-01 2.8311692788e-22)
    (1.7473849913e-01 2.7985364686e-22)
    (1.7583432821e-01 2.7725796573e-22)
    (1.7697337833e-01 2.7573610269e-22)
    (1.7816233417e-01 2.7588400910e-22)
    (1.7940746844e-01 2.7854719048e-22)
    (1.8071465956e-01 2.8493480690e-22)
    (1.8208941158e-01 2.9674459503e-22)
    (1.8353687952e-01 3.1635332525e-22)
    (1.8506190021e-01 3.4707506519e-22)
    (1.8666902928e-01 3.9351480918e-22)
    (1.8836258474e-01 4.6205000137e-22)
    (1.9014669747e-01 5.6148212353e-22)
    (1.9202536831e-01 7.0391229589e-22)
    (1.9400253175e-01 9.0590843613e-22)
    (1.9608212573e-01 1.1900460471e-21)
    (1.9826816696e-01 1.5869196444e-21)
    (2.0056483136e-01 2.1377378733e-21)
    (2.0297653896e-01 2.8976316218e-21)
    (2.0550804255e-01 3.9398165863e-21)
    (2.0816451961e-01 5.3607552101e-21)
    (2.1095166654e-01 7.2864549556e-21)
    (2.1387579417e-01 9.8800171631e-21)
    (2.1694256551e-01 1.5682533168e-20)
    (2.2014788174e-01 2.1285750307e-20)
    (2.2353446165e-01 2.8949193688e-20)
    (2.2709477487e-01 3.9259736573e-20)
    (2.3084127841e-01 5.3042524712e-20)
    (2.3479833990e-01 7.1627233364e-20)
    (2.3896131204e-01 9.5885039312e-20)
    (2.4336011410e-01 1.2765254072e-19)
    (2.4801612280e-01 1.6894019539e-19)
    (2.5295360836e-01 2.2218043941e-19)
    (2.5819915170e-01 2.9062919289e-19)
    (2.6378576428e-01 3.7707629965e-19)
    (2.6974626976e-01 4.8578246420e-19)
    (2.7611829297e-01 6.2126950751e-19)
    (2.8294269841e-01 7.8860170414e-19)
    (2.9026321198e-01 9.9334113831e-19)
    (2.9812580887e-01 1.2414660166e-18)
    (3.0657783145e-01 1.5392467305e-18)
    (3.1566682518e-01 1.8930775456e-18)
    (3.2543909275e-01 2.3092643606e-18)
    (3.3590887576e-01 2.7933507477e-18)
    (3.4717223366e-01 3.3515280690e-18)
    (3.5923184525e-01 3.9878143436e-18)
    (3.7211014051e-01 4.7054185227e-18)
    (3.8581860584e-01 5.5060547824e-18)
    (4.0035610545e-01 6.3897102442e-18)
    (4.1570760906e-01 7.3544784420e-18)
    (4.3184344429e-01 8.3964759942e-18)
    (4.4871916534e-01 9.5098551666e-18)
    (4.6627608546e-01 1.0686916725e-17)
    (4.8444246122e-01 1.1918319214e-17)
    (5.0313526437e-01 1.3193372125e-17)
    (5.2226243543e-01 1.4500393676e-17)
    (5.4172546688e-01 1.5827108181e-17)
    (5.6142215538e-01 1.7161056515e-17)
    (5.8124935489e-01 1.8489993360e-17)
    (6.0110557847e-01 1.9802248208e-17)
    (6.2089332763e-01 2.1087032358e-17)
    (6.4052105642e-01 2.2334679942e-17)
    (6.5990472218e-01 2.3536817714e-17)
    (6.7896890624e-01 2.4686463927e-17)
    (6.9764751934e-01 2.5778061433e-17)
    (7.1588412933e-01 2.6807453536e-17)
    (7.3358637930e-01 2.7771591148e-17)
    (7.5079958278e-01 2.8669381916e-17)
    (7.6745534914e-01 2.9500082184e-17)
    (7.8353257443e-01 3.0264145253e-17)
    (7.9901752925e-01 3.0962828949e-17)
    (8.1390306874e-01 3.1598048916e-17)
    (8.2818782881e-01 3.2172239030e-17)
    (8.4187543928e-01 3.2688222749e-17)
    (8.5497377065e-01 3.3149097588e-17)
    (8.6749423532e-01 3.3558134149e-17)
    (8.7945114959e-01 3.3918689791e-17)
    (8.9086116369e-01 3.4234136626e-17)
    (9.0174276209e-01 3.4507802926e-17)
    (9.1211583392e-01 3.4742926765e-17)
    (9.2200131124e-01 3.4942620518e-17)
    (9.3142087166e-01 3.5109844804e-17)
    (9.4039670018e-01 3.5247390461e-17)
    (9.4895130466e-01 3.5357867214e-17)
    (9.5710737851e-01 3.5443697819e-17)
    (9.6488770504e-01 3.5507116606e-17)
    (9.7229590480e-01 3.5549877451e-17)
    (9.7938516806e-01 3.5574171274e-17)
    (9.8616493157e-01 3.5581597585e-17)
    (9.9265725541e-01 3.5573660924e-17)
    (9.9888405066e-01 3.5551704356e-17)
    (1.0048670871e+00 3.5516918784e-17)
    (1.0106280072e+00 3.5470352660e-17)
    (1.0161883436e+00 3.5412921872e-17)
    (1.0215695406e+00 3.5345419652e-17)
    (1.0267929771e+00 3.5268526436e-17)
    (1.0318799906e+00 3.5182819482e-17)
    (1.0368231653e+00 3.5088105731e-17)
    (1.0417033545e+00 3.4986103369e-17)
    (1.0465120906e+00 3.4876467790e-17)
    (1.0510868807e+00 3.4754745775e-17)
    (1.0558591909e+00 3.4630360641e-17)
    (1.0606532018e+00 3.4498933149e-17)
    (1.0655074201e+00 3.4360564046e-17)
    (1.0704684874e+00 3.4215327368e-17)
    (1.0751997678e+00 3.4068521633e-17)
    (1.0804337622e+00 3.3924300362e-17)
    (1.0860944541e+00 3.3775314659e-17)
    (1.0921800386e+00 3.3629564443e-17)
    (1.0986620881e+00 3.3478644683e-17)
    (1.1060807530e+00 3.3356914965e-17)
    (1.1144567565e+00 3.3259066867e-17)
    (1.1240549778e+00 3.3197275734e-17)
    (1.1350476813e+00 3.3192868767e-17)
    (1.1481500998e+00 3.3255896881e-17)
    (1.1636258816e+00 3.3416853985e-17)
    (1.1819885903e+00 3.3707005038e-17)
    (1.2038177970e+00 3.4163962578e-17)
    (1.2301634392e+00 3.4848066513e-17)
    (1.2609969547e+00 3.5784223787e-17)
    (1.2973623011e+00 3.7040696955e-17)
    (1.3400043219e+00 3.8680622602e-17)
    (1.3902463434e+00 4.0798634005e-17)
    (1.4476740790e+00 4.3414560208e-17)
    (1.5134371389e+00 4.6621243497e-17)
    (1.5880617832e+00 5.0485815184e-17)
    (1.6719409936e+00 5.5069519947e-17)
    (1.7660607111e+00 6.0498102889e-17)
    (1.8689224012e+00 6.6662475615e-17)
    (1.9811674971e+00 7.3661581767e-17)
    (2.1024762205e+00 8.1504009568e-17)
    (2.2323544682e+00 9.0180606530e-17)
    (2.3723894733e+00 9.9814943824e-17)
    (2.5173051548e+00 1.1006220276e-16)
    (2.6685098830e+00 1.2101118080e-16)
    (2.8251127850e+00 1.3258923705e-16)
    (2.9864403851e+00 1.4475506494e-16)
    (3.1511716909e+00 1.5733213821e-16)
    (3.3187345269e+00 1.7027044844e-16)
    (3.4884072290e+00 1.8347366662e-16)
    (3.6595680233e+00 1.9684623653e-16)
    (3.8329812664e+00 2.1038593452e-16)
    (4.0054036496e+00 2.2380444680e-16)
    (4.1781426577e+00 2.3713000697e-16)
    (4.3510158693e+00 2.5028610099e-16)
    (4.5239369987e+00 2.6320273224e-16)
    (4.6971621124e+00 2.7584633845e-16)
    (4.8701409956e+00 2.8809182475e-16)
    (5.0433978981e+00 2.9992901086e-16)
    (5.2171246269e+00 3.1131377689e-16)
    (5.3915564385e+00 3.2220782724e-16)
    (5.5669629672e+00 3.3257834578e-16)
    (5.7436400437e+00 3.4239765001e-16)
    (5.9219025873e+00 3.5164284980e-16)
    (6.1010979378e+00 3.6023432122e-16)
    (6.2835570480e+00 3.6828026861e-16)
    (6.4679920424e+00 3.7567054048e-16)
    (6.6560078498e+00 3.8247555725e-16)
    (6.8473428105e+00 3.8865242761e-16)
    (7.0423340173e+00 3.9420068127e-16)
    (7.2409465160e+00 3.9909518863e-16)
    (7.4442081971e+00 4.0339277019e-16)
    (7.6521663603e+00 4.0707502567e-16)
    (7.8676105911e+00 4.1028494586e-16)
    (8.0858487204e+00 4.1274854484e-16)
    (8.3098278045e+00 4.1462858601e-16)
    (8.5398932951e+00 4.1593785211e-16)
    (8.7763949131e+00 4.1669020008e-16)
    (9.0196879697e+00 4.1690038741e-16)
    (9.2670974767e+00 4.1644818053e-16)
    (9.5251096886e+00 4.1563080126e-16)
    (9.7910839770e+00 4.1431836457e-16)
    (1.0065371630e+01 4.1252870651e-16)
    (1.0346344593e+01 4.1020188805e-16)
    (1.0638438926e+01 4.0751715435e-16)
    (1.0940187398e+01 4.0440760522e-16)
    (1.1925355136e+01 3.9624719470e-16)
    (1.2308824412e+01 3.9102990863e-16)
    (1.2709276652e+01 3.8544606869e-16)
    (1.3126439691e+01 3.7945127777e-16)
    (1.3561263285e+01 3.7307116849e-16)
    (1.4012493747e+01 3.6628885263e-16)
    (1.4484291915e+01 3.5922973115e-16)
    (1.4973992379e+01 3.5177881994e-16)
    (1.5487666223e+01 3.4415356328e-16)
    (1.6023909695e+01 3.3628267348e-16)
    (1.6583468512e+01 3.2813061051e-16)
    (1.7168941463e+01 3.1985440971e-16)
    (1.7781023452e+01 3.1141636849e-16)
    (1.8422151615e+01 3.0278517328e-16)
    (1.9092649339e+01 2.9410422753e-16)
    (1.9794733945e+01 2.8534169107e-16)
    (2.0530664058e+01 2.7652127103e-16)
    (2.1299508263e+01 2.6758401575e-16)
    (2.2109288431e+01 2.5872981611e-16)
    (2.2959485968e+01 2.4988744895e-16)
    (2.3850104879e+01 2.4099930465e-16)
    (2.4788921536e+01 2.3225223276e-16)
    (2.5776295005e+01 2.2357731888e-16)
    (2.6817698048e+01 2.1498723901e-16)
    (2.7909067436e+01 2.0646344779e-16)
    (2.9061538888e+01 1.9811285501e-16)
    (3.0279874265e+01 1.8989275139e-16)
    (3.1556757395e+01 1.8180386316e-16)
    (3.2908931845e+01 1.7390201942e-16)
    (3.4342348823e+01 1.6616470322e-16)
    (3.5842127009e+01 1.5855805365e-16)
    (3.7437719791e+01 1.5120248552e-16)
    (3.9117090489e+01 1.4398512202e-16)
    (4.0644106575e+01 1.3682340402e-16)
    (4.2796040127e+01 1.3028498219e-16)
    (4.4789131155e+01 1.2370494934e-16)
    (4.6589221150e+01 1.1712950156e-16)
    (4.9179324484e+01 1.1126899444e-16)
    (5.1201199815e+01 1.0519516769e-16)
    (5.4099126670e+01 9.9666657060e-17)
    (5.6778858337e+01 9.4216047906e-17)
    (5.9117854096e+01 8.8751598192e-17)
    (6.2718461942e+01 8.3834973125e-17)
    (6.5410085846e+01 7.8924471075e-17)
    (6.9496742822e+01 7.4377302755e-17)
    (7.3180976752e+01 6.9948984482e-17)
    (7.7182577491e+01 6.5718961086e-17)
    (8.1420085225e+01 6.1637945149e-17)
    (8.6011788405e+01 5.7793366573e-17)
    (9.0867763137e+01 5.4122518415e-17)
    (9.6165388139e+01 5.0639536821e-17)
    (1.0177823578e+02 4.7304404494e-17)
    (1.0792309375e+02 4.4163302462e-17)
    (1.1458604701e+02 4.1182236617e-17)
    (1.2160542734e+02 3.8355100393e-17)
    (1.2939531717e+02 3.5682700743e-17)
    (1.3542361118e+02 3.3089319169e-17)
    (1.4388362195e+02 3.0804966455e-17)
    (1.5371740495e+02 2.8552225496e-17)
    (1.6736124994e+02 2.6323580565e-17)
    (1.7556818514e+02 2.4386458471e-17)
    (1.9180551086e+02 2.2440763603e-17)
    (2.0148427830e+02 2.0736692918e-17)
);
