// k[EI_N2_EXC_N2_V3] [m^3/s] vs reducedE [V m^2]; air_plasma [94c490be646f8872], T_gas = 300.000000 K
(
    (0 0.0000000000e+00)
    (1.0000000000e-22 0.0000000000e+00)
    (1.0452754953e-22 0.0000000000e+00)
    (1.0926008611e-22 0.0000000000e+00)
    (1.1420689063e-22 0.0000000000e+00)
    (1.1937766417e-22 0.0000000000e+00)
    (1.2478254705e-22 0.0000000000e+00)
    (1.3043213867e-22 0.0000000000e+00)
    (1.3633751836e-22 0.0000000000e+00)
    (1.4251026703e-22 0.0000000000e+00)
    (1.4896248996e-22 0.0000000000e+00)
    (1.5570684048e-22 0.0000000000e+00)
    (1.6275654480e-22 0.0000000000e+00)
    (1.7012542799e-22 0.0000000000e+00)
    (1.7782794100e-22 0.0000000000e+00)
    (1.8587918911e-22 0.0000000000e+00)
    (1.9429496147e-22 0.0000000000e+00)
    (2.0309176209e-22 0.0000000000e+00)
    (2.1228684221e-22 0.0000000000e+00)
    (2.2189823415e-22 0.0000000000e+00)
    (2.3194478661e-22 0.0000000000e+00)
    (2.4244620171e-22 0.0000000000e+00)
    (2.5342307358e-22 0.0000000000e+00)
    (2.6489692876e-22 0.0000000000e+00)
    (2.7689026842e-22 0.0000000000e+00)
    (2.8942661247e-22 0.0000000000e+00)
    (3.0253054571e-22 0.0000000000e+00)
    (3.1622776602e-22 0.0000000000e+00)
    (3.3054513476e-22 0.0000000000e+00)
    (3.4551072946e-22 0.0000000000e+00)
    (3.6115389887e-22 0.0000000000e+00)
    (3.7750532053e-22 0.0000000000e+00)
    (3.9459706091e-22 0.0000000000e+00)
    (4.1246263829e-22 0.0000000000e+00)
    (4.3113708854e-22 0.0000000000e+00)
    (4.5065703377e-22 0.0000000000e+00)
    (4.7106075420e-22 0.0000000000e+00)
    (4.9238826317e-22 0.0000000000e+00)
    (5.1468138568e-22 0.0000000000e+00)
    (5.3798384034e-22 0.0000000000e+00)
    (5.6234132519e-22 0.0000000000e+00)
    (5.8780160723e-22 0.0000000000e+00)
    (6.1441461614e-22 0.0000000000e+00)
    (6.4223254222e-22 0.0000000000e+00)
    (6.7130993868e-22 0.0000000000e+00)
    (7.0170382867e-22 0.0000000000e+00)
    (7.3347381708e-22 0.0000000000e+00)
    (7.6668220745e-22 0.0000000000e+00)
    (8.0139412415e-22 0.0000000000e+00)
    (8.3767764007e-22 0.0000000000e+00)
    (8.7560391014e-22 0.0000000000e+00)
    (9.1524731088e-22 0.0000000000e+00)
    (9.5668558622e-22 0.0000000000e+00)
    (1.0000000000e-21 0.0000000000e+00)
    (1.0452754953e-21 0.0000000000e+00)
    (1.0926008611e-21 0.0000000000e+00)
    (1.1420689063e-21 0.0000000000e+00)
    (1.1937766417e-21 0.0000000000e+00)
    (1.2478254705e-21 0.0000000000e+00)
    (1.3043213867e-21 0.0000000000e+00)
    (1.3633751836e-21 0.0000000000e+00)
    (1.4251026703e-21 0.0000000000e+00)
    (1.4896248996e-21 0.0000000000e+00)
    (1.5570684048e-21 0.0000000000e+00)
    (1.6275654480e-21 0.0000000000e+00)
    (1.7012542799e-21 0.0000000000e+00)
    (1.7782794100e-21 6.8347656490e-24)
    (1.8587918911e-21 1.3894185647e-23)
    (1.9429496147e-21 2.7908875281e-23)
    (2.0309176209e-21 5.5341711296e-23)
    (2.1228684221e-21 1.0694753678e-22)
    (2.2189823415e-21 2.0288998354e-22)
    (2.3194478661e-21 3.7605103745e-22)
    (2.4244620171e-21 6.8600660203e-22)
    (2.5342307358e-21 1.2177870218e-21)
    (2.6489692876e-21 2.1061427552e-21)
    (2.7689026842e-21 3.5585444454e-21)
    (2.8942661247e-21 5.8833425787e-21)
    (3.0253054571e-21 9.5285936136e-21)
    (3.1622776602e-21 1.5130665083e-20)
    (3.3054513476e-21 2.3574074860e-20)
    (3.4551072946e-21 3.6062958306e-20)
    (3.6115389887e-21 5.4203912813e-20)
    (3.7750532053e-21 8.0100176939e-20)
    (3.9459706091e-21 1.1645479648e-19)
    (4.1246263829e-21 1.6668120310e-19)
    (4.3113708854e-21 2.3501791989e-19)
    (4.5065703377e-21 3.2664374311e-19)
    (4.7106075420e-21 4.4778921339e-19)
    (4.9238826317e-21 5.8759444532e-19)
    (5.1468138568e-21 7.8500904705e-19)
    (5.3798384034e-21 1.0368956265e-18)
    (5.6234132519e-21 1.3549539994e-18)
    (5.8780160723e-21 1.7526649659e-18)
    (6.1441461614e-21 2.2454422783e-18)
    (6.4223254222e-21 2.8507919452e-18)
    (6.7130993868e-21 3.5884808196e-18)
    (7.0170382867e-21 4.4807035745e-18)
    (7.3347381708e-21 5.5522548593e-18)
    (7.6668220745e-21 6.8307046168e-18)
    (8.0139412415e-21 8.3465747537e-18)
    (8.3767764007e-21 1.0133515332e-17)
    (8.7560391014e-21 1.2228477944e-17)
    (9.1524731088e-21 1.4671883634e-17)
    (9.5668558622e-21 1.7507782529e-17)
    (1.0000000000e-20 2.0784002404e-17)
    (1.0452754953e-20 2.4552283520e-17)
    (1.0926008611e-20 2.8868397502e-17)
    (1.1420689063e-20 3.3792247914e-17)
    (1.1937766417e-20 3.9339846504e-17)
    (1.2478254705e-20 4.5643579028e-17)
    (1.3043213867e-20 5.2745547958e-17)
    (1.3633751836e-20 6.0717378048e-17)
    (1.4251026703e-20 6.9633468080e-17)
    (1.4896248996e-20 7.9570663960e-17)
    (1.5570684048e-20 9.0607891599e-17)
    (1.6275654480e-20 1.0282575784e-16)
    (1.7012542799e-20 1.1630612921e-16)
    (1.7782794100e-20 1.3113169915e-16)
    (1.8587918911e-20 1.4738555548e-16)
    (1.9429496147e-20 1.6510409592e-16)
    (2.0309176209e-20 1.8445466787e-16)
    (2.1228684221e-20 2.0547905148e-16)
    (2.2189823415e-20 2.2820950492e-16)
    (2.3194478661e-20 2.5280132456e-16)
    (2.4244620171e-20 2.7930104780e-16)
    (2.5342307358e-20 3.0778287681e-16)
    (2.6489692876e-20 3.3831808036e-16)
    (2.7689026842e-20 3.7056331884e-16)
    (2.8942661247e-20 4.0525710406e-16)
    (3.0253054571e-20 4.4229477568e-16)
    (3.1622776602e-20 4.8162974228e-16)
    (3.3054513476e-20 5.2294587930e-16)
    (3.4551072946e-20 5.6696887048e-16)
    (3.6115389887e-20 6.1337448319e-16)
    (3.7750532053e-20 6.6215464380e-16)
    (3.9459706091e-20 7.1184336337e-16)
    (4.1246263829e-20 7.6524022800e-16)
    (4.3113708854e-20 8.2080574655e-16)
    (4.5065703377e-20 8.7838372325e-16)
    (4.7106075420e-20 9.3776242899e-16)
    (4.9238826317e-20 9.9844877173e-16)
    (5.1468138568e-20 1.0604982485e-15)
    (5.3798384034e-20 1.1233152068e-15)
    (5.6234132519e-20 1.1864114522e-15)
    (5.8780160723e-20 1.2480497781e-15)
    (6.1441461614e-20 1.3100248191e-15)
    (6.4223254222e-20 1.3704314825e-15)
    (6.7130993868e-20 1.4285684172e-15)
    (7.0170382867e-20 1.4837247663e-15)
    (7.3347381708e-20 1.5324416374e-15)
    (7.6668220745e-20 1.5796507605e-15)
    (8.0139412415e-20 1.6219689887e-15)
    (8.3767764007e-20 1.6589061156e-15)
    (8.7560391014e-20 1.6900838746e-15)
    (9.1524731088e-20 1.7142767516e-15)
    (9.5668558622e-20 1.7333272284e-15)
    (1.0000000000e-19 1.7462536142e-15)
    (1.0452754953e-19 1.7531842875e-15)
    (1.0926008611e-19 1.7521041315e-15)
    (1.1420689063e-19 1.7480924778e-15)
    (1.1937766417e-19 1.7390179772e-15)
    (1.2478254705e-19 1.7253256659e-15)
    (1.3043213867e-19 1.7074904183e-15)
    (1.3633751836e-19 1.6852956474e-15)
    (1.4251026703e-19 1.6607039060e-15)
    (1.4896248996e-19 1.6334072099e-15)
    (1.5570684048e-19 1.6038449333e-15)
    (1.6275654480e-19 1.5724250966e-15)
    (1.7012542799e-19 1.5387656584e-15)
    (1.7782794100e-19 1.5048028697e-15)
    (1.8587918911e-19 1.4699779754e-15)
    (1.9429496147e-19 1.4345526939e-15)
    (2.0309176209e-19 1.3987541175e-15)
    (2.1228684221e-19 1.3627772168e-15)
    (2.2189823415e-19 1.3267877113e-15)
    (2.3194478661e-19 1.2909250943e-15)
    (2.4244620171e-19 1.2547910445e-15)
    (2.5342307358e-19 1.2195765977e-15)
    (2.6489692876e-19 1.1846372544e-15)
    (2.7689026842e-19 1.1503216982e-15)
    (2.8942661247e-19 1.1165282567e-15)
    (3.0253054571e-19 1.0832984839e-15)
    (3.1622776602e-19 1.0502299825e-15)
    (3.3054513476e-19 1.0182764144e-15)
    (3.4551072946e-19 9.8695432218e-16)
    (3.6115389887e-19 9.5476620506e-16)
    (3.7750532053e-19 9.2483974195e-16)
    (3.9459706091e-19 8.9557036738e-16)
    (4.1246263829e-19 8.6696141894e-16)
    (4.3113708854e-19 8.3901380678e-16)
    (4.5065703377e-19 8.1172643272e-16)
    (4.7106075420e-19 7.8567230599e-16)
    (4.9238826317e-19 7.5965740798e-16)
    (5.1468138568e-19 7.3429210440e-16)
    (5.3798384034e-19 7.0956971845e-16)
    (5.6234132519e-19 6.8547437492e-16)
    (5.8780160723e-19 6.6200576479e-16)
    (6.1441461614e-19 6.3915797372e-16)
    (6.4223254222e-19 5.6257287907e-16)
    (6.7130993868e-19 5.3878009582e-16)
    (7.0170382867e-19 5.1647443065e-16)
    (7.3347381708e-19 4.9485041740e-16)
    (7.6668220745e-19 4.7390101300e-16)
    (8.0139412415e-19 4.5433443048e-16)
    (8.3767764007e-19 4.3464780807e-16)
    (8.7560391014e-19 4.1488289353e-16)
    (9.1524731088e-19 3.9659099638e-16)
    (9.5668558622e-19 3.7892730689e-16)
    (1.0000000000e-18 3.6204834575e-16)
    (1.0452754953e-18 3.4557795625e-16)
    (1.0926008611e-18 3.2970460954e-16)
    (1.1420689063e-18 3.1440391042e-16)
    (1.1937766417e-18 2.9968155200e-16)
    (1.2478254705e-18 2.8551463701e-16)
    (1.3043213867e-18 2.7188753054e-16)
    (1.3633751836e-18 2.5831043860e-16)
    (1.4251026703e-18 2.4578333796e-16)
    (1.4896248996e-18 2.3374784468e-16)
    (1.5570684048e-18 2.2251537084e-16)
    (1.6275654480e-18 2.1137899588e-16)
    (1.7012542799e-18 2.0070033725e-16)
    (1.7782794100e-18 1.9046021157e-16)
    (1.8587918911e-18 1.8077931631e-16)
    (1.9429496147e-18 1.7136990923e-16)
    (2.0309176209e-18 1.6236118450e-16)
    (2.1228684221e-18 1.5341668827e-16)
    (2.2189823415e-18 1.4523644665e-16)
    (2.3194478661e-18 1.3741036970e-16)
    (2.4244620171e-18 1.2982325017e-16)
    (2.5342307358e-18 1.2270924909e-16)
    (2.6489692876e-18 1.1603920780e-16)
    (2.7689026842e-18 1.0929616205e-16)
    (2.8942661247e-18 1.0334767453e-16)
    (3.0253054571e-18 9.7520337895e-17)
    (3.1622776602e-18 9.1605435789e-17)
    (3.3054513476e-18 8.6518550221e-17)
    (3.4551072946e-18 8.1252627675e-17)
    (3.6115389887e-18 7.6524718385e-17)
    (3.7750532053e-18 7.1905749716e-17)
    (3.9459706091e-18 6.7529703472e-17)
    (4.1246263829e-18 6.3324495529e-17)
    (4.3113708854e-18 5.9502241116e-17)
    (4.5065703377e-18 5.5694296851e-17)
    (4.7106075420e-18 5.2209449476e-17)
    (4.9238826317e-18 4.8871873187e-17)
    (5.1468138568e-18 4.5706341696e-17)
    (5.3798384034e-18 4.2718407612e-17)
    (5.6234132519e-18 3.9918530987e-17)
    (5.8780160723e-18 3.7245310372e-17)
    (6.1441461614e-18 3.4719879537e-17)
    (6.4223254222e-18 3.2337013779e-17)
    (6.7130993868e-18 3.0087623070e-17)
    (7.0170382867e-18 2.7982412592e-17)
    (7.3347381708e-18 2.5983655408e-17)
    (7.6668220745e-18 2.4161673947e-17)
    (8.0139412415e-18 2.2394477500e-17)
    (8.3767764007e-18 2.0730472120e-17)
    (8.7560391014e-18 1.9096464686e-17)
    (9.1524731088e-18 1.7604699425e-17)
    (9.5668558622e-18 1.6258511106e-17)
    (1.0000000000e-17 1.4901148373e-17)
);
