// k[EI_O2_ION_O2] [m^3/s] vs mean energy [eV]; air_plasma [94c490be646f8872], T_gas = 300.000000 K
(
    (0 0.0000000000e+00)
    (1.3716749438e-01 0.0000000000e+00)
    (1.4076979314e-01 0.0000000000e+00)
    (1.4397604008e-01 0.0000000000e+00)
    (1.4684113805e-01 0.0000000000e+00)
    (1.4941204783e-01 0.0000000000e+00)
    (1.5172864004e-01 0.0000000000e+00)
    (1.5382482203e-01 0.0000000000e+00)
    (1.5572964088e-01 0.0000000000e+00)
    (1.5746824649e-01 0.0000000000e+00)
    (1.5906268561e-01 0.0000000000e+00)
    (1.6040186980e-01 0.0000000000e+00)
    (1.6189539494e-01 0.0000000000e+00)
    (1.6316727128e-01 0.0000000000e+00)
    (1.6436286366e-01 0.0000000000e+00)
    (1.6549578572e-01 0.0000000000e+00)
    (1.6657873020e-01 0.0000000000e+00)
    (1.6762359287e-01 0.0000000000e+00)
    (1.6865359887e-01 0.0000000000e+00)
    (1.6965539117e-01 0.0000000000e+00)
    (1.7065096866e-01 0.0000000000e+00)
    (1.7163702901e-01 0.0000000000e+00)
    (1.7264762429e-01 0.0000000000e+00)
    (1.7367878080e-01 0.0000000000e+00)
    (1.7473849913e-01 0.0000000000e+00)
    (1.7583432821e-01 0.0000000000e+00)
    (1.7697337833e-01 0.0000000000e+00)
    (1.7816233417e-01 0.0000000000e+00)
    (1.7940746844e-01 0.0000000000e+00)
    (1.8071465956e-01 0.0000000000e+00)
    (1.8208941158e-01 0.0000000000e+00)
    (1.8353687952e-01 0.0000000000e+00)
    (1.8506190021e-01 0.0000000000e+00)
    (1.8666902928e-01 0.0000000000e+00)
    (1.8836258474e-01 0.0000000000e+00)
    (1.9014669747e-01 0.0000000000e+00)
    (1.9202536831e-01 0.0000000000e+00)
    (1.9400253175e-01 0.0000000000e+00)
    (1.9608212573e-01 0.0000000000e+00)
    (1.9826816696e-01 0.0000000000e+00)
    (2.0056483136e-01 0.0000000000e+00)
    (2.0297653896e-01 0.0000000000e+00)
    (2.0550804255e-01 0.0000000000e+00)
    (2.0816451961e-01 0.0000000000e+00)
    (2.1095166654e-01 0.0000000000e+00)
    (2.1387579417e-01 0.0000000000e+00)
    (2.1694256551e-01 0.0000000000e+00)
    (2.2014788174e-01 0.0000000000e+00)
    (2.2353446165e-01 0.0000000000e+00)
    (2.2709477487e-01 0.0000000000e+00)
    (2.3084127841e-01 0.0000000000e+00)
    (2.3479833990e-01 0.0000000000e+00)
    (2.3896131204e-01 0.0000000000e+00)
    (2.4336011410e-01 0.0000000000e+00)
    (2.4801612280e-01 0.0000000000e+00)
    (2.5295360836e-01 0.0000000000e+00)
    (2.5819915170e-01 0.0000000000e+00)
    (2.6378576428e-01 0.0000000000e+00)
    (2.6974626976e-01 0.0000000000e+00)
    (2.7611829297e-01 0.0000000000e+00)
    (2.8294269841e-01 0.0000000000e+00)
    (2.9026321198e-01 0.0000000000e+00)
    (2.9812580887e-01 0.0000000000e+00)
    (3.0657783145e-01 0.0000000000e+00)
    (3.1566682518e-01 0.0000000000e+00)
    (3.2543909275e-01 0.0000000000e+00)
    (3.3590887576e-01 0.0000000000e+00)
    (3.4717223366e-01 0.0000000000e+00)
    (3.5923184525e-01 0.0000000000e+00)
    (3.7211014051e-01 0.0000000000e+00)
    (3.8581860584e-01 0.0000000000e+00)
    (4.0035610545e-01 0.0000000000e+00)
    (4.1570760906e-01 0.0000000000e+00)
    (4.3184344429e-01 0.0000000000e+00)
    (4.4871916534e-01 0.0000000000e+00)
    (4.6627608546e-01 0.0000000000e+00)
    (4.8444246122e-01 0.0000000000e+00)
    (5.0313526437e-01 0.0000000000e+00)
    (5.2226243543e-01 0.0000000000e+00)
    (5.4172546688e-01 0.0000000000e+00)
    (5.6142215538e-01 0.0000000000e+00)
    (5.8124935489e-01 0.0000000000e+00)
    (6.0110557847e-01 0.0000000000e+00)
    (6.2089332763e-01 0.0000000000e+00)
    (6.4052105642e-01 0.0000000000e+00)
    (6.5990472218e-01 0.0000000000e+00)
    (6.7896890624e-01 0.0000000000e+00)
    (6.9764751934e-01 0.0000000000e+00)
    (7.1588412933e-01 0.0000000000e+00)
    (7.3358637930e-01 0.0000000000e+00)
    (7.5079958278e-01 0.0000000000e+00)
    (7.6745534914e-01 0.0000000000e+00)
    (7.8353257443e-01 0.0000000000e+00)
    (7.9901752925e-01 0.0000000000e+00)
    (8.1390306874e-01 0.0000000000e+00)
    (8.2818782881e-01 0.0000000000e+00)
    (8.4187543928e-01 0.0000000000e+00)
    (8.5497377065e-01 0.0000000000e+00)
    (8.6749423532e-01 0.0000000000e+00)
    (8.7945114959e-01 0.0000000000e+00)
    (8.9086116369e-01 0.0000000000e+00)
    (9.0174276209e-01 0.0000000000e+00)
    (9.1211583392e-01 0.0000000000e+00)
    (9.2200131124e-01 0.0000000000e+00)
    (9.3142087166e-01 0.0000000000e+00)
    (9.4039670018e-01 0.0000000000e+00)
    (9.4895130466e-01 0.0000000000e+00)
    (9.5710737851e-01 0.0000000000e+00)
    (9.6488770504e-01 0.0000000000e+00)
    (9.7229590480e-01 0.0000000000e+00)
    (9.7938516806e-01 0.0000000000e+00)
    (9.8616493157e-01 0.0000000000e+00)
    (9.9265725541e-01 0.0000000000e+00)
    (9.9888405066e-01 0.0000000000e+00)
    (1.0048670871e+00 0.0000000000e+00)
    (1.0106280072e+00 0.0000000000e+00)
    (1.0161883436e+00 0.0000000000e+00)
    (1.0215695406e+00 0.0000000000e+00)
    (1.0267929771e+00 0.0000000000e+00)
    (1.0318799906e+00 0.0000000000e+00)
    (1.0368231653e+00 0.0000000000e+00)
    (1.0417033545e+00 0.0000000000e+00)
    (1.0465120906e+00 0.0000000000e+00)
    (1.0510868807e+00 0.0000000000e+00)
    (1.0558591909e+00 0.0000000000e+00)
    (1.0606532018e+00 0.0000000000e+00)
    (1.0655074201e+00 0.0000000000e+00)
    (1.0704684874e+00 0.0000000000e+00)
    (1.0751997678e+00 0.0000000000e+00)
    (1.0804337622e+00 0.0000000000e+00)
    (1.0860944541e+00 0.0000000000e+00)
    (1.0921800386e+00 0.0000000000e+00)
    (1.0986620881e+00 9.0003294080e-24)
    (1.1060807530e+00 1.7930377173e-23)
    (1.1144567565e+00 3.4613945448e-23)
    (1.1240549778e+00 6.4916208582e-23)
    (1.1350476813e+00 5.2259398799e-22)
    (1.1481500998e+00 9.8718663028e-22)
    (1.1636258816e+00 1.8135864887e-21)
    (1.1819885903e+00 3.2467974065e-21)
    (1.2038177970e+00 5.6718420956e-21)
    (1.2301634392e+00 1.0509682323e-20)
    (1.2609969547e+00 1.7755003507e-20)
    (1.2973623011e+00 2.9375898219e-20)
    (1.3400043219e+00 4.7635389125e-20)
    (1.3902463434e+00 7.6415088900e-20)
    (1.4476740790e+00 1.1954940707e-19)
    (1.5134371389e+00 1.8370419683e-19)
    (1.5880617832e+00 2.7743552173e-19)
    (1.6719409936e+00 4.1202208051e-19)
    (1.7660607111e+00 6.0541902654e-19)
    (1.8689224012e+00 8.7089761507e-19)
    (1.9811674971e+00 1.2343644113e-18)
    (2.1024762205e+00 1.7246905250e-18)
    (2.2323544682e+00 2.3768481822e-18)
    (2.3723894733e+00 3.2417218123e-18)
    (2.5173051548e+00 4.3531797942e-18)
    (2.6685098830e+00 5.7762054148e-18)
    (2.8251127850e+00 7.5776642924e-18)
    (2.9864403851e+00 9.8383493877e-18)
    (3.1511716909e+00 1.2638531773e-17)
    (3.3187345269e+00 1.6080061899e-17)
    (3.4884072290e+00 2.0273857189e-17)
    (3.6595680233e+00 2.5343963288e-17)
    (3.8329812664e+00 3.1445017833e-17)
    (4.0054036496e+00 3.8696092135e-17)
    (4.1781426577e+00 4.7285259359e-17)
    (4.3510158693e+00 5.7400106996e-17)
    (4.5239369987e+00 6.9246826992e-17)
    (4.6971621124e+00 8.3074429542e-17)
    (4.8701409956e+00 9.9085974590e-17)
    (5.0433978981e+00 1.1757376025e-16)
    (5.2171246269e+00 1.3883117854e-16)
    (5.3915564385e+00 1.6317597224e-16)
    (5.5669629672e+00 1.9095111577e-16)
    (5.7436400437e+00 2.2252538009e-16)
    (5.9219025873e+00 2.5829377384e-16)
    (6.1010979378e+00 2.9863264453e-16)
    (6.2835570480e+00 3.4411652650e-16)
    (6.4679920424e+00 3.9512452478e-16)
    (6.6560078498e+00 4.5224380923e-16)
    (6.8473428105e+00 5.1602770490e-16)
    (7.0423340173e+00 5.8704056764e-16)
    (7.2409465160e+00 6.6584309226e-16)
    (7.4442081971e+00 7.5312750692e-16)
    (7.6521663603e+00 8.4960029278e-16)
    (7.8676105911e+00 9.5701605331e-16)
    (8.0858487204e+00 1.0741665211e-15)
    (8.3098278045e+00 1.2028004939e-15)
    (8.5398932951e+00 1.3437634348e-15)
    (8.7763949131e+00 1.4979425687e-15)
    (9.0196879697e+00 1.6662676670e-15)
    (9.2670974767e+00 1.8482419297e-15)
    (9.5251096886e+00 2.0476986766e-15)
    (9.7910839770e+00 2.2644689576e-15)
    (1.0065371630e+01 2.4995753378e-15)
    (1.0346344593e+01 2.7532064797e-15)
    (1.0638438926e+01 3.0282607391e-15)
    (1.0940187398e+01 3.3253964461e-15)
    (1.1925355136e+01 4.3188644651e-15)
    (1.2308824412e+01 4.7594007440e-15)
    (1.2709276652e+01 5.2367683715e-15)
    (1.3126439691e+01 5.7535468530e-15)
    (1.3561263285e+01 6.3122495935e-15)
    (1.4012493747e+01 6.9131689437e-15)
    (1.4484291915e+01 7.5610203078e-15)
    (1.4973992379e+01 8.2576144392e-15)
    (1.5487666223e+01 9.0058089797e-15)
    (1.6023909695e+01 9.8081424286e-15)
    (1.6583468512e+01 1.0668140731e-14)
    (1.7168941463e+01 1.1587251417e-14)
    (1.7781023452e+01 1.2568738401e-14)
    (1.8422151615e+01 1.3617929997e-14)
    (1.9092649339e+01 1.4733338005e-14)
    (1.9794733945e+01 1.5919565294e-14)
    (2.0530664058e+01 1.7179954628e-14)
    (2.1299508263e+01 1.8515037352e-14)
    (2.2109288431e+01 1.9931506559e-14)
    (2.2959485968e+01 2.1430246816e-14)
    (2.3850104879e+01 2.3011000535e-14)
    (2.4788921536e+01 2.4681614430e-14)
    (2.5776295005e+01 2.6441799182e-14)
    (2.6817698048e+01 2.8296568393e-14)
    (2.7909067436e+01 3.0237891005e-14)
    (2.9061538888e+01 3.2278479441e-14)
    (3.0279874265e+01 3.4419695334e-14)
    (3.1556757395e+01 3.6647055465e-14)
    (3.2908931845e+01 3.8981398423e-14)
    (3.4342348823e+01 4.1420685851e-14)
    (3.5842127009e+01 4.3941797066e-14)
    (3.7437719791e+01 4.6576332969e-14)
    (3.9117090489e+01 4.9294757453e-14)
    (4.0644106575e+01 5.1837606576e-14)
    (4.2796040127e+01 5.5059077538e-14)
    (4.4789131155e+01 5.8066579911e-14)
    (4.6589221150e+01 6.0867829817e-14)
    (4.9179324484e+01 6.4406092033e-14)
    (5.1201199815e+01 6.7381231554e-14)
    (5.4099126670e+01 7.1068882967e-14)
    (5.6778858337e+01 7.4497555818e-14)
    (5.9117854096e+01 7.7615714763e-14)
    (6.2718461942e+01 8.1654809051e-14)
    (6.5410085846e+01 8.4953581885e-14)
    (6.9496742822e+01 8.9111636069e-14)
    (7.3180976752e+01 9.2873506512e-14)
    (7.7182577491e+01 9.6747458086e-14)
    (8.1420085225e+01 1.0062781165e-13)
    (8.6011788405e+01 1.0458769948e-13)
    (9.0867763137e+01 1.0851352516e-13)
    (9.6165388139e+01 1.1253176282e-13)
    (1.0177823578e+02 1.1650082245e-13)
    (1.0792309375e+02 1.2054489999e-13)
    (1.1458604701e+02 1.2458891392e-13)
    (1.2160542734e+02 1.2854034201e-13)
    (1.2939531717e+02 1.3255360674e-13)
    (1.3542361118e+02 1.3585915861e-13)
    (1.4388362195e+02 1.3960365980e-13)
    (1.5371740495e+02 1.4355020394e-13)
    (1.6736124994e+02 1.4804393408e-13)
    (1.7556818514e+02 1.5111678540e-13)
    (1.9180551086e+02 1.5534806885e-13)
    (2.0148427830e+02 1.5823137765e-13)
);
