// k[EI_O2_EXC_O2_9_97EV] [m^3/s] vs reducedE [V m^2]; air_plasma [94c490be646f8872], T_gas = 300.000000 K
(
    (0 0.0000000000e+00)
    (1.0000000000e-22 0.0000000000e+00)
    (1.0452754953e-22 0.0000000000e+00)
    (1.0926008611e-22 0.0000000000e+00)
    (1.1420689063e-22 0.0000000000e+00)
    (1.1937766417e-22 0.0000000000e+00)
    (1.2478254705e-22 0.0000000000e+00)
    (1.3043213867e-22 0.0000000000e+00)
    (1.3633751836e-22 0.0000000000e+00)
    (1.4251026703e-22 0.0000000000e+00)
    (1.4896248996e-22 0.0000000000e+00)
    (1.5570684048e-22 0.0000000000e+00)
    (1.6275654480e-22 0.0000000000e+00)
    (1.7012542799e-22 0.0000000000e+00)
    (1.7782794100e-22 0.0000000000e+00)
    (1.8587918911e-22 0.0000000000e+00)
    (1.9429496147e-22 0.0000000000e+00)
    (2.0309176209e-22 0.0000000000e+00)
    (2.1228684221e-22 0.0000000000e+00)
    (2.2189823415e-22 0.0000000000e+00)
    (2.3194478661e-22 0.0000000000e+00)
    (2.4244620171e-22 0.0000000000e+00)
    (2.5342307358e-22 0.0000000000e+00)
    (2.6489692876e-22 0.0000000000e+00)
    (2.7689026842e-22 0.0000000000e+00)
    (2.8942661247e-22 0.0000000000e+00)
    (3.0253054571e-22 0.0000000000e+00)
    (3.1622776602e-22 0.0000000000e+00)
    (3.3054513476e-22 0.0000000000e+00)
    (3.4551072946e-22 0.0000000000e+00)
    (3.6115389887e-22 0.0000000000e+00)
    (3.7750532053e-22 0.0000000000e+00)
    (3.9459706091e-22 0.0000000000e+00)
    (4.1246263829e-22 0.0000000000e+00)
    (4.3113708854e-22 0.0000000000e+00)
    (4.5065703377e-22 0.0000000000e+00)
    (4.7106075420e-22 0.0000000000e+00)
    (4.9238826317e-22 0.0000000000e+00)
    (5.1468138568e-22 0.0000000000e+00)
    (5.3798384034e-22 0.0000000000e+00)
    (5.6234132519e-22 0.0000000000e+00)
    (5.8780160723e-22 0.0000000000e+00)
    (6.1441461614e-22 0.0000000000e+00)
    (6.4223254222e-22 0.0000000000e+00)
    (6.7130993868e-22 0.0000000000e+00)
    (7.0170382867e-22 0.0000000000e+00)
    (7.3347381708e-22 0.0000000000e+00)
    (7.6668220745e-22 0.0000000000e+00)
    (8.0139412415e-22 0.0000000000e+00)
    (8.3767764007e-22 0.0000000000e+00)
    (8.7560391014e-22 0.0000000000e+00)
    (9.1524731088e-22 0.0000000000e+00)
    (9.5668558622e-22 0.0000000000e+00)
    (1.0000000000e-21 0.0000000000e+00)
    (1.0452754953e-21 0.0000000000e+00)
    (1.0926008611e-21 0.0000000000e+00)
    (1.1420689063e-21 0.0000000000e+00)
    (1.1937766417e-21 0.0000000000e+00)
    (1.2478254705e-21 0.0000000000e+00)
    (1.3043213867e-21 0.0000000000e+00)
    (1.3633751836e-21 0.0000000000e+00)
    (1.4251026703e-21 0.0000000000e+00)
    (1.4896248996e-21 0.0000000000e+00)
    (1.5570684048e-21 0.0000000000e+00)
    (1.6275654480e-21 0.0000000000e+00)
    (1.7012542799e-21 0.0000000000e+00)
    (1.7782794100e-21 0.0000000000e+00)
    (1.8587918911e-21 0.0000000000e+00)
    (1.9429496147e-21 0.0000000000e+00)
    (2.0309176209e-21 0.0000000000e+00)
    (2.1228684221e-21 0.0000000000e+00)
    (2.2189823415e-21 0.0000000000e+00)
    (2.3194478661e-21 0.0000000000e+00)
    (2.4244620171e-21 0.0000000000e+00)
    (2.5342307358e-21 0.0000000000e+00)
    (2.6489692876e-21 0.0000000000e+00)
    (2.7689026842e-21 0.0000000000e+00)
    (2.8942661247e-21 0.0000000000e+00)
    (3.0253054571e-21 0.0000000000e+00)
    (3.1622776602e-21 0.0000000000e+00)
    (3.3054513476e-21 0.0000000000e+00)
    (3.4551072946e-21 0.0000000000e+00)
    (3.6115389887e-21 0.0000000000e+00)
    (3.7750532053e-21 0.0000000000e+00)
    (3.9459706091e-21 0.0000000000e+00)
    (4.1246263829e-21 0.0000000000e+00)
    (4.3113708854e-21 0.0000000000e+00)
    (4.5065703377e-21 0.0000000000e+00)
    (4.7106075420e-21 0.0000000000e+00)
    (4.9238826317e-21 0.0000000000e+00)
    (5.1468138568e-21 0.0000000000e+00)
    (5.3798384034e-21 0.0000000000e+00)
    (5.6234132519e-21 0.0000000000e+00)
    (5.8780160723e-21 0.0000000000e+00)
    (6.1441461614e-21 0.0000000000e+00)
    (6.4223254222e-21 0.0000000000e+00)
    (6.7130993868e-21 0.0000000000e+00)
    (7.0170382867e-21 0.0000000000e+00)
    (7.3347381708e-21 0.0000000000e+00)
    (7.6668220745e-21 0.0000000000e+00)
    (8.0139412415e-21 0.0000000000e+00)
    (8.3767764007e-21 0.0000000000e+00)
    (8.7560391014e-21 0.0000000000e+00)
    (9.1524731088e-21 0.0000000000e+00)
    (9.5668558622e-21 0.0000000000e+00)
    (1.0000000000e-20 0.0000000000e+00)
    (1.0452754953e-20 0.0000000000e+00)
    (1.0926008611e-20 0.0000000000e+00)
    (1.1420689063e-20 0.0000000000e+00)
    (1.1937766417e-20 0.0000000000e+00)
    (1.2478254705e-20 0.0000000000e+00)
    (1.3043213867e-20 0.0000000000e+00)
    (1.3633751836e-20 0.0000000000e+00)
    (1.4251026703e-20 0.0000000000e+00)
    (1.4896248996e-20 0.0000000000e+00)
    (1.5570684048e-20 0.0000000000e+00)
    (1.6275654480e-20 0.0000000000e+00)
    (1.7012542799e-20 0.0000000000e+00)
    (1.7782794100e-20 0.0000000000e+00)
    (1.8587918911e-20 0.0000000000e+00)
    (1.9429496147e-20 0.0000000000e+00)
    (2.0309176209e-20 0.0000000000e+00)
    (2.1228684221e-20 0.0000000000e+00)
    (2.2189823415e-20 0.0000000000e+00)
    (2.3194478661e-20 0.0000000000e+00)
    (2.4244620171e-20 0.0000000000e+00)
    (2.5342307358e-20 0.0000000000e+00)
    (2.6489692876e-20 0.0000000000e+00)
    (2.7689026842e-20 0.0000000000e+00)
    (2.8942661247e-20 4.3188829167e-24)
    (3.0253054571e-20 8.2787859213e-24)
    (3.1622776602e-20 1.5466782185e-23)
    (3.3054513476e-20 5.0498994642e-23)
    (3.4551072946e-20 9.2926558655e-23)
    (3.6115389887e-20 1.6678660851e-22)
    (3.7750532053e-20 2.9231954106e-22)
    (3.9459706091e-20 5.1289805054e-22)
    (4.1246263829e-20 8.6352119274e-22)
    (4.3113708854e-20 1.4242267943e-21)
    (4.5065703377e-20 2.3030604335e-21)
    (4.7106075420e-20 3.6539750342e-21)
    (4.9238826317e-20 5.7417400200e-21)
    (5.1468138568e-20 8.7848306526e-21)
    (5.3798384034e-20 1.3215458508e-20)
    (5.6234132519e-20 1.9557878038e-20)
    (5.8780160723e-20 2.8594184719e-20)
    (6.1441461614e-20 4.1006651336e-20)
    (6.4223254222e-20 5.7941660249e-20)
    (6.7130993868e-20 8.0701370993e-20)
    (7.0170382867e-20 1.1084431310e-19)
    (7.3347381708e-20 1.5060215767e-19)
    (7.6668220745e-20 2.0133865479e-19)
    (8.0139412415e-20 2.6581869967e-19)
    (8.3767764007e-20 3.4674105770e-19)
    (8.7560391014e-20 4.4708688623e-19)
    (9.1524731088e-20 5.7143854602e-19)
    (9.5668558622e-20 7.2078823438e-19)
    (1.0000000000e-19 9.0009506838e-19)
    (1.0452754953e-19 1.1133634737e-18)
    (1.0926008611e-19 1.3653305899e-18)
    (1.1420689063e-19 1.6595144713e-18)
    (1.1937766417e-19 2.0011128306e-18)
    (1.2478254705e-19 2.3951109670e-18)
    (1.3043213867e-19 2.8467679289e-18)
    (1.3633751836e-19 3.3634625556e-18)
    (1.4251026703e-19 3.9471362121e-18)
    (1.4896248996e-19 4.6060878064e-18)
    (1.5570684048e-19 5.3469052145e-18)
    (1.6275654480e-19 6.1765620293e-18)
    (1.7012542799e-19 7.1037059329e-18)
    (1.7782794100e-19 8.1334746592e-18)
    (1.8587918911e-19 9.2755618784e-18)
    (1.9429496147e-19 1.0538692687e-17)
    (2.0309176209e-19 1.1932057868e-17)
    (2.1228684221e-19 1.3465320331e-17)
    (2.2189823415e-19 1.5148613410e-17)
    (2.3194478661e-19 1.6992537517e-17)
    (2.4244620171e-19 1.9005445935e-17)
    (2.5342307358e-19 2.1205235606e-17)
    (2.6489692876e-19 2.3598747862e-17)
    (2.7689026842e-19 2.6202816861e-17)
    (2.8942661247e-19 2.9029957666e-17)
    (3.0253054571e-19 3.2093713579e-17)
    (3.1622776602e-19 3.5406286334e-17)
    (3.3054513476e-19 3.8985975415e-17)
    (3.4551072946e-19 4.2848585314e-17)
    (3.6115389887e-19 4.7046566160e-17)
    (3.7750532053e-19 5.1528398933e-17)
    (3.9459706091e-19 5.6346409655e-17)
    (4.1246263829e-19 6.1520133815e-17)
    (4.3113708854e-19 6.7070075829e-17)
    (4.5065703377e-19 7.3017751967e-17)
    (4.7106075420e-19 7.9336747627e-17)
    (4.9238826317e-19 8.6145526059e-17)
    (5.1468138568e-19 9.3426235522e-17)
    (5.3798384034e-19 1.0120257573e-16)
    (5.6234132519e-19 1.0946929961e-16)
    (5.8780160723e-19 1.1831367380e-16)
    (6.1441461614e-19 1.2774306395e-16)
    (6.4223254222e-19 1.5892761915e-16)
    (6.7130993868e-19 1.7231524439e-16)
    (7.0170382867e-19 1.8666866879e-16)
    (7.3347381708e-19 2.0204644808e-16)
    (7.6668220745e-19 2.1851103993e-16)
    (8.0139412415e-19 2.3605607571e-16)
    (8.3767764007e-19 2.5481795178e-16)
    (8.7560391014e-19 2.7480800236e-16)
    (9.1524731088e-19 2.9614101260e-16)
    (9.5668558622e-19 3.1885388605e-16)
    (1.0000000000e-18 3.4299895129e-16)
    (1.0452754953e-18 3.6866484004e-16)
    (1.0926008611e-18 3.9589469443e-16)
    (1.1420689063e-18 4.2476543692e-16)
    (1.1937766417e-18 4.5530578844e-16)
    (1.2478254705e-18 4.8757052688e-16)
    (1.3043213867e-18 5.2161288540e-16)
    (1.3633751836e-18 5.5734243060e-16)
    (1.4251026703e-18 5.9503492617e-16)
    (1.4896248996e-18 6.3458752914e-16)
    (1.5570684048e-18 6.7585797495e-16)
    (1.6275654480e-18 7.1914031482e-16)
    (1.7012542799e-18 7.6426870071e-16)
    (1.7782794100e-18 8.1125544621e-16)
    (1.8587918911e-18 8.5981268430e-16)
    (1.9429496147e-18 9.1021643047e-16)
    (2.0309176209e-18 9.6229463300e-16)
    (2.1228684221e-18 1.0156173780e-15)
    (2.2189823415e-18 1.0705722095e-15)
    (2.3194478661e-18 1.1268672559e-15)
    (2.4244620171e-18 1.1839279052e-15)
    (2.5342307358e-18 1.2422687859e-15)
    (2.6489692876e-18 1.3009790476e-15)
    (2.7689026842e-18 1.3556766997e-15)
    (2.8942661247e-18 1.4208466072e-15)
    (3.0253054571e-18 1.4807021981e-15)
    (3.1622776602e-18 1.5360010823e-15)
    (3.3054513476e-18 1.6009513029e-15)
    (3.4551072946e-18 1.6558163601e-15)
    (3.6115389887e-18 1.7185220704e-15)
    (3.7750532053e-18 1.7753110982e-15)
    (3.9459706091e-18 1.8260891792e-15)
    (4.1246263829e-18 1.8863095280e-15)
    (4.3113708854e-18 1.9348613774e-15)
    (4.5065703377e-18 1.9905261313e-15)
    (4.7106075420e-18 2.0385181941e-15)
    (4.9238826317e-18 2.0849833121e-15)
    (5.1468138568e-18 2.1282508435e-15)
    (5.3798384034e-18 2.1692040897e-15)
    (5.6234132519e-18 2.2062018426e-15)
    (5.8780160723e-18 2.2409245719e-15)
    (6.1441461614e-18 2.2715237057e-15)
    (6.4223254222e-18 2.2993609819e-15)
    (6.7130993868e-18 2.3234645427e-15)
    (7.0170382867e-18 2.3429874825e-15)
    (7.3347381708e-18 2.3594288995e-15)
    (7.6668220745e-18 2.3674634164e-15)
    (8.0139412415e-18 2.3739999150e-15)
    (8.3767764007e-18 2.3792239017e-15)
    (8.7560391014e-18 2.3833339083e-15)
    (9.1524731088e-18 2.3760079454e-15)
    (9.5668558622e-18 2.3697486486e-15)
    (1.0000000000e-17 2.3543984832e-15)
);
