// k[EI_N2_ION_N2] [m^3/s] vs reducedE [V m^2]; air_plasma [94c490be646f8872], T_gas = 300.000000 K
(
    (0 0.0000000000e+00)
    (1.0000000000e-22 0.0000000000e+00)
    (1.0452754953e-22 0.0000000000e+00)
    (1.0926008611e-22 0.0000000000e+00)
    (1.1420689063e-22 0.0000000000e+00)
    (1.1937766417e-22 0.0000000000e+00)
    (1.2478254705e-22 0.0000000000e+00)
    (1.3043213867e-22 0.0000000000e+00)
    (1.3633751836e-22 0.0000000000e+00)
    (1.4251026703e-22 0.0000000000e+00)
    (1.4896248996e-22 0.0000000000e+00)
    (1.5570684048e-22 0.0000000000e+00)
    (1.6275654480e-22 0.0000000000e+00)
    (1.7012542799e-22 0.0000000000e+00)
    (1.7782794100e-22 0.0000000000e+00)
    (1.8587918911e-22 0.0000000000e+00)
    (1.9429496147e-22 0.0000000000e+00)
    (2.0309176209e-22 0.0000000000e+00)
    (2.1228684221e-22 0.0000000000e+00)
    (2.2189823415e-22 0.0000000000e+00)
    (2.3194478661e-22 0.0000000000e+00)
    (2.4244620171e-22 0.0000000000e+00)
    (2.5342307358e-22 0.0000000000e+00)
    (2.6489692876e-22 0.0000000000e+00)
    (2.7689026842e-22 0.0000000000e+00)
    (2.8942661247e-22 0.0000000000e+00)
    (3.0253054571e-22 0.0000000000e+00)
    (3.1622776602e-22 0.0000000000e+00)
    (3.3054513476e-22 0.0000000000e+00)
    (3.4551072946e-22 0.0000000000e+00)
    (3.6115389887e-22 0.0000000000e+00)
    (3.7750532053e-22 0.0000000000e+00)
    (3.9459706091e-22 0.0000000000e+00)
    (4.1246263829e-22 0.0000000000e+00)
    (4.3113708854e-22 0.0000000000e+00)
    (4.5065703377e-22 0.0000000000e+00)
    (4.7106075420e-22 0.0000000000e+00)
    (4.9238826317e-22 0.0000000000e+00)
    (5.1468138568e-22 0.0000000000e+00)
    (5.3798384034e-22 0.0000000000e+00)
    (5.6234132519e-22 0.0000000000e+00)
    (5.8780160723e-22 0.0000000000e+00)
    (6.1441461614e-22 0.0000000000e+00)
    (6.4223254222e-22 0.0000000000e+00)
    (6.7130993868e-22 0.0000000000e+00)
    (7.0170382867e-22 0.0000000000e+00)
    (7.3347381708e-22 0.0000000000e+00)
    (7.6668220745e-22 0.0000000000e+00)
    (8.0139412415e-22 0.0000000000e+00)
    (8.3767764007e-22 0.0000000000e+00)
    (8.7560391014e-22 0.0000000000e+00)
    (9.1524731088e-22 0.0000000000e+00)
    (9.5668558622e-22 0.0000000000e+00)
    (1.0000000000e-21 0.0000000000e+00)
    (1.0452754953e-21 0.0000000000e+00)
    (1.0926008611e-21 0.0000000000e+00)
    (1.1420689063e-21 0.0000000000e+00)
    (1.1937766417e-21 0.0000000000e+00)
    (1.2478254705e-21 0.0000000000e+00)
    (1.3043213867e-21 0.0000000000e+00)
    (1.3633751836e-21 0.0000000000e+00)
    (1.4251026703e-21 0.0000000000e+00)
    (1.4896248996e-21 0.0000000000e+00)
    (1.5570684048e-21 0.0000000000e+00)
    (1.6275654480e-21 0.0000000000e+00)
    (1.7012542799e-21 0.0000000000e+00)
    (1.7782794100e-21 0.0000000000e+00)
    (1.8587918911e-21 0.0000000000e+00)
    (1.9429496147e-21 0.0000000000e+00)
    (2.0309176209e-21 0.0000000000e+00)
    (2.1228684221e-21 0.0000000000e+00)
    (2.2189823415e-21 0.0000000000e+00)
    (2.3194478661e-21 0.0000000000e+00)
    (2.4244620171e-21 0.0000000000e+00)
    (2.5342307358e-21 0.0000000000e+00)
    (2.6489692876e-21 0.0000000000e+00)
    (2.7689026842e-21 0.0000000000e+00)
    (2.8942661247e-21 0.0000000000e+00)
    (3.0253054571e-21 0.0000000000e+00)
    (3.1622776602e-21 0.0000000000e+00)
    (3.3054513476e-21 0.0000000000e+00)
    (3.4551072946e-21 0.0000000000e+00)
    (3.6115389887e-21 0.0000000000e+00)
    (3.7750532053e-21 0.0000000000e+00)
    (3.9459706091e-21 0.0000000000e+00)
    (4.1246263829e-21 0.0000000000e+00)
    (4.3113708854e-21 0.0000000000e+00)
    (4.5065703377e-21 0.0000000000e+00)
    (4.7106075420e-21 0.0000000000e+00)
    (4.9238826317e-21 0.0000000000e+00)
    (5.1468138568e-21 0.0000000000e+00)
    (5.3798384034e-21 0.0000000000e+00)
    (5.6234132519e-21 0.0000000000e+00)
    (5.8780160723e-21 0.0000000000e+00)
    (6.1441461614e-21 0.0000000000e+00)
    (6.4223254222e-21 0.0000000000e+00)
    (6.7130993868e-21 0.0000000000e+00)
    (7.0170382867e-21 0.0000000000e+00)
    (7.3347381708e-21 0.0000000000e+00)
    (7.6668220745e-21 0.0000000000e+00)
    (8.0139412415e-21 0.0000000000e+00)
    (8.3767764007e-21 0.0000000000e+00)
    (8.7560391014e-21 0.0000000000e+00)
    (9.1524731088e-21 0.0000000000e+00)
    (9.5668558622e-21 0.0000000000e+00)
    (1.0000000000e-20 0.0000000000e+00)
    (1.0452754953e-20 0.0000000000e+00)
    (1.0926008611e-20 0.0000000000e+00)
    (1.1420689063e-20 0.0000000000e+00)
    (1.1937766417e-20 0.0000000000e+00)
    (1.2478254705e-20 0.0000000000e+00)
    (1.3043213867e-20 0.0000000000e+00)
    (1.3633751836e-20 0.0000000000e+00)
    (1.4251026703e-20 0.0000000000e+00)
    (1.4896248996e-20 0.0000000000e+00)
    (1.5570684048e-20 0.0000000000e+00)
    (1.6275654480e-20 0.0000000000e+00)
    (1.7012542799e-20 0.0000000000e+00)
    (1.7782794100e-20 0.0000000000e+00)
    (1.8587918911e-20 0.0000000000e+00)
    (1.9429496147e-20 0.0000000000e+00)
    (2.0309176209e-20 0.0000000000e+00)
    (2.1228684221e-20 0.0000000000e+00)
    (2.2189823415e-20 0.0000000000e+00)
    (2.3194478661e-20 0.0000000000e+00)
    (2.4244620171e-20 0.0000000000e+00)
    (2.5342307358e-20 0.0000000000e+00)
    (2.6489692876e-20 0.0000000000e+00)
    (2.7689026842e-20 0.0000000000e+00)
    (2.8942661247e-20 0.0000000000e+00)
    (3.0253054571e-20 0.0000000000e+00)
    (3.1622776602e-20 0.0000000000e+00)
    (3.3054513476e-20 0.0000000000e+00)
    (3.4551072946e-20 0.0000000000e+00)
    (3.6115389887e-20 0.0000000000e+00)
    (3.7750532053e-20 0.0000000000e+00)
    (3.9459706091e-20 0.0000000000e+00)
    (4.1246263829e-20 0.0000000000e+00)
    (4.3113708854e-20 0.0000000000e+00)
    (4.5065703377e-20 0.0000000000e+00)
    (4.7106075420e-20 0.0000000000e+00)
    (4.9238826317e-20 6.9894963838e-23)
    (5.1468138568e-20 1.4105009878e-22)
    (5.3798384034e-20 2.7352728581e-22)
    (5.6234132519e-20 5.1285401937e-22)
    (5.8780160723e-20 1.9639049588e-21)
    (6.1441461614e-20 3.7121283800e-21)
    (6.4223254222e-20 6.7713273069e-21)
    (6.7130993868e-20 1.1983399518e-20)
    (7.0170382867e-20 2.0636365204e-20)
    (7.3347381708e-20 3.7579360912e-20)
    (7.6668220745e-20 6.1963089259e-20)
    (8.0139412415e-20 1.0016306921e-19)
    (8.3767764007e-20 1.5876862470e-19)
    (8.7560391014e-20 2.4687528385e-19)
    (9.1524731088e-20 3.8047157275e-19)
    (9.5668558622e-20 5.7149056723e-19)
    (1.0000000000e-19 8.4405999236e-19)
    (1.0452754953e-19 1.2266438275e-18)
    (1.0926008611e-19 1.7569833732e-18)
    (1.1420689063e-19 2.4790371847e-18)
    (1.1937766417e-19 3.4494085301e-18)
    (1.2478254705e-19 4.7366289138e-18)
    (1.3043213867e-19 6.4233194296e-18)
    (1.3633751836e-19 8.6110190278e-18)
    (1.4251026703e-19 1.1411029661e-17)
    (1.4896248996e-19 1.4963545732e-17)
    (1.5570684048e-19 1.9427891243e-17)
    (1.6275654480e-19 2.4987667312e-17)
    (1.7012542799e-19 3.1867077643e-17)
    (1.7782794100e-19 4.0278924999e-17)
    (1.8587918911e-19 5.0505583419e-17)
    (1.9429496147e-19 6.2849375859e-17)
    (2.0309176209e-19 7.7646844118e-17)
    (2.1228684221e-19 9.5270206403e-17)
    (2.2189823415e-19 1.1612834054e-16)
    (2.3194478661e-19 1.4066747138e-16)
    (2.4244620171e-19 1.6931714224e-16)
    (2.5342307358e-19 2.0272918392e-16)
    (2.6489692876e-19 2.4136916856e-16)
    (2.7689026842e-19 2.8589792185e-16)
    (2.8942661247e-19 3.3697380175e-16)
    (3.0253054571e-19 3.9526534911e-16)
    (3.1622776602e-19 4.6145193411e-16)
    (3.3054513476e-19 5.3631569442e-16)
    (3.4551072946e-19 6.2068192482e-16)
    (3.6115389887e-19 7.1631496975e-16)
    (3.7750532053e-19 8.2231291817e-16)
    (3.9459706091e-19 9.4042080621e-16)
    (4.1246263829e-19 1.0715743679e-15)
    (4.3113708854e-19 1.2167405079e-15)
    (4.5065703377e-19 1.3769160603e-15)
    (4.7106075420e-19 1.5517908150e-15)
    (4.9238826317e-19 1.7449705005e-15)
    (5.1468138568e-19 1.9564269145e-15)
    (5.3798384034e-19 2.1871866097e-15)
    (5.6234132519e-19 2.4375062814e-15)
    (5.8780160723e-19 2.7100737411e-15)
    (6.1441461614e-19 3.0055443668e-15)
    (6.4223254222e-19 3.9936802819e-15)
    (6.7130993868e-19 4.4347758145e-15)
    (7.0170382867e-19 4.9128904005e-15)
    (7.3347381708e-19 5.4302508700e-15)
    (7.6668220745e-19 5.9889895236e-15)
    (8.0139412415e-19 6.5891224012e-15)
    (8.3767764007e-19 7.2347884546e-15)
    (8.7560391014e-19 7.9271621891e-15)
    (9.1524731088e-19 8.6687746758e-15)
    (9.5668558622e-19 9.4614203496e-15)
    (1.0000000000e-18 1.0307642870e-14)
    (1.0452754953e-18 1.1208707427e-14)
    (1.0926008611e-18 1.2166839925e-14)
    (1.1420689063e-18 1.3186078350e-14)
    (1.1937766417e-18 1.4264842756e-14)
    (1.2478254705e-18 1.5406463836e-14)
    (1.3043213867e-18 1.6613241728e-14)
    (1.3633751836e-18 1.7884379385e-14)
    (1.4251026703e-18 1.9226240002e-14)
    (1.4896248996e-18 2.0638256094e-14)
    (1.5570684048e-18 2.2118763464e-14)
    (1.6275654480e-18 2.3675199325e-14)
    (1.7012542799e-18 2.5305808647e-14)
    (1.7782794100e-18 2.7014064374e-14)
    (1.8587918911e-18 2.8791788248e-14)
    (1.9429496147e-18 3.0650117676e-14)
    (2.0309176209e-18 3.2588775601e-14)
    (2.1228684221e-18 3.4594063369e-14)
    (2.2189823415e-18 3.6684181950e-14)
    (2.3194478661e-18 3.8855782865e-14)
    (2.4244620171e-18 4.1088091061e-14)
    (2.5342307358e-18 4.3408334328e-14)
    (2.6489692876e-18 4.5788808496e-14)
    (2.7689026842e-18 4.8006727761e-14)
    (2.8942661247e-18 5.0798442170e-14)
    (3.0253054571e-18 5.3391295418e-14)
    (3.1622776602e-18 5.5794527618e-14)
    (3.3054513476e-18 5.8817087611e-14)
    (3.4551072946e-18 6.1344579156e-14)
    (3.6115389887e-18 6.4463577694e-14)
    (3.7750532053e-18 6.7347345579e-14)
    (3.9459706091e-18 6.9956505053e-14)
    (4.1246263829e-18 7.3328023945e-14)
    (4.3113708854e-18 7.6063589118e-14)
    (4.5065703377e-18 7.9502339834e-14)
    (4.7106075420e-18 8.2594565046e-14)
    (4.9238826317e-18 8.5766499993e-14)
    (5.1468138568e-18 8.8927114693e-14)
    (5.3798384034e-18 9.2140940692e-14)
    (5.6234132519e-18 9.5310824254e-14)
    (5.8780160723e-18 9.8543556885e-14)
    (6.1441461614e-18 1.0172100587e-13)
    (6.4223254222e-18 1.0494629759e-13)
    (6.7130993868e-18 1.0815770978e-13)
    (7.0170382867e-18 1.1128014864e-13)
    (7.3347381708e-18 1.1444128419e-13)
    (7.6668220745e-18 1.1700398638e-13)
    (8.0139412415e-18 1.1991349051e-13)
    (8.3767764007e-18 1.2298739604e-13)
    (8.7560391014e-18 1.2653198708e-13)
    (9.1524731088e-18 1.2884974069e-13)
    (9.5668558622e-18 1.3220706656e-13)
    (1.0000000000e-17 1.3434528770e-13)
);
