// k[EI_O_EXC_O_1D] [m^3/s] vs reducedE [V m^2]; air_plasma [94c490be646f8872], T_gas = 300.000000 K
(
    (0 0.0000000000e+00)
    (1.0000000000e-22 0.0000000000e+00)
    (1.0452754953e-22 0.0000000000e+00)
    (1.0926008611e-22 0.0000000000e+00)
    (1.1420689063e-22 0.0000000000e+00)
    (1.1937766417e-22 0.0000000000e+00)
    (1.2478254705e-22 0.0000000000e+00)
    (1.3043213867e-22 0.0000000000e+00)
    (1.3633751836e-22 0.0000000000e+00)
    (1.4251026703e-22 0.0000000000e+00)
    (1.4896248996e-22 0.0000000000e+00)
    (1.5570684048e-22 0.0000000000e+00)
    (1.6275654480e-22 0.0000000000e+00)
    (1.7012542799e-22 0.0000000000e+00)
    (1.7782794100e-22 0.0000000000e+00)
    (1.8587918911e-22 0.0000000000e+00)
    (1.9429496147e-22 0.0000000000e+00)
    (2.0309176209e-22 0.0000000000e+00)
    (2.1228684221e-22 0.0000000000e+00)
    (2.2189823415e-22 0.0000000000e+00)
    (2.3194478661e-22 0.0000000000e+00)
    (2.4244620171e-22 0.0000000000e+00)
    (2.5342307358e-22 0.0000000000e+00)
    (2.6489692876e-22 0.0000000000e+00)
    (2.7689026842e-22 0.0000000000e+00)
    (2.8942661247e-22 0.0000000000e+00)
    (3.0253054571e-22 0.0000000000e+00)
    (3.1622776602e-22 0.0000000000e+00)
    (3.3054513476e-22 0.0000000000e+00)
    (3.4551072946e-22 0.0000000000e+00)
    (3.6115389887e-22 0.0000000000e+00)
    (3.7750532053e-22 0.0000000000e+00)
    (3.9459706091e-22 0.0000000000e+00)
    (4.1246263829e-22 0.0000000000e+00)
    (4.3113708854e-22 0.0000000000e+00)
    (4.5065703377e-22 0.0000000000e+00)
    (4.7106075420e-22 0.0000000000e+00)
    (4.9238826317e-22 0.0000000000e+00)
    (5.1468138568e-22 0.0000000000e+00)
    (5.3798384034e-22 0.0000000000e+00)
    (5.6234132519e-22 0.0000000000e+00)
    (5.8780160723e-22 0.0000000000e+00)
    (6.1441461614e-22 0.0000000000e+00)
    (6.4223254222e-22 0.0000000000e+00)
    (6.7130993868e-22 0.0000000000e+00)
    (7.0170382867e-22 0.0000000000e+00)
    (7.3347381708e-22 0.0000000000e+00)
    (7.6668220745e-22 0.0000000000e+00)
    (8.0139412415e-22 0.0000000000e+00)
    (8.3767764007e-22 0.0000000000e+00)
    (8.7560391014e-22 0.0000000000e+00)
    (9.1524731088e-22 0.0000000000e+00)
    (9.5668558622e-22 0.0000000000e+00)
    (1.0000000000e-21 0.0000000000e+00)
    (1.0452754953e-21 0.0000000000e+00)
    (1.0926008611e-21 0.0000000000e+00)
    (1.1420689063e-21 0.0000000000e+00)
    (1.1937766417e-21 0.0000000000e+00)
    (1.2478254705e-21 0.0000000000e+00)
    (1.3043213867e-21 0.0000000000e+00)
    (1.3633751836e-21 0.0000000000e+00)
    (1.4251026703e-21 0.0000000000e+00)
    (1.4896248996e-21 0.0000000000e+00)
    (1.5570684048e-21 0.0000000000e+00)
    (1.6275654480e-21 0.0000000000e+00)
    (1.7012542799e-21 0.0000000000e+00)
    (1.7782794100e-21 3.7922454901e-28)
    (1.8587918911e-21 7.5531774421e-28)
    (1.9429496147e-21 1.6759638222e-27)
    (2.0309176209e-21 4.4302404680e-27)
    (2.1228684221e-21 9.9827807599e-27)
    (2.2189823415e-21 2.4016744617e-26)
    (2.3194478661e-21 5.4595724789e-26)
    (2.4244620171e-21 1.3301487486e-25)
    (2.5342307358e-21 2.8146979340e-25)
    (2.6489692876e-21 5.4586104443e-25)
    (2.7689026842e-21 1.0125685210e-24)
    (2.8942661247e-21 1.8254582106e-24)
    (3.0253054571e-21 3.2189817552e-24)
    (3.1622776602e-21 5.5646191960e-24)
    (3.3054513476e-21 9.4360754029e-24)
    (3.4551072946e-21 1.5697069424e-23)
    (3.6115389887e-21 2.5615152688e-23)
    (3.7750532053e-21 4.1006596203e-23)
    (3.9459706091e-21 6.4411955331e-23)
    (4.1246263829e-21 9.9304137869e-23)
    (4.3113708854e-21 1.5032584817e-22)
    (4.5065703377e-21 2.2355134379e-22)
    (4.7106075420e-21 3.2676457231e-22)
    (4.9238826317e-21 4.6494702262e-22)
    (5.1468138568e-21 6.6970995085e-22)
    (5.3798384034e-21 9.5177186398e-22)
    (5.6234132519e-21 1.3354129308e-21)
    (5.8780160723e-21 1.8510664243e-21)
    (6.1441461614e-21 2.5363791149e-21)
    (6.4223254222e-21 3.4374797207e-21)
    (6.7130993868e-21 4.6105946053e-21)
    (7.0170382867e-21 6.1236805582e-21)
    (7.3347381708e-21 8.0583258191e-21)
    (7.6668220745e-21 1.0511905948e-20)
    (8.0139412415e-21 1.3600015788e-20)
    (8.3767764007e-21 1.7459207398e-20)
    (8.7560391014e-21 2.2250060065e-20)
    (9.1524731088e-21 2.8160603140e-20)
    (9.5668558622e-21 3.5410103512e-20)
    (1.0000000000e-20 4.4253216588e-20)
    (1.0452754953e-20 5.4984482364e-20)
    (1.0926008611e-20 6.7943128237e-20)
    (1.1420689063e-20 8.3518104666e-20)
    (1.1937766417e-20 1.0231149257e-19)
    (1.2478254705e-20 1.2465266702e-19)
    (1.3043213867e-20 1.5124422303e-19)
    (1.3633751836e-20 1.8279812058e-19)
    (1.4251026703e-20 2.2013540877e-19)
    (1.4896248996e-20 2.6420245207e-19)
    (1.5570684048e-20 3.1608943743e-19)
    (1.6275654480e-20 3.7705133395e-19)
    (1.7012542799e-20 4.4853142133e-19)
    (1.7782794100e-20 5.3218734665e-19)
    (1.8587918911e-20 6.2991971920e-19)
    (1.9429496147e-20 7.4658921345e-19)
    (2.0309176209e-20 8.8115296870e-19)
    (2.1228684221e-20 1.0383988568e-18)
    (2.2189823415e-20 1.2694360985e-18)
    (2.3194478661e-20 1.5187051737e-18)
    (2.4244620171e-20 1.8278827043e-18)
    (2.5342307358e-20 2.2172182323e-18)
    (2.6489692876e-20 2.7149290990e-18)
    (2.7689026842e-20 3.3051346948e-18)
    (2.8942661247e-20 4.1161004797e-18)
    (3.0253054571e-20 5.1594880020e-18)
    (3.1622776602e-20 6.5283696152e-18)
    (3.3054513476e-20 8.3934918325e-18)
    (3.4551072946e-20 1.0779135515e-17)
    (3.6115389887e-20 1.3905303917e-17)
    (3.7750532053e-20 1.7981391082e-17)
    (3.9459706091e-20 2.3375363913e-17)
    (4.1246263829e-20 3.0183303671e-17)
    (4.3113708854e-20 3.8850239013e-17)
    (4.5065703377e-20 4.9777206669e-17)
    (4.7106075420e-20 6.3412352711e-17)
    (4.9238826317e-20 8.0823144068e-17)
    (5.1468138568e-20 1.0144639287e-16)
    (5.3798384034e-20 1.2632533289e-16)
    (5.6234132519e-20 1.5599400445e-16)
    (5.8780160723e-20 1.9159008029e-16)
    (6.1441461614e-20 2.3235964824e-16)
    (6.4223254222e-20 2.7926925659e-16)
    (6.7130993868e-20 3.3260077686e-16)
    (7.0170382867e-20 3.9251012176e-16)
    (7.3347381708e-20 4.6000110769e-16)
    (7.6668220745e-20 5.3287866113e-16)
    (8.0139412415e-20 6.1187303107e-16)
    (8.3767764007e-20 6.9652366733e-16)
    (8.7560391014e-20 7.8623005478e-16)
    (9.1524731088e-20 8.8221499633e-16)
    (9.5668558622e-20 9.7973056894e-16)
    (1.0000000000e-19 1.0799042144e-15)
    (1.0452754953e-19 1.1818559839e-15)
    (1.0926008611e-19 1.2851901713e-15)
    (1.1420689063e-19 1.3880931626e-15)
    (1.1937766417e-19 1.4903066315e-15)
    (1.2478254705e-19 1.5911391919e-15)
    (1.3043213867e-19 1.6899882038e-15)
    (1.3633751836e-19 1.7873684444e-15)
    (1.4251026703e-19 1.8806033210e-15)
    (1.4896248996e-19 1.9706288776e-15)
    (1.5570684048e-19 2.0572027428e-15)
    (1.6275654480e-19 2.1401563149e-15)
    (1.7012542799e-19 2.2196934663e-15)
    (1.7782794100e-19 2.2950599430e-15)
    (1.8587918911e-19 2.3666597480e-15)
    (1.9429496147e-19 2.4345226540e-15)
    (2.0309176209e-19 2.4987063619e-15)
    (2.1228684221e-19 2.5592894228e-15)
    (2.2189823415e-19 2.6163651697e-15)
    (2.3194478661e-19 2.6700366196e-15)
    (2.4244620171e-19 2.7199825695e-15)
    (2.5342307358e-19 2.7671779058e-15)
    (2.6489692876e-19 2.8110300777e-15)
    (2.7689026842e-19 2.8521874185e-15)
    (2.8942661247e-19 2.8904814940e-15)
    (3.0253054571e-19 2.9260110648e-15)
    (3.1622776602e-19 2.9588182126e-15)
    (3.3054513476e-19 2.9890643189e-15)
    (3.4551072946e-19 3.0168077233e-15)
    (3.6115389887e-19 3.0430482737e-15)
    (3.7750532053e-19 3.0658888315e-15)
    (3.9459706091e-19 3.0864404511e-15)
    (4.1246263829e-19 3.1047580229e-15)
    (4.3113708854e-19 3.1208915125e-15)
    (4.5065703377e-19 3.1348863430e-15)
    (4.7106075420e-19 3.1458603626e-15)
    (4.9238826317e-19 3.1557553066e-15)
    (5.1468138568e-19 3.1636181781e-15)
    (5.3798384034e-19 3.1694838828e-15)
    (5.6234132519e-19 3.1727450799e-15)
    (5.8780160723e-19 3.1747419892e-15)
    (6.1441461614e-19 3.1748168310e-15)
    (6.4223254222e-19 3.1769693003e-15)
    (6.7130993868e-19 3.1685356481e-15)
    (7.0170382867e-19 3.1583329132e-15)
    (7.3347381708e-19 3.1458275125e-15)
    (7.6668220745e-19 3.1310351286e-15)
    (8.0139412415e-19 3.1136767050e-15)
    (8.3767764007e-19 3.0944295270e-15)
    (8.7560391014e-19 3.0720902105e-15)
    (9.1524731088e-19 3.0485514019e-15)
    (9.5668558622e-19 3.0228762534e-15)
    (1.0000000000e-18 2.9946522674e-15)
    (1.0452754953e-18 2.9648264289e-15)
    (1.0926008611e-18 2.9329911973e-15)
    (1.1420689063e-18 2.8987234081e-15)
    (1.1937766417e-18 2.8630083171e-15)
    (1.2478254705e-18 2.8254440893e-15)
    (1.3043213867e-18 2.7860791125e-15)
    (1.3633751836e-18 2.7441571736e-15)
    (1.4251026703e-18 2.7014617446e-15)
    (1.4896248996e-18 2.6571597390e-15)
    (1.5570684048e-18 2.6105607824e-15)
    (1.6275654480e-18 2.5633387113e-15)
    (1.7012542799e-18 2.5147380098e-15)
    (1.7782794100e-18 2.4647949585e-15)
    (1.8587918911e-18 2.4132094817e-15)
    (1.9429496147e-18 2.3610272598e-15)
    (2.0309176209e-18 2.3077622366e-15)
    (2.1228684221e-18 2.2533220683e-15)
    (2.2189823415e-18 2.1983669271e-15)
    (2.3194478661e-18 2.1426038085e-15)
    (2.4244620171e-18 2.0857441222e-15)
    (2.5342307358e-18 2.0289330042e-15)
    (2.6489692876e-18 1.9710078460e-15)
    (2.7689026842e-18 1.9107933568e-15)
    (2.8942661247e-18 1.8557637107e-15)
    (3.0253054571e-18 1.7973688064e-15)
    (3.1622776602e-18 1.7366841657e-15)
    (3.3054513476e-18 1.6816700933e-15)
    (3.4551072946e-18 1.6220670223e-15)
    (3.6115389887e-18 1.5663500796e-15)
    (3.7750532053e-18 1.5092651622e-15)
    (3.9459706091e-18 1.4500412553e-15)
    (4.1246263829e-18 1.3959037298e-15)
    (4.3113708854e-18 1.3393328893e-15)
    (4.5065703377e-18 1.2858172475e-15)
    (4.7106075420e-18 1.2317436911e-15)
    (4.9238826317e-18 1.1786335014e-15)
    (5.1468138568e-18 1.1258983282e-15)
    (5.3798384034e-18 1.0746898087e-15)
    (5.6234132519e-18 1.0242896953e-15)
    (5.8780160723e-18 9.7518151983e-16)
    (6.1441461614e-18 9.2680824537e-16)
    (6.4223254222e-18 8.8000268877e-16)
    (6.7130993868e-18 8.3435888179e-16)
    (7.0170382867e-18 7.8984121225e-16)
    (7.3347381708e-18 7.4672312796e-16)
    (7.6668220745e-18 7.0378460416e-16)
    (8.0139412415e-18 6.6344195936e-16)
    (8.3767764007e-18 6.2448739495e-16)
    (8.7560391014e-18 5.8677005518e-16)
    (9.1524731088e-18 5.4891414335e-16)
    (9.5668558622e-18 5.1513840324e-16)
    (1.0000000000e-17 4.7999692010e-16)
);
