// k[EI_N2_EXC_N2_A3_V5_9] [m^3/s] vs reducedE [V m^2]; air_plasma [94c490be646f8872], T_gas = 300.000000 K
(
    (0 0.0000000000e+00)
    (1.0000000000e-22 0.0000000000e+00)
    (1.0452754953e-22 0.0000000000e+00)
    (1.0926008611e-22 0.0000000000e+00)
    (1.1420689063e-22 0.0000000000e+00)
    (1.1937766417e-22 0.0000000000e+00)
    (1.2478254705e-22 0.0000000000e+00)
    (1.3043213867e-22 0.0000000000e+00)
    (1.3633751836e-22 0.0000000000e+00)
    (1.4251026703e-22 0.0000000000e+00)
    (1.4896248996e-22 0.0000000000e+00)
    (1.5570684048e-22 0.0000000000e+00)
    (1.6275654480e-22 0.0000000000e+00)
    (1.7012542799e-22 0.0000000000e+00)
    (1.7782794100e-22 0.0000000000e+00)
    (1.8587918911e-22 0.0000000000e+00)
    (1.9429496147e-22 0.0000000000e+00)
    (2.0309176209e-22 0.0000000000e+00)
    (2.1228684221e-22 0.0000000000e+00)
    (2.2189823415e-22 0.0000000000e+00)
    (2.3194478661e-22 0.0000000000e+00)
    (2.4244620171e-22 0.0000000000e+00)
    (2.5342307358e-22 0.0000000000e+00)
    (2.6489692876e-22 0.0000000000e+00)
    (2.7689026842e-22 0.0000000000e+00)
    (2.8942661247e-22 0.0000000000e+00)
    (3.0253054571e-22 0.0000000000e+00)
    (3.1622776602e-22 0.0000000000e+00)
    (3.3054513476e-22 0.0000000000e+00)
    (3.4551072946e-22 0.0000000000e+00)
    (3.6115389887e-22 0.0000000000e+00)
    (3.7750532053e-22 0.0000000000e+00)
    (3.9459706091e-22 0.0000000000e+00)
    (4.1246263829e-22 0.0000000000e+00)
    (4.3113708854e-22 0.0000000000e+00)
    (4.5065703377e-22 0.0000000000e+00)
    (4.7106075420e-22 0.0000000000e+00)
    (4.9238826317e-22 0.0000000000e+00)
    (5.1468138568e-22 0.0000000000e+00)
    (5.3798384034e-22 0.0000000000e+00)
    (5.6234132519e-22 0.0000000000e+00)
    (5.8780160723e-22 0.0000000000e+00)
    (6.1441461614e-22 0.0000000000e+00)
    (6.4223254222e-22 0.0000000000e+00)
    (6.7130993868e-22 0.0000000000e+00)
    (7.0170382867e-22 0.0000000000e+00)
    (7.3347381708e-22 0.0000000000e+00)
    (7.6668220745e-22 0.0000000000e+00)
    (8.0139412415e-22 0.0000000000e+00)
    (8.3767764007e-22 0.0000000000e+00)
    (8.7560391014e-22 0.0000000000e+00)
    (9.1524731088e-22 0.0000000000e+00)
    (9.5668558622e-22 0.0000000000e+00)
    (1.0000000000e-21 0.0000000000e+00)
    (1.0452754953e-21 0.0000000000e+00)
    (1.0926008611e-21 0.0000000000e+00)
    (1.1420689063e-21 0.0000000000e+00)
    (1.1937766417e-21 0.0000000000e+00)
    (1.2478254705e-21 0.0000000000e+00)
    (1.3043213867e-21 0.0000000000e+00)
    (1.3633751836e-21 0.0000000000e+00)
    (1.4251026703e-21 0.0000000000e+00)
    (1.4896248996e-21 0.0000000000e+00)
    (1.5570684048e-21 0.0000000000e+00)
    (1.6275654480e-21 0.0000000000e+00)
    (1.7012542799e-21 0.0000000000e+00)
    (1.7782794100e-21 0.0000000000e+00)
    (1.8587918911e-21 0.0000000000e+00)
    (1.9429496147e-21 0.0000000000e+00)
    (2.0309176209e-21 0.0000000000e+00)
    (2.1228684221e-21 0.0000000000e+00)
    (2.2189823415e-21 0.0000000000e+00)
    (2.3194478661e-21 0.0000000000e+00)
    (2.4244620171e-21 0.0000000000e+00)
    (2.5342307358e-21 0.0000000000e+00)
    (2.6489692876e-21 0.0000000000e+00)
    (2.7689026842e-21 0.0000000000e+00)
    (2.8942661247e-21 0.0000000000e+00)
    (3.0253054571e-21 0.0000000000e+00)
    (3.1622776602e-21 0.0000000000e+00)
    (3.3054513476e-21 0.0000000000e+00)
    (3.4551072946e-21 0.0000000000e+00)
    (3.6115389887e-21 0.0000000000e+00)
    (3.7750532053e-21 0.0000000000e+00)
    (3.9459706091e-21 0.0000000000e+00)
    (4.1246263829e-21 0.0000000000e+00)
    (4.3113708854e-21 0.0000000000e+00)
    (4.5065703377e-21 0.0000000000e+00)
    (4.7106075420e-21 0.0000000000e+00)
    (4.9238826317e-21 0.0000000000e+00)
    (5.1468138568e-21 0.0000000000e+00)
    (5.3798384034e-21 0.0000000000e+00)
    (5.6234132519e-21 0.0000000000e+00)
    (5.8780160723e-21 0.0000000000e+00)
    (6.1441461614e-21 0.0000000000e+00)
    (6.4223254222e-21 0.0000000000e+00)
    (6.7130993868e-21 0.0000000000e+00)
    (7.0170382867e-21 0.0000000000e+00)
    (7.3347381708e-21 0.0000000000e+00)
    (7.6668220745e-21 0.0000000000e+00)
    (8.0139412415e-21 0.0000000000e+00)
    (8.3767764007e-21 0.0000000000e+00)
    (8.7560391014e-21 0.0000000000e+00)
    (9.1524731088e-21 0.0000000000e+00)
    (9.5668558622e-21 0.0000000000e+00)
    (1.0000000000e-20 0.0000000000e+00)
    (1.0452754953e-20 0.0000000000e+00)
    (1.0926008611e-20 0.0000000000e+00)
    (1.1420689063e-20 0.0000000000e+00)
    (1.1937766417e-20 0.0000000000e+00)
    (1.2478254705e-20 0.0000000000e+00)
    (1.3043213867e-20 0.0000000000e+00)
    (1.3633751836e-20 0.0000000000e+00)
    (1.4251026703e-20 0.0000000000e+00)
    (1.4896248996e-20 0.0000000000e+00)
    (1.5570684048e-20 0.0000000000e+00)
    (1.6275654480e-20 0.0000000000e+00)
    (1.7012542799e-20 0.0000000000e+00)
    (1.7782794100e-20 0.0000000000e+00)
    (1.8587918911e-20 0.0000000000e+00)
    (1.9429496147e-20 0.0000000000e+00)
    (2.0309176209e-20 0.0000000000e+00)
    (2.1228684221e-20 0.0000000000e+00)
    (2.2189823415e-20 0.0000000000e+00)
    (2.3194478661e-20 0.0000000000e+00)
    (2.4244620171e-20 0.0000000000e+00)
    (2.5342307358e-20 0.0000000000e+00)
    (2.6489692876e-20 0.0000000000e+00)
    (2.7689026842e-20 1.9645121280e-21)
    (2.8942661247e-20 3.4808762093e-21)
    (3.0253054571e-20 5.9820814044e-21)
    (3.1622776602e-20 1.0062776433e-20)
    (3.3054513476e-20 1.6772553328e-20)
    (3.4551072946e-20 2.7079577908e-20)
    (3.6115389887e-20 4.2910251213e-20)
    (3.7750532053e-20 6.6786703773e-20)
    (3.9459706091e-20 1.0266018568e-19)
    (4.1246263829e-20 1.5426731748e-19)
    (4.3113708854e-20 2.2816574664e-19)
    (4.5065703377e-20 3.3233095397e-19)
    (4.7106075420e-20 4.7692951131e-19)
    (4.9238826317e-20 6.8001838703e-19)
    (5.1468138568e-20 9.4772017207e-19)
    (5.3798384034e-20 1.3031674049e-18)
    (5.6234132519e-20 1.7686013422e-18)
    (5.8780160723e-20 2.3782588213e-18)
    (6.1441461614e-20 3.1456069129e-18)
    (6.4223254222e-20 4.1103342698e-18)
    (6.7130993868e-20 5.3075680471e-18)
    (7.0170382867e-20 6.7745253918e-18)
    (7.3347381708e-20 8.5692259615e-18)
    (7.6668220745e-20 1.0691092342e-17)
    (8.0139412415e-20 1.3197150906e-17)
    (8.3767764007e-20 1.6123445982e-17)
    (8.7560391014e-20 1.9503261527e-17)
    (9.1524731088e-20 2.3420051126e-17)
    (9.5668558622e-20 2.7793330578e-17)
    (1.0000000000e-19 3.2695862281e-17)
    (1.0452754953e-19 3.8144125683e-17)
    (1.0926008611e-19 4.4165610995e-17)
    (1.1420689063e-19 5.0736688490e-17)
    (1.1937766417e-19 5.7877569721e-17)
    (1.2478254705e-19 6.5589255663e-17)
    (1.3043213867e-19 7.3870033538e-17)
    (1.3633751836e-19 8.2761653090e-17)
    (1.4251026703e-19 9.2158749473e-17)
    (1.4896248996e-19 1.0210782307e-16)
    (1.5570684048e-19 1.1260020314e-16)
    (1.6275654480e-19 1.2362591542e-16)
    (1.7012542799e-19 1.3519213900e-16)
    (1.7782794100e-19 1.4724472063e-16)
    (1.8587918911e-19 1.5979312034e-16)
    (1.9429496147e-19 1.7282173032e-16)
    (2.0309176209e-19 1.8631319292e-16)
    (2.1228684221e-19 2.0024825192e-16)
    (2.2189823415e-19 2.1460561990e-16)
    (2.3194478661e-19 2.2936187711e-16)
    (2.4244620171e-19 2.4445607872e-16)
    (2.5342307358e-19 2.5993253619e-16)
    (2.6489692876e-19 2.7570100511e-16)
    (2.7689026842e-19 2.9177962893e-16)
    (2.8942661247e-19 3.0811064731e-16)
    (3.0253054571e-19 3.2465889738e-16)
    (3.1622776602e-19 3.4136672623e-16)
    (3.3054513476e-19 3.5823563377e-16)
    (3.4551072946e-19 3.7520961097e-16)
    (3.6115389887e-19 3.9238725325e-16)
    (3.7750532053e-19 4.0944219590e-16)
    (3.9459706091e-19 4.2648447165e-16)
    (4.1246263829e-19 4.4347467820e-16)
    (4.3113708854e-19 4.6037381490e-16)
    (4.5065703377e-19 4.7714348326e-16)
    (4.7106075420e-19 4.9358898434e-16)
    (4.9238826317e-19 5.0999245591e-16)
    (5.1468138568e-19 5.2615509273e-16)
    (5.3798384034e-19 5.4204280276e-16)
    (5.6234132519e-19 5.5751923804e-16)
    (5.8780160723e-19 5.7276154738e-16)
    (6.1441461614e-19 5.8763037391e-16)
    (6.4223254222e-19 6.3435053118e-16)
    (6.7130993868e-19 6.4911269596e-16)
    (7.0170382867e-19 6.6335158943e-16)
    (7.3347381708e-19 6.7693123807e-16)
    (7.6668220745e-19 6.8981117092e-16)
    (8.0139412415e-19 7.0186790811e-16)
    (8.3767764007e-19 7.1324144452e-16)
    (8.7560391014e-19 7.2361623770e-16)
    (9.1524731088e-19 7.3336086424e-16)
    (9.5668558622e-19 7.4224004925e-16)
    (1.0000000000e-18 7.5011413806e-16)
    (1.0452754953e-18 7.5718614169e-16)
    (1.0926008611e-18 7.6332142024e-16)
    (1.1420689063e-18 7.6840085003e-16)
    (1.1937766417e-18 7.7260437299e-16)
    (1.2478254705e-18 7.7582440841e-16)
    (1.3043213867e-18 7.7804885744e-16)
    (1.3633751836e-18 7.7904210273e-16)
    (1.4251026703e-18 7.7927410759e-16)
    (1.4896248996e-18 7.7849693253e-16)
    (1.5570684048e-18 7.7649514232e-16)
    (1.6275654480e-18 7.7372591518e-16)
    (1.7012542799e-18 7.6996274140e-16)
    (1.7782794100e-18 7.6520520064e-16)
    (1.8587918911e-18 7.5933093102e-16)
    (1.9429496147e-18 7.5268047568e-16)
    (2.0309176209e-18 7.4508686844e-16)
    (2.1228684221e-18 7.3650565496e-16)
    (2.2189823415e-18 7.2715434253e-16)
    (2.3194478661e-18 7.1693687339e-16)
    (2.4244620171e-18 7.0578148986e-16)
    (2.5342307358e-18 6.9401109412e-16)
    (2.6489692876e-18 6.8128422896e-16)
    (2.7689026842e-18 6.6713503023e-16)
    (2.8942661247e-18 6.5426730328e-16)
    (3.0253054571e-18 6.3964650321e-16)
    (3.1622776602e-18 6.2376733840e-16)
    (3.3054513476e-18 6.0913701876e-16)
    (3.4551072946e-18 5.9255429434e-16)
    (3.6115389887e-18 5.7669509518e-16)
    (3.7750532053e-18 5.5984989800e-16)
    (3.9459706091e-18 5.4199443082e-16)
    (4.1246263829e-18 5.2530866263e-16)
    (4.3113708854e-18 5.0741855668e-16)
    (4.5065703377e-18 4.9012754000e-16)
    (4.7106075420e-18 4.7227096607e-16)
    (4.9238826317e-18 4.5443349337e-16)
    (5.1468138568e-18 4.3641870491e-16)
    (5.3798384034e-18 4.1861363508e-16)
    (5.6234132519e-18 4.0080690720e-16)
    (5.8780160723e-18 3.8320939259e-16)
    (6.1441461614e-18 3.6565175330e-16)
    (6.4223254222e-18 3.4842843287e-16)
    (6.7130993868e-18 3.3143130373e-16)
    (7.0170382867e-18 3.1467441570e-16)
    (7.3347381708e-18 2.9827281047e-16)
    (7.6668220745e-18 2.8158984381e-16)
    (8.0139412415e-18 2.6585151055e-16)
    (8.3767764007e-18 2.5068056706e-16)
    (8.7560391014e-18 2.3612862379e-16)
    (9.1524731088e-18 2.2090721245e-16)
    (9.5668558622e-18 2.0768237234e-16)
    (1.0000000000e-17 1.9344332184e-16)
);
