// k[EI_N2_EXC_N2_E3] [m^3/s] vs mean energy [eV]; air_plasma [94c490be646f8872], T_gas = 300.000000 K
(
    (0 0.0000000000e+00)
    (1.3716736877e-01 0.0000000000e+00)
    (1.4076967004e-01 0.0000000000e+00)
    (1.4397591983e-01 0.0000000000e+00)
    (1.4684102077e-01 0.0000000000e+00)
    (1.4941193350e-01 0.0000000000e+00)
    (1.5172852860e-01 0.0000000000e+00)
    (1.5382471337e-01 0.0000000000e+00)
    (1.5572953486e-01 0.0000000000e+00)
    (1.5746814299e-01 0.0000000000e+00)
    (1.5906258451e-01 0.0000000000e+00)
    (1.6040177321e-01 0.0000000000e+00)
    (1.6189529828e-01 0.0000000000e+00)
    (1.6316717670e-01 0.0000000000e+00)
    (1.6436277106e-01 0.0000000000e+00)
    (1.6549569504e-01 0.0000000000e+00)
    (1.6657864137e-01 0.0000000000e+00)
    (1.6762350584e-01 0.0000000000e+00)
    (1.6865351356e-01 0.0000000000e+00)
    (1.6965530759e-01 0.0000000000e+00)
    (1.7065088677e-01 0.0000000000e+00)
    (1.7163694874e-01 0.0000000000e+00)
    (1.7264754568e-01 0.0000000000e+00)
    (1.7367870384e-01 0.0000000000e+00)
    (1.7473842382e-01 0.0000000000e+00)
    (1.7583425455e-01 0.0000000000e+00)
    (1.7697330632e-01 0.0000000000e+00)
    (1.7816226381e-01 0.0000000000e+00)
    (1.7940739973e-01 0.0000000000e+00)
    (1.8071459251e-01 0.0000000000e+00)
    (1.8208934620e-01 0.0000000000e+00)
    (1.8353681581e-01 0.0000000000e+00)
    (1.8506183817e-01 0.0000000000e+00)
    (1.8666896889e-01 0.0000000000e+00)
    (1.8836252602e-01 0.0000000000e+00)
    (1.9014664040e-01 0.0000000000e+00)
    (1.9202531289e-01 0.0000000000e+00)
    (1.9400247796e-01 0.0000000000e+00)
    (1.9608207355e-01 0.0000000000e+00)
    (1.9826811637e-01 0.0000000000e+00)
    (2.0056478234e-01 0.0000000000e+00)
    (2.0297649148e-01 0.0000000000e+00)
    (2.0550799658e-01 0.0000000000e+00)
    (2.0816447512e-01 0.0000000000e+00)
    (2.1095162348e-01 0.0000000000e+00)
    (2.1387575250e-01 0.0000000000e+00)
    (2.1694252519e-01 0.0000000000e+00)
    (2.2014784268e-01 0.0000000000e+00)
    (2.2353442384e-01 0.0000000000e+00)
    (2.2709473824e-01 0.0000000000e+00)
    (2.3084124291e-01 0.0000000000e+00)
    (2.3479830546e-01 0.0000000000e+00)
    (2.3896127860e-01 0.0000000000e+00)
    (2.4336008158e-01 0.0000000000e+00)
    (2.4801609114e-01 0.0000000000e+00)
    (2.5295357748e-01 0.0000000000e+00)
    (2.5819912151e-01 0.0000000000e+00)
    (2.6378573470e-01 0.0000000000e+00)
    (2.6974624072e-01 0.0000000000e+00)
    (2.7611826438e-01 0.0000000000e+00)
    (2.8294267020e-01 0.0000000000e+00)
    (2.9026318406e-01 0.0000000000e+00)
    (2.9812578117e-01 0.0000000000e+00)
    (3.0657780390e-01 0.0000000000e+00)
    (3.1566679772e-01 0.0000000000e+00)
    (3.2543906532e-01 0.0000000000e+00)
    (3.3590884834e-01 0.0000000000e+00)
    (3.4717220621e-01 0.0000000000e+00)
    (3.5923181777e-01 0.0000000000e+00)
    (3.7211011301e-01 0.0000000000e+00)
    (3.8581857835e-01 0.0000000000e+00)
    (4.0035607801e-01 0.0000000000e+00)
    (4.1570758173e-01 0.0000000000e+00)
    (4.3184341715e-01 0.0000000000e+00)
    (4.4871913847e-01 0.0000000000e+00)
    (4.6627605897e-01 0.0000000000e+00)
    (4.8444243519e-01 0.0000000000e+00)
    (5.0313523891e-01 0.0000000000e+00)
    (5.2226241062e-01 0.0000000000e+00)
    (5.4172544282e-01 0.0000000000e+00)
    (5.6142213216e-01 0.0000000000e+00)
    (5.8124933256e-01 0.0000000000e+00)
    (6.0110555710e-01 0.0000000000e+00)
    (6.2089330726e-01 0.0000000000e+00)
    (6.4052103707e-01 0.0000000000e+00)
    (6.5990470387e-01 0.0000000000e+00)
    (6.7896888897e-01 0.0000000000e+00)
    (6.9764750311e-01 0.0000000000e+00)
    (7.1588411412e-01 0.0000000000e+00)
    (7.3358636508e-01 0.0000000000e+00)
    (7.5079956951e-01 0.0000000000e+00)
    (7.6745533679e-01 0.0000000000e+00)
    (7.8353256295e-01 0.0000000000e+00)
    (7.9901751861e-01 0.0000000000e+00)
    (8.1390305888e-01 0.0000000000e+00)
    (8.2818781969e-01 0.0000000000e+00)
    (8.4187543085e-01 0.0000000000e+00)
    (8.5497376287e-01 0.0000000000e+00)
    (8.6749422815e-01 0.0000000000e+00)
    (8.7945114297e-01 0.0000000000e+00)
    (8.9086115759e-01 0.0000000000e+00)
    (9.0174275648e-01 0.0000000000e+00)
    (9.1211582875e-01 0.0000000000e+00)
    (9.2200130648e-01 0.0000000000e+00)
    (9.3142086729e-01 0.0000000000e+00)
    (9.4039669615e-01 0.0000000000e+00)
    (9.4895130096e-01 0.0000000000e+00)
    (9.5710737510e-01 0.0000000000e+00)
    (9.6488770191e-01 0.0000000000e+00)
    (9.7229590192e-01 0.0000000000e+00)
    (9.7938516542e-01 0.0000000000e+00)
    (9.8616492913e-01 0.0000000000e+00)
    (9.9265725317e-01 0.0000000000e+00)
    (9.9888404860e-01 0.0000000000e+00)
    (1.0048670852e+00 0.0000000000e+00)
    (1.0106280054e+00 0.0000000000e+00)
    (1.0161883420e+00 0.0000000000e+00)
    (1.0215695391e+00 0.0000000000e+00)
    (1.0267929757e+00 0.0000000000e+00)
    (1.0318799893e+00 0.0000000000e+00)
    (1.0368231641e+00 0.0000000000e+00)
    (1.0417033534e+00 0.0000000000e+00)
    (1.0465120896e+00 0.0000000000e+00)
    (1.0510868798e+00 0.0000000000e+00)
    (1.0558591901e+00 0.0000000000e+00)
    (1.0606532011e+00 0.0000000000e+00)
    (1.0655074194e+00 0.0000000000e+00)
    (1.0704684867e+00 0.0000000000e+00)
    (1.0751997672e+00 0.0000000000e+00)
    (1.0804337616e+00 0.0000000000e+00)
    (1.0860944535e+00 0.0000000000e+00)
    (1.0921800381e+00 0.0000000000e+00)
    (1.0986620877e+00 1.0133821755e-22)
    (1.1060807526e+00 2.0010944346e-22)
    (1.1144567561e+00 3.8328134814e-22)
    (1.1240549775e+00 7.1357998662e-22)
    (1.1350476809e+00 9.1579630600e-22)
    (1.1481500995e+00 1.6002772653e-21)
    (1.1636258812e+00 2.7277502405e-21)
    (1.1819885899e+00 4.5401672983e-21)
    (1.2038177966e+00 7.3860128568e-21)
    (1.2301634388e+00 1.1799058330e-20)
    (1.2609969543e+00 1.8347864537e-20)
    (1.2973623006e+00 2.7954025830e-20)
    (1.3400043215e+00 4.1756766995e-20)
    (1.3902463429e+00 6.1430204964e-20)
    (1.4476740785e+00 8.8346922277e-20)
    (1.5134371384e+00 1.2481719841e-19)
    (1.5880617826e+00 1.7333240874e-19)
    (1.6719409929e+00 2.3672871864e-19)
    (1.7660607105e+00 3.1896666312e-19)
    (1.8689224005e+00 4.2188334912e-19)
    (1.9811674964e+00 5.4975560986e-19)
    (2.1024762198e+00 7.0619406580e-19)
    (2.2323544675e+00 8.9476333953e-19)
    (2.3723894726e+00 1.1214282211e-18)
    (2.5173051541e+00 1.3843929554e-18)
    (2.6685098823e+00 1.6888214287e-18)
    (2.8251127843e+00 2.0371051951e-18)
    (2.9864403845e+00 2.4320212835e-18)
    (3.1511716903e+00 2.8733489017e-18)
    (3.3187345263e+00 3.3629538855e-18)
    (3.4884072284e+00 3.9014238882e-18)
    (3.6595680228e+00 4.4889597945e-18)
    (3.8329812660e+00 5.1281651288e-18)
    (4.0054036492e+00 5.8126304463e-18)
    (4.1781426573e+00 6.5449430374e-18)
    (4.3510158689e+00 7.3243071882e-18)
    (4.5239369983e+00 8.1498079873e-18)
    (4.6971621121e+00 9.0215447683e-18)
    (4.8701409953e+00 9.9360057069e-18)
    (5.0433978978e+00 1.0893543176e-17)
    (5.2171246267e+00 1.1893103000e-17)
    (5.3915564382e+00 1.2933636373e-17)
    (5.5669629670e+00 1.4014101674e-17)
    (5.7436400435e+00 1.5133459782e-17)
    (5.9219025871e+00 1.6290664423e-17)
    (6.1010979376e+00 1.7482004416e-17)
    (6.2835570479e+00 1.8711656301e-17)
    (6.4679920423e+00 1.9973806059e-17)
    (6.6560078497e+00 2.1271195444e-17)
    (6.8473428104e+00 2.2600533355e-17)
    (7.0423340172e+00 2.3960334140e-17)
    (7.2409465159e+00 2.5347229476e-17)
    (7.4442081970e+00 2.6762712679e-17)
    (7.6521663603e+00 2.8203309645e-17)
    (7.8676105910e+00 2.9677193440e-17)
    (8.0858487204e+00 3.1160586717e-17)
    (8.3098278044e+00 3.2662042603e-17)
    (8.5398932950e+00 3.4178793172e-17)
    (8.7763949131e+00 3.5707871250e-17)
    (9.0196879697e+00 3.7246118271e-17)
    (9.2670974766e+00 3.8778123332e-17)
    (9.5251096885e+00 4.0324973413e-17)
    (9.7910839770e+00 4.1870500322e-17)
    (1.0065371630e+01 4.3410966128e-17)
    (1.0346344593e+01 4.4934149884e-17)
    (1.0638438926e+01 4.6453038386e-17)
    (1.0940187398e+01 4.7954947566e-17)
    (1.1925355136e+01 5.2664812264e-17)
    (1.2308824412e+01 5.4235492506e-17)
    (1.2709276652e+01 5.5769547378e-17)
    (1.3126439691e+01 5.7253822426e-17)
    (1.3561263285e+01 5.8682219179e-17)
    (1.4012493747e+01 6.0040914772e-17)
    (1.4484291915e+01 6.1339835077e-17)
    (1.4973992379e+01 6.2548872732e-17)
    (1.5487666223e+01 6.3697752411e-17)
    (1.6023909695e+01 6.4763663772e-17)
    (1.6583468512e+01 6.5731933474e-17)
    (1.7168941463e+01 6.6619047510e-17)
    (1.7781023451e+01 6.7411042747e-17)
    (1.8422151615e+01 6.8096606928e-17)
    (1.9092649339e+01 6.8688810942e-17)
    (1.9794733945e+01 6.9177826061e-17)
    (2.0530664058e+01 6.9561756878e-17)
    (2.1299508263e+01 6.9817704862e-17)
    (2.2109288431e+01 6.9989876213e-17)
    (2.2959485968e+01 7.0054741667e-17)
    (2.3850104879e+01 6.9995881023e-17)
    (2.4788921536e+01 6.9848760528e-17)
    (2.5776295005e+01 6.9596705157e-17)
    (2.6817698048e+01 6.9240394237e-17)
    (2.7909067436e+01 6.8767169243e-17)
    (2.9061538888e+01 6.8213711593e-17)
    (3.0279874265e+01 6.7563519297e-17)
    (3.1556757395e+01 6.6813680569e-17)
    (3.2908931845e+01 6.5985175208e-17)
    (3.4342348823e+01 6.5070496520e-17)
    (3.5842127009e+01 6.4063482057e-17)
    (3.7437719791e+01 6.2996472081e-17)
    (3.9117090489e+01 6.1838378304e-17)
    (4.0644106575e+01 6.0545699219e-17)
    (4.2796040127e+01 5.9373389876e-17)
    (4.4789131155e+01 5.8038038628e-17)
    (4.6589221150e+01 5.6605434382e-17)
    (4.9179324484e+01 5.5252644235e-17)
    (5.1201199815e+01 5.3754718203e-17)
    (5.4099126670e+01 5.2300266090e-17)
    (5.6778858337e+01 5.0762989025e-17)
    (5.9117854096e+01 4.9134970099e-17)
    (6.2718461942e+01 4.7634484364e-17)
    (6.5410085846e+01 4.6003847713e-17)
    (6.9496742822e+01 4.4451002032e-17)
    (7.3180976752e+01 4.2835161545e-17)
    (7.7182577491e+01 4.1227133492e-17)
    (8.1420085225e+01 3.9610329488e-17)
    (8.6011788405e+01 3.8008096591e-17)
    (9.0867763137e+01 3.6402677923e-17)
    (9.6165388139e+01 3.4822217956e-17)
    (1.0177823578e+02 3.3243656724e-17)
    (1.0792309375e+02 3.1698306869e-17)
    (1.1458604701e+02 3.0173412312e-17)
    (1.2160542734e+02 2.8672042250e-17)
    (1.2939531717e+02 2.7199820829e-17)
    (1.3542361118e+02 2.5707302927e-17)
    (1.4388362195e+02 2.4295035124e-17)
    (1.5371740495e+02 2.2930292548e-17)
    (1.6736124994e+02 2.1613744045e-17)
    (1.7556818514e+02 2.0247163672e-17)
    (1.9180551086e+02 1.9048220221e-17)
    (2.0148427830e+02 1.7763308099e-17)
);
