// k[EI_O2_EXC_O2_ROT] [m^3/s] vs reducedE [V m^2]; air_plasma [94c490be646f8872], T_gas = 300.000000 K
(
    (0 2.5384991323e-18)
    (1.0000000000e-22 2.5384991323e-18)
    (1.0452754953e-22 2.6361045057e-18)
    (1.0926008611e-22 2.7261149346e-18)
    (1.1420689063e-22 2.8096705112e-18)
    (1.1937766417e-22 2.8877954357e-18)
    (1.2478254705e-22 2.9614015242e-18)
    (1.3043213867e-22 3.0313000685e-18)
    (1.3633751836e-22 3.0982155135e-18)
    (1.4251026703e-22 3.1627982482e-18)
    (1.4896248996e-22 3.2256356854e-18)
    (1.5570684048e-22 3.3002776680e-18)
    (1.6275654480e-22 3.3481640124e-18)
    (1.7012542799e-22 3.4087919096e-18)
    (1.7782794100e-22 3.4695610843e-18)
    (1.8587918911e-22 3.5308592948e-18)
    (1.9429496147e-22 3.5930508664e-18)
    (2.0309176209e-22 3.6564808140e-18)
    (2.1228684221e-22 3.7209871659e-18)
    (2.2189823415e-22 3.7877784405e-18)
    (2.3194478661e-22 3.8567404768e-18)
    (2.4244620171e-22 3.9281463107e-18)
    (2.5342307358e-22 4.0023573171e-18)
    (2.6489692876e-22 4.0796142583e-18)
    (2.7689026842e-22 4.1602003390e-18)
    (2.8942661247e-22 4.2443971681e-18)
    (3.0253054571e-22 4.3324857453e-18)
    (3.1622776602e-22 4.4247473512e-18)
    (3.3054513476e-22 4.5214643928e-18)
    (3.4551072946e-22 4.6229213232e-18)
    (3.6115389887e-22 4.7294056392e-18)
    (3.7750532053e-22 4.8412090667e-18)
    (3.9459706091e-22 4.9586289703e-18)
    (4.1246263829e-22 5.0819700330e-18)
    (4.3113708854e-22 5.2115462357e-18)
    (4.5065703377e-22 5.3476831572e-18)
    (4.7106075420e-22 5.4907205940e-18)
    (4.9238826317e-22 5.6410154916e-18)
    (5.1468138568e-22 5.7989451591e-18)
    (5.3798384034e-22 5.9649107268e-18)
    (5.6234132519e-22 6.1393407921e-18)
    (5.8780160723e-22 6.3226951865e-18)
    (6.1441461614e-22 6.5154687846e-18)
    (6.4223254222e-22 6.7181952555e-18)
    (6.7130993868e-22 6.9314506364e-18)
    (7.0170382867e-22 7.1558565753e-18)
    (7.3347381708e-22 7.3930835427e-18)
    (7.6668220745e-22 7.6421465100e-18)
    (8.0139412415e-22 7.9050026241e-18)
    (8.3767764007e-22 8.1823476779e-18)
    (8.7560391014e-22 8.4751961735e-18)
    (9.1524731088e-22 8.7858487166e-18)
    (9.5668558622e-22 9.1131062303e-18)
    (1.0000000000e-21 9.4595155614e-18)
    (1.0452754953e-21 9.8264971044e-18)
    (1.0926008611e-21 1.0215574846e-17)
    (1.1420689063e-21 1.0630011051e-17)
    (1.1937766417e-21 1.1068225813e-17)
    (1.2478254705e-21 1.1533632228e-17)
    (1.3043213867e-21 1.2028023169e-17)
    (1.3633751836e-21 1.2553172461e-17)
    (1.4251026703e-21 1.3110775570e-17)
    (1.4896248996e-21 1.3702376271e-17)
    (1.5570684048e-21 1.4329279519e-17)
    (1.6275654480e-21 1.4992452483e-17)
    (1.7012542799e-21 1.5692417070e-17)
    (1.7782794100e-21 1.6429871698e-17)
    (1.8587918911e-21 1.7202687171e-17)
    (1.9429496147e-21 1.8010114891e-17)
    (2.0309176209e-21 1.8849869199e-17)
    (2.1228684221e-21 1.9718784488e-17)
    (2.2189823415e-21 2.0612806173e-17)
    (2.3194478661e-21 2.1527024670e-17)
    (2.4244620171e-21 2.2455754846e-17)
    (2.5342307358e-21 2.3392660098e-17)
    (2.6489692876e-21 2.4330915864e-17)
    (2.7689026842e-21 2.5263403843e-17)
    (2.8942661247e-21 2.6182925210e-17)
    (3.0253054571e-21 2.7082419410e-17)
    (3.1622776602e-21 2.7955174698e-17)
    (3.3054513476e-21 2.8795017863e-17)
    (3.4551072946e-21 2.9596472773e-17)
    (3.6115389887e-21 3.0354880630e-17)
    (3.7750532053e-21 3.1066478238e-17)
    (3.9459706091e-21 3.1728434160e-17)
    (4.1246263829e-21 3.2338845512e-17)
    (4.3113708854e-21 3.2896700467e-17)
    (4.5065703377e-21 3.3401812998e-17)
    (4.7106075420e-21 3.3854737045e-17)
    (4.9238826317e-21 3.4257140527e-17)
    (5.1468138568e-21 3.4609993863e-17)
    (5.3798384034e-21 3.4915831104e-17)
    (5.6234132519e-21 3.5177160895e-17)
    (5.8780160723e-21 3.5396726767e-17)
    (6.1441461614e-21 3.5577420948e-17)
    (6.4223254222e-21 3.5722208834e-17)
    (6.7130993868e-21 3.5834064664e-17)
    (7.0170382867e-21 3.5915918288e-17)
    (7.3347381708e-21 3.5970612521e-17)
    (7.6668220745e-21 3.6000870154e-17)
    (8.0139412415e-21 3.6009269566e-17)
    (8.3767764007e-21 3.5998227786e-17)
    (8.7560391014e-21 3.5969989839e-17)
    (9.1524731088e-21 3.5926623246e-17)
    (9.5668558622e-21 3.5870016671e-17)
    (1.0000000000e-20 3.5801881780e-17)
    (1.0452754953e-20 3.5723757521e-17)
    (1.0926008611e-20 3.5637016173e-17)
    (1.1420689063e-20 3.5542870595e-17)
    (1.1937766417e-20 3.5442444430e-17)
    (1.2478254705e-20 3.5336538209e-17)
    (1.3043213867e-20 3.5226009514e-17)
    (1.3633751836e-20 3.5111522941e-17)
    (1.4251026703e-20 3.4993628243e-17)
    (1.4896248996e-20 3.4872769092e-17)
    (1.5570684048e-20 3.4749291625e-17)
    (1.6275654480e-20 3.4623452702e-17)
    (1.7012542799e-20 3.4495427875e-17)
    (1.7782794100e-20 3.4365319011e-17)
    (1.8587918911e-20 3.4233161584e-17)
    (1.9429496147e-20 3.4098544877e-17)
    (2.0309176209e-20 3.3962132117e-17)
    (2.1228684221e-20 3.3823426860e-17)
    (2.2189823415e-20 3.3679166894e-17)
    (2.3194478661e-20 3.3534775263e-17)
    (2.4244620171e-20 3.3387217174e-17)
    (2.5342307358e-20 3.3236072943e-17)
    (2.6489692876e-20 3.3080826823e-17)
    (2.7689026842e-20 3.2915287962e-17)
    (2.8942661247e-20 3.2751424056e-17)
    (3.0253054571e-20 3.2579854528e-17)
    (3.1622776602e-20 3.2401126472e-17)
    (3.3054513476e-20 3.2205974117e-17)
    (3.4551072946e-20 3.2009065868e-17)
    (3.6115389887e-20 3.1800475374e-17)
    (3.7750532053e-20 3.1578144337e-17)
    (3.9459706091e-20 3.1338829754e-17)
    (4.1246263829e-20 3.1080901139e-17)
    (4.3113708854e-20 3.0801125941e-17)
    (4.5065703377e-20 3.0496184830e-17)
    (4.7106075420e-20 3.0162527660e-17)
    (4.9238826317e-20 2.9785311170e-17)
    (5.1468138568e-20 2.9382552963e-17)
    (5.3798384034e-20 2.8940093985e-17)
    (5.6234132519e-20 2.8454654130e-17)
    (5.8780160723e-20 2.7907098637e-17)
    (6.1441461614e-20 2.7327918722e-17)
    (6.4223254222e-20 2.6699844072e-17)
    (6.7130993868e-20 2.6022791077e-17)
    (7.0170382867e-20 2.5297894347e-17)
    (7.3347381708e-20 2.4520928928e-17)
    (7.6668220745e-20 2.3709551134e-17)
    (8.0139412415e-20 2.2861578793e-17)
    (8.3767764007e-20 2.1983043819e-17)
    (8.7560391014e-20 2.1080843083e-17)
    (9.1524731088e-20 2.0136932487e-17)
    (9.5668558622e-20 1.9211415192e-17)
    (1.0000000000e-19 1.8285413427e-17)
    (1.0452754953e-19 1.7366404542e-17)
    (1.0926008611e-19 1.6455992841e-17)
    (1.1420689063e-19 1.5571160960e-17)
    (1.1937766417e-19 1.4711894571e-17)
    (1.2478254705e-19 1.3882620662e-17)
    (1.3043213867e-19 1.3086811213e-17)
    (1.3633751836e-19 1.2308914034e-17)
    (1.4251026703e-19 1.1589450574e-17)
    (1.4896248996e-19 1.0908245303e-17)
    (1.5570684048e-19 1.0265519677e-17)
    (1.6275654480e-19 9.6609233251e-18)
    (1.7012542799e-19 9.0857755494e-18)
    (1.7782794100e-19 8.5556255245e-18)
    (1.8587918911e-19 8.0600241154e-18)
    (1.9429496147e-19 7.5973311829e-18)
    (2.0309176209e-19 7.1657808292e-18)
    (2.1228684221e-19 6.7635388281e-18)
    (2.2189823415e-19 6.3887493509e-18)
    (2.3194478661e-19 6.0395720166e-18)
    (2.4244620171e-19 5.7147108772e-18)
    (2.5342307358e-19 5.4114778944e-18)
    (2.6489692876e-19 5.1256631941e-18)
    (2.7689026842e-19 4.8619959117e-18)
    (2.8942661247e-19 4.6156936850e-18)
    (3.0253054571e-19 4.3853937443e-18)
    (3.1622776602e-19 4.1658789571e-18)
    (3.3054513476e-19 3.9642334590e-18)
    (3.4551072946e-19 3.7750510311e-18)
    (3.6115389887e-19 3.5872224450e-18)
    (3.7750532053e-19 3.4210891571e-18)
    (3.9459706091e-19 3.2645842324e-18)
    (4.1246263829e-19 3.1169650765e-18)
    (4.3113708854e-19 2.9775538297e-18)
    (4.5065703377e-19 2.8457322820e-18)
    (4.7106075420e-19 2.7231012491e-18)
    (4.9238826317e-19 2.6046315681e-18)
    (5.1468138568e-19 2.4922236113e-18)
    (5.3798384034e-19 2.3854465795e-18)
    (5.6234132519e-19 2.2840748926e-18)
    (5.8780160723e-19 2.1874191495e-18)
    (6.1441461614e-19 2.0953210747e-18)
    (6.4223254222e-19 1.7988777234e-18)
    (6.7130993868e-19 1.7125454985e-18)
    (7.0170382867e-19 1.6297878741e-18)
    (7.3347381708e-19 1.5509290962e-18)
    (7.6668220745e-19 1.4757583304e-18)
    (8.0139412415e-19 1.4008932644e-18)
    (8.3767764007e-19 1.3329737794e-18)
    (8.7560391014e-19 1.2717642630e-18)
    (9.1524731088e-19 1.2094745612e-18)
    (9.5668558622e-19 1.1500483128e-18)
    (1.0000000000e-18 1.0904318517e-18)
    (1.0452754953e-18 1.0366674927e-18)
    (1.0926008611e-18 9.8533558799e-19)
    (1.1420689063e-18 9.3425609213e-19)
    (1.1937766417e-18 8.8770583754e-19)
    (1.2478254705e-18 8.4324206365e-19)
    (1.3043213867e-18 8.0076852420e-19)
    (1.3633751836e-18 7.6277084910e-19)
    (1.4251026703e-18 7.2368731138e-19)
    (1.4896248996e-18 6.8639370741e-19)
    (1.5570684048e-18 6.5079353323e-19)
    (1.6275654480e-18 6.1684354951e-19)
    (1.7012542799e-18 5.8445826106e-19)
    (1.7782794100e-18 5.5355457733e-19)
    (1.8587918911e-18 5.2271389785e-19)
    (1.9429496147e-18 4.9481737036e-19)
    (2.0309176209e-18 4.6819476163e-19)
    (2.1228684221e-18 4.4149632764e-19)
    (2.2189823415e-18 4.1752996806e-19)
    (2.3194478661e-18 3.9465589044e-19)
    (2.4244620171e-18 3.7332582254e-19)
    (2.5342307358e-18 3.5251261195e-19)
    (2.6489692876e-18 3.3415793891e-19)
    (2.7689026842e-18 3.1204124881e-19)
    (2.8942661247e-18 2.9690940072e-19)
    (3.0253054571e-18 2.7981044239e-19)
    (3.1622776602e-18 2.6109752878e-19)
    (3.3054513476e-18 2.4778643279e-19)
    (3.4551072946e-18 2.3154182210e-19)
    (3.6115389887e-18 2.1860460879e-19)
    (3.7750532053e-18 2.0516764496e-19)
    (3.9459706091e-18 1.9224622206e-19)
    (4.1246263829e-18 1.8053213098e-19)
    (4.3113708854e-18 1.6939280226e-19)
    (4.5065703377e-18 1.5871643278e-19)
    (4.7106075420e-18 1.4874048684e-19)
    (4.9238826317e-18 1.3921770407e-19)
    (5.1468138568e-18 1.3016434013e-19)
    (5.3798384034e-18 1.2164955543e-19)
    (5.6234132519e-18 1.1365269297e-19)
    (5.8780160723e-18 1.0604031123e-19)
    (6.1441461614e-18 9.8840755548e-20)
    (6.4223254222e-18 9.2057130890e-20)
    (6.7130993868e-18 8.5653498693e-20)
    (7.0170382867e-18 7.9659936068e-20)
    (7.3347381708e-18 7.3969902412e-20)
    (7.6668220745e-18 6.8783111377e-20)
    (8.0139412415e-18 6.3752281548e-20)
    (8.3767764007e-18 5.9015214587e-20)
    (8.7560391014e-18 5.4363545353e-20)
    (9.1524731088e-18 5.0116809125e-20)
    (9.5668558622e-18 4.6284499273e-20)
    (1.0000000000e-17 4.2420378260e-20)
);
