// k[EI_O2_EXC_O2_8_4EV] [m^3/s] vs reducedE [V m^2]; air_plasma [94c490be646f8872], T_gas = 300.000000 K
(
    (0 0.0000000000e+00)
    (1.0000000000e-22 0.0000000000e+00)
    (1.0452754953e-22 0.0000000000e+00)
    (1.0926008611e-22 0.0000000000e+00)
    (1.1420689063e-22 0.0000000000e+00)
    (1.1937766417e-22 0.0000000000e+00)
    (1.2478254705e-22 0.0000000000e+00)
    (1.3043213867e-22 0.0000000000e+00)
    (1.3633751836e-22 0.0000000000e+00)
    (1.4251026703e-22 0.0000000000e+00)
    (1.4896248996e-22 0.0000000000e+00)
    (1.5570684048e-22 0.0000000000e+00)
    (1.6275654480e-22 0.0000000000e+00)
    (1.7012542799e-22 0.0000000000e+00)
    (1.7782794100e-22 0.0000000000e+00)
    (1.8587918911e-22 0.0000000000e+00)
    (1.9429496147e-22 0.0000000000e+00)
    (2.0309176209e-22 0.0000000000e+00)
    (2.1228684221e-22 0.0000000000e+00)
    (2.2189823415e-22 0.0000000000e+00)
    (2.3194478661e-22 0.0000000000e+00)
    (2.4244620171e-22 0.0000000000e+00)
    (2.5342307358e-22 0.0000000000e+00)
    (2.6489692876e-22 0.0000000000e+00)
    (2.7689026842e-22 0.0000000000e+00)
    (2.8942661247e-22 0.0000000000e+00)
    (3.0253054571e-22 0.0000000000e+00)
    (3.1622776602e-22 0.0000000000e+00)
    (3.3054513476e-22 0.0000000000e+00)
    (3.4551072946e-22 0.0000000000e+00)
    (3.6115389887e-22 0.0000000000e+00)
    (3.7750532053e-22 0.0000000000e+00)
    (3.9459706091e-22 0.0000000000e+00)
    (4.1246263829e-22 0.0000000000e+00)
    (4.3113708854e-22 0.0000000000e+00)
    (4.5065703377e-22 0.0000000000e+00)
    (4.7106075420e-22 0.0000000000e+00)
    (4.9238826317e-22 0.0000000000e+00)
    (5.1468138568e-22 0.0000000000e+00)
    (5.3798384034e-22 0.0000000000e+00)
    (5.6234132519e-22 0.0000000000e+00)
    (5.8780160723e-22 0.0000000000e+00)
    (6.1441461614e-22 0.0000000000e+00)
    (6.4223254222e-22 0.0000000000e+00)
    (6.7130993868e-22 0.0000000000e+00)
    (7.0170382867e-22 0.0000000000e+00)
    (7.3347381708e-22 0.0000000000e+00)
    (7.6668220745e-22 0.0000000000e+00)
    (8.0139412415e-22 0.0000000000e+00)
    (8.3767764007e-22 0.0000000000e+00)
    (8.7560391014e-22 0.0000000000e+00)
    (9.1524731088e-22 0.0000000000e+00)
    (9.5668558622e-22 0.0000000000e+00)
    (1.0000000000e-21 0.0000000000e+00)
    (1.0452754953e-21 0.0000000000e+00)
    (1.0926008611e-21 0.0000000000e+00)
    (1.1420689063e-21 0.0000000000e+00)
    (1.1937766417e-21 0.0000000000e+00)
    (1.2478254705e-21 0.0000000000e+00)
    (1.3043213867e-21 0.0000000000e+00)
    (1.3633751836e-21 0.0000000000e+00)
    (1.4251026703e-21 0.0000000000e+00)
    (1.4896248996e-21 0.0000000000e+00)
    (1.5570684048e-21 0.0000000000e+00)
    (1.6275654480e-21 0.0000000000e+00)
    (1.7012542799e-21 0.0000000000e+00)
    (1.7782794100e-21 0.0000000000e+00)
    (1.8587918911e-21 0.0000000000e+00)
    (1.9429496147e-21 0.0000000000e+00)
    (2.0309176209e-21 0.0000000000e+00)
    (2.1228684221e-21 0.0000000000e+00)
    (2.2189823415e-21 0.0000000000e+00)
    (2.3194478661e-21 0.0000000000e+00)
    (2.4244620171e-21 0.0000000000e+00)
    (2.5342307358e-21 0.0000000000e+00)
    (2.6489692876e-21 0.0000000000e+00)
    (2.7689026842e-21 0.0000000000e+00)
    (2.8942661247e-21 0.0000000000e+00)
    (3.0253054571e-21 0.0000000000e+00)
    (3.1622776602e-21 0.0000000000e+00)
    (3.3054513476e-21 0.0000000000e+00)
    (3.4551072946e-21 0.0000000000e+00)
    (3.6115389887e-21 0.0000000000e+00)
    (3.7750532053e-21 0.0000000000e+00)
    (3.9459706091e-21 0.0000000000e+00)
    (4.1246263829e-21 0.0000000000e+00)
    (4.3113708854e-21 0.0000000000e+00)
    (4.5065703377e-21 0.0000000000e+00)
    (4.7106075420e-21 0.0000000000e+00)
    (4.9238826317e-21 0.0000000000e+00)
    (5.1468138568e-21 0.0000000000e+00)
    (5.3798384034e-21 0.0000000000e+00)
    (5.6234132519e-21 0.0000000000e+00)
    (5.8780160723e-21 0.0000000000e+00)
    (6.1441461614e-21 0.0000000000e+00)
    (6.4223254222e-21 0.0000000000e+00)
    (6.7130993868e-21 0.0000000000e+00)
    (7.0170382867e-21 0.0000000000e+00)
    (7.3347381708e-21 0.0000000000e+00)
    (7.6668220745e-21 0.0000000000e+00)
    (8.0139412415e-21 0.0000000000e+00)
    (8.3767764007e-21 0.0000000000e+00)
    (8.7560391014e-21 0.0000000000e+00)
    (9.1524731088e-21 0.0000000000e+00)
    (9.5668558622e-21 0.0000000000e+00)
    (1.0000000000e-20 0.0000000000e+00)
    (1.0452754953e-20 0.0000000000e+00)
    (1.0926008611e-20 0.0000000000e+00)
    (1.1420689063e-20 0.0000000000e+00)
    (1.1937766417e-20 0.0000000000e+00)
    (1.2478254705e-20 0.0000000000e+00)
    (1.3043213867e-20 0.0000000000e+00)
    (1.3633751836e-20 0.0000000000e+00)
    (1.4251026703e-20 0.0000000000e+00)
    (1.4896248996e-20 0.0000000000e+00)
    (1.5570684048e-20 0.0000000000e+00)
    (1.6275654480e-20 0.0000000000e+00)
    (1.7012542799e-20 0.0000000000e+00)
    (1.7782794100e-20 0.0000000000e+00)
    (1.8587918911e-20 0.0000000000e+00)
    (1.9429496147e-20 0.0000000000e+00)
    (2.0309176209e-20 0.0000000000e+00)
    (2.1228684221e-20 0.0000000000e+00)
    (2.2189823415e-20 0.0000000000e+00)
    (2.3194478661e-20 0.0000000000e+00)
    (2.4244620171e-20 0.0000000000e+00)
    (2.5342307358e-20 0.0000000000e+00)
    (2.6489692876e-20 0.0000000000e+00)
    (2.7689026842e-20 2.5173885384e-20)
    (2.8942661247e-20 5.1847164076e-20)
    (3.0253054571e-20 9.2372028858e-20)
    (3.1622776602e-20 1.6077348086e-19)
    (3.3054513476e-20 2.7189288206e-19)
    (3.4551072946e-20 4.5168101289e-19)
    (3.6115389887e-20 7.3499662462e-19)
    (3.7750532053e-20 1.1725575543e-18)
    (3.9459706091e-20 1.8399509901e-18)
    (4.1246263829e-20 2.8228445133e-18)
    (4.3113708854e-20 4.2554199266e-18)
    (4.5065703377e-20 6.3073357497e-18)
    (4.7106075420e-20 9.1970818794e-18)
    (4.9238826317e-20 1.3303809700e-17)
    (5.1468138568e-20 1.8785109547e-17)
    (5.3798384034e-20 2.6136031927e-17)
    (5.6234132519e-20 3.5845232497e-17)
    (5.8780160723e-20 4.8655373384e-17)
    (6.1441461614e-20 6.4884584780e-17)
    (6.4223254222e-20 8.5391983033e-17)
    (6.7130993868e-20 1.1094313766e-16)
    (7.0170382867e-20 1.4234236360e-16)
    (7.3347381708e-20 1.8082783866e-16)
    (7.6668220745e-20 2.2638050150e-16)
    (8.0139412415e-20 2.8018342589e-16)
    (8.3767764007e-20 3.4295545442e-16)
    (8.7560391014e-20 4.1533297782e-16)
    (9.1524731088e-20 4.9900278223e-16)
    (9.5668558622e-20 5.9211763598e-16)
    (1.0000000000e-19 6.9608234579e-16)
    (1.0452754953e-19 8.1107673375e-16)
    (1.0926008611e-19 9.3749122973e-16)
    (1.1420689063e-19 1.0746247787e-15)
    (1.1937766417e-19 1.2226881193e-15)
    (1.2478254705e-19 1.3814820650e-15)
    (1.3043213867e-19 1.5507510101e-15)
    (1.3633751836e-19 1.7311540136e-15)
    (1.4251026703e-19 1.9202871548e-15)
    (1.4896248996e-19 2.1189436129e-15)
    (1.5570684048e-19 2.3267843288e-15)
    (1.6275654480e-19 2.5434720936e-15)
    (1.7012542799e-19 2.7690574688e-15)
    (1.7782794100e-19 3.0023659319e-15)
    (1.8587918911e-19 3.2435731879e-15)
    (1.9429496147e-19 3.4923835993e-15)
    (2.0309176209e-19 3.7485126507e-15)
    (2.1228684221e-19 4.0116857586e-15)
    (2.2189823415e-19 4.2816366269e-15)
    (2.3194478661e-19 4.5581055022e-15)
    (2.4244620171e-19 4.8400670940e-15)
    (2.5342307358e-19 5.1288162266e-15)
    (2.6489692876e-19 5.4228345143e-15)
    (2.7689026842e-19 5.7228825212e-15)
    (2.8942661247e-19 6.0282376276e-15)
    (3.0253054571e-19 6.3386528031e-15)
    (3.1622776602e-19 6.6534635267e-15)
    (3.3054513476e-19 6.9731976081e-15)
    (3.4551072946e-19 7.2972798294e-15)
    (3.6115389887e-19 7.6283485524e-15)
    (3.7750532053e-19 7.9602194383e-15)
    (3.9459706091e-19 8.2957369148e-15)
    (4.1246263829e-19 8.6346655670e-15)
    (4.3113708854e-19 8.9767714931e-15)
    (4.5065703377e-19 9.3218223615e-15)
    (4.7106075420e-19 9.6663347720e-15)
    (4.9238826317e-19 1.0016660329e-14)
    (5.1468138568e-19 1.0369257266e-14)
    (5.3798384034e-19 1.0723888774e-14)
    (5.6234132519e-19 1.1078201334e-14)
    (5.8780160723e-19 1.1436254095e-14)
    (6.1441461614e-19 1.1795689642e-14)
    (6.4223254222e-19 1.2949242727e-14)
    (6.7130993868e-19 1.3355449798e-14)
    (7.0170382867e-19 1.3764353013e-14)
    (7.3347381708e-19 1.4173952358e-14)
    (7.6668220745e-19 1.4583891843e-14)
    (8.0139412415e-19 1.4991667352e-14)
    (8.3767764007e-19 1.5400711215e-14)
    (8.7560391014e-19 1.5805198462e-14)
    (9.1524731088e-19 1.6212309987e-14)
    (9.5668558622e-19 1.6617804149e-14)
    (1.0000000000e-18 1.7019116580e-14)
    (1.0452754953e-18 1.7420384366e-14)
    (1.0926008611e-18 1.7818991628e-14)
    (1.1420689063e-18 1.8213156086e-14)
    (1.1937766417e-18 1.8605426149e-14)
    (1.2478254705e-18 1.8994028429e-14)
    (1.3043213867e-18 1.9378670720e-14)
    (1.3633751836e-18 1.9753728294e-14)
    (1.4251026703e-18 2.0129652316e-14)
    (1.4896248996e-18 2.0500521139e-14)
    (1.5570684048e-18 2.0860700904e-14)
    (1.6275654480e-18 2.1220578274e-14)
    (1.7012542799e-18 2.1574197463e-14)
    (1.7782794100e-18 2.1921262980e-14)
    (1.8587918911e-18 2.2257003575e-14)
    (1.9429496147e-18 2.2589221762e-14)
    (2.0309176209e-18 2.2913398365e-14)
    (2.1228684221e-18 2.3224811417e-14)
    (2.2189823415e-18 2.3530845086e-14)
    (2.3194478661e-18 2.3827047794e-14)
    (2.4244620171e-18 2.4107339861e-14)
    (2.5342307358e-18 2.4381982032e-14)
    (2.6489692876e-18 2.4637374289e-14)
    (2.7689026842e-18 2.4829687922e-14)
    (2.8942661247e-18 2.5125395720e-14)
    (3.0253054571e-18 2.5341807124e-14)
    (3.1622776602e-18 2.5495556095e-14)
    (3.3054513476e-18 2.5744105714e-14)
    (3.4551072946e-18 2.5874140794e-14)
    (3.6115389887e-18 2.6075623817e-14)
    (3.7750532053e-18 2.6209790458e-14)
    (3.9459706091e-18 2.6274879967e-14)
    (4.1246263829e-18 2.6434979319e-14)
    (4.3113708854e-18 2.6477685810e-14)
    (4.5065703377e-18 2.6587423238e-14)
    (4.7106075420e-18 2.6624245561e-14)
    (4.9238826317e-18 2.6648752418e-14)
    (5.1468138568e-18 2.6644297872e-14)
    (5.3798384034e-18 2.6625277414e-14)
    (5.6234132519e-18 2.6574886074e-14)
    (5.8780160723e-18 2.6511184763e-14)
    (6.1441461614e-18 2.6416335822e-14)
    (6.4223254222e-18 2.6306992711e-14)
    (6.7130993868e-18 2.6173812802e-14)
    (7.0170382867e-18 2.6010075991e-14)
    (7.3347381708e-18 2.5831227686e-14)
    (7.6668220745e-18 2.5577548018e-14)
    (8.0139412415e-18 2.5333424182e-14)
    (8.3767764007e-18 2.5096207765e-14)
    (8.7560391014e-18 2.4877261166e-14)
    (9.1524731088e-18 2.4526155097e-14)
    (9.5668558622e-18 2.4268911040e-14)
    (1.0000000000e-17 2.3878868151e-14)
);
