// k[EI_N_EXC_N_2D] [m^3/s] vs reducedE [V m^2]; air_plasma [94c490be646f8872], T_gas = 300.000000 K
(
    (0 0.0000000000e+00)
    (1.0000000000e-22 0.0000000000e+00)
    (1.0452754953e-22 0.0000000000e+00)
    (1.0926008611e-22 0.0000000000e+00)
    (1.1420689063e-22 0.0000000000e+00)
    (1.1937766417e-22 0.0000000000e+00)
    (1.2478254705e-22 0.0000000000e+00)
    (1.3043213867e-22 0.0000000000e+00)
    (1.3633751836e-22 0.0000000000e+00)
    (1.4251026703e-22 0.0000000000e+00)
    (1.4896248996e-22 0.0000000000e+00)
    (1.5570684048e-22 0.0000000000e+00)
    (1.6275654480e-22 0.0000000000e+00)
    (1.7012542799e-22 0.0000000000e+00)
    (1.7782794100e-22 0.0000000000e+00)
    (1.8587918911e-22 0.0000000000e+00)
    (1.9429496147e-22 0.0000000000e+00)
    (2.0309176209e-22 0.0000000000e+00)
    (2.1228684221e-22 0.0000000000e+00)
    (2.2189823415e-22 0.0000000000e+00)
    (2.3194478661e-22 0.0000000000e+00)
    (2.4244620171e-22 0.0000000000e+00)
    (2.5342307358e-22 0.0000000000e+00)
    (2.6489692876e-22 0.0000000000e+00)
    (2.7689026842e-22 0.0000000000e+00)
    (2.8942661247e-22 0.0000000000e+00)
    (3.0253054571e-22 0.0000000000e+00)
    (3.1622776602e-22 0.0000000000e+00)
    (3.3054513476e-22 0.0000000000e+00)
    (3.4551072946e-22 0.0000000000e+00)
    (3.6115389887e-22 0.0000000000e+00)
    (3.7750532053e-22 0.0000000000e+00)
    (3.9459706091e-22 0.0000000000e+00)
    (4.1246263829e-22 0.0000000000e+00)
    (4.3113708854e-22 0.0000000000e+00)
    (4.5065703377e-22 0.0000000000e+00)
    (4.7106075420e-22 0.0000000000e+00)
    (4.9238826317e-22 0.0000000000e+00)
    (5.1468138568e-22 0.0000000000e+00)
    (5.3798384034e-22 0.0000000000e+00)
    (5.6234132519e-22 0.0000000000e+00)
    (5.8780160723e-22 0.0000000000e+00)
    (6.1441461614e-22 0.0000000000e+00)
    (6.4223254222e-22 0.0000000000e+00)
    (6.7130993868e-22 0.0000000000e+00)
    (7.0170382867e-22 0.0000000000e+00)
    (7.3347381708e-22 0.0000000000e+00)
    (7.6668220745e-22 0.0000000000e+00)
    (8.0139412415e-22 0.0000000000e+00)
    (8.3767764007e-22 0.0000000000e+00)
    (8.7560391014e-22 0.0000000000e+00)
    (9.1524731088e-22 0.0000000000e+00)
    (9.5668558622e-22 0.0000000000e+00)
    (1.0000000000e-21 0.0000000000e+00)
    (1.0452754953e-21 0.0000000000e+00)
    (1.0926008611e-21 0.0000000000e+00)
    (1.1420689063e-21 0.0000000000e+00)
    (1.1937766417e-21 0.0000000000e+00)
    (1.2478254705e-21 0.0000000000e+00)
    (1.3043213867e-21 0.0000000000e+00)
    (1.3633751836e-21 0.0000000000e+00)
    (1.4251026703e-21 0.0000000000e+00)
    (1.4896248996e-21 0.0000000000e+00)
    (1.5570684048e-21 0.0000000000e+00)
    (1.6275654480e-21 0.0000000000e+00)
    (1.7012542799e-21 0.0000000000e+00)
    (1.7782794100e-21 0.0000000000e+00)
    (1.8587918911e-21 0.0000000000e+00)
    (1.9429496147e-21 0.0000000000e+00)
    (2.0309176209e-21 0.0000000000e+00)
    (2.1228684221e-21 0.0000000000e+00)
    (2.2189823415e-21 0.0000000000e+00)
    (2.3194478661e-21 0.0000000000e+00)
    (2.4244620171e-21 0.0000000000e+00)
    (2.5342307358e-21 0.0000000000e+00)
    (2.6489692876e-21 0.0000000000e+00)
    (2.7689026842e-21 0.0000000000e+00)
    (2.8942661247e-21 0.0000000000e+00)
    (3.0253054571e-21 0.0000000000e+00)
    (3.1622776602e-21 0.0000000000e+00)
    (3.3054513476e-21 0.0000000000e+00)
    (3.4551072946e-21 0.0000000000e+00)
    (3.6115389887e-21 0.0000000000e+00)
    (3.7750532053e-21 0.0000000000e+00)
    (3.9459706091e-21 0.0000000000e+00)
    (4.1246263829e-21 0.0000000000e+00)
    (4.3113708854e-21 0.0000000000e+00)
    (4.5065703377e-21 0.0000000000e+00)
    (4.7106075420e-21 0.0000000000e+00)
    (4.9238826317e-21 0.0000000000e+00)
    (5.1468138568e-21 0.0000000000e+00)
    (5.3798384034e-21 0.0000000000e+00)
    (5.6234132519e-21 0.0000000000e+00)
    (5.8780160723e-21 0.0000000000e+00)
    (6.1441461614e-21 0.0000000000e+00)
    (6.4223254222e-21 0.0000000000e+00)
    (6.7130993868e-21 0.0000000000e+00)
    (7.0170382867e-21 0.0000000000e+00)
    (7.3347381708e-21 0.0000000000e+00)
    (7.6668220745e-21 0.0000000000e+00)
    (8.0139412415e-21 0.0000000000e+00)
    (8.3767764007e-21 0.0000000000e+00)
    (8.7560391014e-21 0.0000000000e+00)
    (9.1524731088e-21 0.0000000000e+00)
    (9.5668558622e-21 0.0000000000e+00)
    (1.0000000000e-20 0.0000000000e+00)
    (1.0452754953e-20 0.0000000000e+00)
    (1.0926008611e-20 0.0000000000e+00)
    (1.1420689063e-20 0.0000000000e+00)
    (1.1937766417e-20 3.7124549865e-22)
    (1.2478254705e-20 6.3993226164e-22)
    (1.3043213867e-20 1.0812344561e-21)
    (1.3633751836e-20 1.7924276968e-21)
    (1.4251026703e-20 2.9176798197e-21)
    (1.4896248996e-20 4.6665811283e-21)
    (1.5570684048e-20 7.3381703665e-21)
    (1.6275654480e-20 1.1351379313e-20)
    (1.7012542799e-20 1.7282747897e-20)
    (1.7782794100e-20 2.5911953270e-20)
    (1.8587918911e-20 3.8275776879e-20)
    (1.9429496147e-20 6.7383481031e-20)
    (2.0309176209e-20 9.9538289111e-20)
    (2.1228684221e-20 1.4536671663e-19)
    (2.2189823415e-20 3.5256243802e-19)
    (2.3194478661e-20 5.5504174476e-19)
    (2.4244620171e-20 8.6896431008e-19)
    (2.5342307358e-20 1.3511977591e-18)
    (2.6489692876e-20 2.0838936245e-18)
    (2.7689026842e-20 2.9492107361e-18)
    (2.8942661247e-20 4.4319476995e-18)
    (3.0253054571e-20 6.5342214342e-18)
    (3.1622776602e-20 9.5277344921e-18)
    (3.3054513476e-20 1.3923080163e-17)
    (3.4551072946e-20 1.9811375963e-17)
    (3.6115389887e-20 2.7853476338e-17)
    (3.7750532053e-20 3.8687688102e-17)
    (3.9459706091e-20 5.3462174822e-17)
    (4.1246263829e-20 7.2416737038e-17)
    (4.3113708854e-20 9.6927611951e-17)
    (4.5065703377e-20 1.2820880022e-16)
    (4.7106075420e-20 1.6761222889e-16)
    (4.9238826317e-20 2.1835095638e-16)
    (5.1468138568e-20 2.7871650795e-16)
    (5.3798384034e-20 3.5182576567e-16)
    (5.6234132519e-20 4.3925159004e-16)
    (5.8780160723e-20 5.4442503306e-16)
    (6.1441461614e-20 6.6489717923e-16)
    (6.4223254222e-20 8.0355351632e-16)
    (6.7130993868e-20 9.6114504971e-16)
    (7.0170382867e-20 1.1380292804e-15)
    (7.3347381708e-20 1.3371846710e-15)
    (7.6668220745e-20 1.5517083832e-15)
    (8.0139412415e-20 1.7837481310e-15)
    (8.3767764007e-20 2.0317857952e-15)
    (8.7560391014e-20 2.2938893174e-15)
    (9.1524731088e-20 2.5736091894e-15)
    (9.5668558622e-20 2.8565830703e-15)
    (1.0000000000e-19 3.1461245096e-15)
    (1.0452754953e-19 3.4395321296e-15)
    (1.0926008611e-19 3.7356445552e-15)
    (1.1420689063e-19 4.0288688956e-15)
    (1.1937766417e-19 4.3185110038e-15)
    (1.2478254705e-19 4.6025242487e-15)
    (1.3043213867e-19 4.8791463229e-15)
    (1.3633751836e-19 5.1498905381e-15)
    (1.4251026703e-19 5.4069959195e-15)
    (1.4896248996e-19 5.6532517566e-15)
    (1.5570684048e-19 5.8880218199e-15)
    (1.6275654480e-19 6.1108967662e-15)
    (1.7012542799e-19 6.3226436882e-15)
    (1.7782794100e-19 6.5209940031e-15)
    (1.8587918911e-19 6.7073164811e-15)
    (1.9429496147e-19 6.8818044259e-15)
    (2.0309176209e-19 7.0447346700e-15)
    (2.1228684221e-19 7.1964458742e-15)
    (2.2189823415e-19 7.3373199879e-15)
    (2.3194478661e-19 7.4677667108e-15)
    (2.4244620171e-19 7.5870340361e-15)
    (2.5342307358e-19 7.6979141591e-15)
    (2.6489692876e-19 7.7988785123e-15)
    (2.7689026842e-19 7.8918897690e-15)
    (2.8942661247e-19 7.9765706605e-15)
    (3.0253054571e-19 8.0533054711e-15)
    (3.1622776602e-19 8.1224383616e-15)
    (3.3054513476e-19 8.1842707854e-15)
    (3.4551072946e-19 8.2391910707e-15)
    (3.6115389887e-19 8.2900404978e-15)
    (3.7750532053e-19 8.3316963940e-15)
    (3.9459706091e-19 8.3673008890e-15)
    (4.1246263829e-19 8.3970854047e-15)
    (4.3113708854e-19 8.4212629588e-15)
    (4.5065703377e-19 8.4400292305e-15)
    (4.7106075420e-19 8.4511112948e-15)
    (4.9238826317e-19 8.4597345126e-15)
    (5.1468138568e-19 8.4634253823e-15)
    (5.3798384034e-19 8.4623306437e-15)
    (5.6234132519e-19 8.4548723342e-15)
    (5.8780160723e-19 8.4446869994e-15)
    (6.1441461614e-19 8.4300552217e-15)
    (6.4223254222e-19 8.3877968722e-15)
    (6.7130993868e-19 8.3518656788e-15)
    (7.0170382867e-19 8.3122400252e-15)
    (7.3347381708e-19 8.2675284089e-15)
    (7.6668220745e-19 8.2178032340e-15)
    (8.0139412415e-19 8.1623917540e-15)
    (8.3767764007e-19 8.1030120880e-15)
    (8.7560391014e-19 8.0365605014e-15)
    (9.1524731088e-19 7.9680155595e-15)
    (9.5668558622e-19 7.8949177586e-15)
    (1.0000000000e-18 7.8162393993e-15)
    (1.0452754953e-18 7.7343397986e-15)
    (1.0926008611e-18 7.6481975322e-15)
    (1.1420689063e-18 7.5566550359e-15)
    (1.1937766417e-18 7.4623426950e-15)
    (1.2478254705e-18 7.3641416471e-15)
    (1.3043213867e-18 7.2621493498e-15)
    (1.3633751836e-18 7.1544135521e-15)
    (1.4251026703e-18 7.0454337239e-15)
    (1.4896248996e-18 6.9330575361e-15)
    (1.5570684048e-18 6.8154198848e-15)
    (1.6275654480e-18 6.6968810369e-15)
    (1.7012542799e-18 6.5753979929e-15)
    (1.7782794100e-18 6.4510175213e-15)
    (1.8587918911e-18 6.3229173369e-15)
    (1.9429496147e-18 6.1937182237e-15)
    (2.0309176209e-18 6.0621286500e-15)
    (2.1228684221e-18 5.9278591956e-15)
    (2.2189823415e-18 5.7925293431e-15)
    (2.3194478661e-18 5.6553454268e-15)
    (2.4244620171e-18 5.5154760388e-15)
    (2.5342307358e-18 5.3758663350e-15)
    (2.6489692876e-18 5.2333854944e-15)
    (2.7689026842e-18 5.0847976346e-15)
    (2.8942661247e-18 4.9500243466e-15)
    (3.0253054571e-18 4.8061769632e-15)
    (3.1622776602e-18 4.6557152702e-15)
    (3.3054513476e-18 4.5207796858e-15)
    (3.4551072946e-18 4.3727061138e-15)
    (3.6115389887e-18 4.2352398552e-15)
    (3.7750532053e-18 4.0934084730e-15)
    (3.9459706091e-18 3.9453426387e-15)
    (4.1246263829e-18 3.8106556469e-15)
    (4.3113708854e-18 3.6686212720e-15)
    (4.5065703377e-18 3.5344579594e-15)
    (4.7106075420e-18 3.3980417131e-15)
    (4.9238826317e-18 3.2635851897e-15)
    (5.1468138568e-18 3.1293342961e-15)
    (5.3798384034e-18 2.9986275609e-15)
    (5.6234132519e-18 2.8693292641e-15)
    (5.8780160723e-18 2.7428326788e-15)
    (6.1441461614e-18 2.6176551614e-15)
    (6.4223254222e-18 2.4958708826e-15)
    (6.7130993868e-18 2.3764715034e-15)
    (7.0170382867e-18 2.2593715249e-15)
    (7.3347381708e-18 2.1453198616e-15)
    (7.6668220745e-18 2.0313326868e-15)
    (8.0139412415e-18 1.9232528220e-15)
    (8.3767764007e-18 1.8183591103e-15)
    (8.7560391014e-18 1.7160324785e-15)
    (9.1524731088e-18 1.6130729702e-15)
    (9.5668558622e-18 1.5201647173e-15)
    (1.0000000000e-17 1.4232778473e-15)
);
