// k[EI_N2_EXC_N2_V6] [m^3/s] vs reducedE [V m^2]; air_plasma [94c490be646f8872], T_gas = 300.000000 K
(
    (0 0.0000000000e+00)
    (1.0000000000e-22 0.0000000000e+00)
    (1.0452754953e-22 0.0000000000e+00)
    (1.0926008611e-22 0.0000000000e+00)
    (1.1420689063e-22 0.0000000000e+00)
    (1.1937766417e-22 0.0000000000e+00)
    (1.2478254705e-22 0.0000000000e+00)
    (1.3043213867e-22 0.0000000000e+00)
    (1.3633751836e-22 0.0000000000e+00)
    (1.4251026703e-22 0.0000000000e+00)
    (1.4896248996e-22 0.0000000000e+00)
    (1.5570684048e-22 0.0000000000e+00)
    (1.6275654480e-22 0.0000000000e+00)
    (1.7012542799e-22 0.0000000000e+00)
    (1.7782794100e-22 0.0000000000e+00)
    (1.8587918911e-22 0.0000000000e+00)
    (1.9429496147e-22 0.0000000000e+00)
    (2.0309176209e-22 0.0000000000e+00)
    (2.1228684221e-22 0.0000000000e+00)
    (2.2189823415e-22 0.0000000000e+00)
    (2.3194478661e-22 0.0000000000e+00)
    (2.4244620171e-22 0.0000000000e+00)
    (2.5342307358e-22 0.0000000000e+00)
    (2.6489692876e-22 0.0000000000e+00)
    (2.7689026842e-22 0.0000000000e+00)
    (2.8942661247e-22 0.0000000000e+00)
    (3.0253054571e-22 0.0000000000e+00)
    (3.1622776602e-22 0.0000000000e+00)
    (3.3054513476e-22 0.0000000000e+00)
    (3.4551072946e-22 0.0000000000e+00)
    (3.6115389887e-22 0.0000000000e+00)
    (3.7750532053e-22 0.0000000000e+00)
    (3.9459706091e-22 0.0000000000e+00)
    (4.1246263829e-22 0.0000000000e+00)
    (4.3113708854e-22 0.0000000000e+00)
    (4.5065703377e-22 0.0000000000e+00)
    (4.7106075420e-22 0.0000000000e+00)
    (4.9238826317e-22 0.0000000000e+00)
    (5.1468138568e-22 0.0000000000e+00)
    (5.3798384034e-22 0.0000000000e+00)
    (5.6234132519e-22 0.0000000000e+00)
    (5.8780160723e-22 0.0000000000e+00)
    (6.1441461614e-22 0.0000000000e+00)
    (6.4223254222e-22 0.0000000000e+00)
    (6.7130993868e-22 0.0000000000e+00)
    (7.0170382867e-22 0.0000000000e+00)
    (7.3347381708e-22 0.0000000000e+00)
    (7.6668220745e-22 0.0000000000e+00)
    (8.0139412415e-22 0.0000000000e+00)
    (8.3767764007e-22 0.0000000000e+00)
    (8.7560391014e-22 0.0000000000e+00)
    (9.1524731088e-22 0.0000000000e+00)
    (9.5668558622e-22 0.0000000000e+00)
    (1.0000000000e-21 0.0000000000e+00)
    (1.0452754953e-21 0.0000000000e+00)
    (1.0926008611e-21 0.0000000000e+00)
    (1.1420689063e-21 0.0000000000e+00)
    (1.1937766417e-21 0.0000000000e+00)
    (1.2478254705e-21 0.0000000000e+00)
    (1.3043213867e-21 0.0000000000e+00)
    (1.3633751836e-21 0.0000000000e+00)
    (1.4251026703e-21 0.0000000000e+00)
    (1.4896248996e-21 0.0000000000e+00)
    (1.5570684048e-21 0.0000000000e+00)
    (1.6275654480e-21 0.0000000000e+00)
    (1.7012542799e-21 0.0000000000e+00)
    (1.7782794100e-21 0.0000000000e+00)
    (1.8587918911e-21 0.0000000000e+00)
    (1.9429496147e-21 0.0000000000e+00)
    (2.0309176209e-21 0.0000000000e+00)
    (2.1228684221e-21 0.0000000000e+00)
    (2.2189823415e-21 0.0000000000e+00)
    (2.3194478661e-21 0.0000000000e+00)
    (2.4244620171e-21 0.0000000000e+00)
    (2.5342307358e-21 0.0000000000e+00)
    (2.6489692876e-21 0.0000000000e+00)
    (2.7689026842e-21 0.0000000000e+00)
    (2.8942661247e-21 0.0000000000e+00)
    (3.0253054571e-21 0.0000000000e+00)
    (3.1622776602e-21 0.0000000000e+00)
    (3.3054513476e-21 0.0000000000e+00)
    (3.4551072946e-21 0.0000000000e+00)
    (3.6115389887e-21 0.0000000000e+00)
    (3.7750532053e-21 0.0000000000e+00)
    (3.9459706091e-21 0.0000000000e+00)
    (4.1246263829e-21 0.0000000000e+00)
    (4.3113708854e-21 0.0000000000e+00)
    (4.5065703377e-21 0.0000000000e+00)
    (4.7106075420e-21 0.0000000000e+00)
    (4.9238826317e-21 2.8266139045e-26)
    (5.1468138568e-21 5.5245735365e-26)
    (5.3798384034e-21 1.0960559647e-25)
    (5.6234132519e-21 2.2119728899e-25)
    (5.8780160723e-21 7.8251920301e-25)
    (6.1441461614e-21 2.3563037386e-24)
    (6.4223254222e-21 5.2500727483e-24)
    (6.7130993868e-21 1.0547130514e-23)
    (7.0170382867e-21 2.0129451301e-23)
    (7.3347381708e-21 3.7153971926e-23)
    (7.6668220745e-21 6.6789441389e-23)
    (8.0139412415e-21 1.1728129838e-22)
    (8.3767764007e-21 2.0145323561e-22)
    (8.7560391014e-21 3.3876265464e-22)
    (9.1524731088e-21 5.5803333239e-22)
    (9.5668558622e-21 9.0098515621e-22)
    (1.0000000000e-20 1.4266650425e-21)
    (1.0452754953e-20 2.2168531369e-21)
    (1.0926008611e-20 3.3824767308e-21)
    (1.1420689063e-20 5.0709824512e-21)
    (1.1937766417e-20 3.0916605552e-20)
    (1.2478254705e-20 4.8078187086e-20)
    (1.3043213867e-20 7.3600922591e-20)
    (1.3633751836e-20 1.1098159961e-19)
    (1.4251026703e-20 1.6492948041e-19)
    (1.4896248996e-20 2.4169358185e-19)
    (1.5570684048e-20 3.4944890272e-19)
    (1.6275654480e-20 4.9874429690e-19)
    (1.7012542799e-20 7.0301280053e-19)
    (1.7782794100e-20 9.7914180477e-19)
    (1.8587918911e-20 1.3480999586e-18)
    (1.9429496147e-20 1.8114065531e-18)
    (2.0309176209e-20 2.4350365331e-18)
    (2.1228684221e-20 3.2395801804e-18)
    (2.2189823415e-20 4.3261131529e-18)
    (2.3194478661e-20 5.6327818343e-18)
    (2.4244620171e-20 7.2677719200e-18)
    (2.5342307358e-20 9.2953836215e-18)
    (2.6489692876e-20 1.1788254313e-17)
    (2.7689026842e-20 1.5017489667e-17)
    (2.8942661247e-20 1.8825462333e-17)
    (3.0253054571e-20 2.3259468104e-17)
    (3.1622776602e-20 2.8531003165e-17)
    (3.3054513476e-20 3.4948207261e-17)
    (3.4551072946e-20 4.2249639761e-17)
    (3.6115389887e-20 5.0737909119e-17)
    (3.7750532053e-20 6.0534973062e-17)
    (3.9459706091e-20 7.1870303363e-17)
    (4.1246263829e-20 8.4633760601e-17)
    (4.3113708854e-20 9.9044114756e-17)
    (4.5065703377e-20 1.1519103333e-16)
    (4.7106075420e-20 1.3314317650e-16)
    (4.9238826317e-20 1.5367425164e-16)
    (5.1468138568e-20 1.7534415295e-16)
    (5.3798384034e-20 1.9882902755e-16)
    (5.6234132519e-20 2.2404882094e-16)
    (5.8780160723e-20 2.5104098267e-16)
    (6.1441461614e-20 2.7926848256e-16)
    (6.4223254222e-20 3.0867601187e-16)
    (6.7130993868e-20 3.3897404392e-16)
    (7.0170382867e-20 3.6982761892e-16)
    (7.3347381708e-20 4.0107022582e-16)
    (7.6668220745e-20 4.3182954672e-16)
    (8.0139412415e-20 4.6197488362e-16)
    (8.3767764007e-20 4.9110739016e-16)
    (8.7560391014e-20 5.1884865888e-16)
    (9.1524731088e-20 5.4529708591e-16)
    (9.5668558622e-20 5.6921698493e-16)
    (1.0000000000e-19 5.9086445510e-16)
    (1.0452754953e-19 6.1005925753e-16)
    (1.0926008611e-19 6.2672838402e-16)
    (1.1420689063e-19 6.4073032246e-16)
    (1.1937766417e-19 6.5210183203e-16)
    (1.2478254705e-19 6.6089129126e-16)
    (1.3043213867e-19 6.6718898422e-16)
    (1.3633751836e-19 6.7168219324e-16)
    (1.4251026703e-19 6.7332501908e-16)
    (1.4896248996e-19 6.7292358641e-16)
    (1.5570684048e-19 6.7065209414e-16)
    (1.6275654480e-19 6.6668858653e-16)
    (1.7012542799e-19 6.6099096289e-16)
    (1.7782794100e-19 6.5417853644e-16)
    (1.8587918911e-19 6.4618849718e-16)
    (1.9429496147e-19 6.3717479644e-16)
    (2.0309176209e-19 6.2728046915e-16)
    (2.1228684221e-19 6.1663699612e-16)
    (2.2189823415e-19 6.0536414740e-16)
    (2.3194478661e-19 5.9357018693e-16)
    (2.4244620171e-19 5.8126165922e-16)
    (2.5342307358e-19 5.6871885107e-16)
    (2.6489692876e-19 5.5611676212e-16)
    (2.7689026842e-19 5.4309708330e-16)
    (2.8942661247e-19 5.2994668673e-16)
    (3.0253054571e-19 5.1671865408e-16)
    (3.1622776602e-19 5.0351761445e-16)
    (3.3054513476e-19 4.9027001727e-16)
    (3.4551072946e-19 4.7706687904e-16)
    (3.6115389887e-19 4.6337160420e-16)
    (3.7750532053e-19 4.5037070482e-16)
    (3.9459706091e-19 4.3749695116e-16)
    (4.1246263829e-19 4.2477046394e-16)
    (4.3113708854e-19 4.1220861764e-16)
    (4.5065703377e-19 3.9982634767e-16)
    (4.7106075420e-19 3.8786382050e-16)
    (4.9238826317e-19 3.7586417863e-16)
    (5.1468138568e-19 3.6407709096e-16)
    (5.3798384034e-19 3.5250997172e-16)
    (5.6234132519e-19 3.4107560474e-16)
    (5.8780160723e-19 3.2996993181e-16)
    (6.1441461614e-19 3.1909911293e-16)
    (6.4223254222e-19 2.8192724662e-16)
    (6.7130993868e-19 2.7077597638e-16)
    (7.0170382867e-19 2.5990252376e-16)
    (7.3347381708e-19 2.4932461282e-16)
    (7.6668220745e-19 2.3904345526e-16)
    (8.0139412415e-19 2.2918531804e-16)
    (8.3767764007e-19 2.1949573550e-16)
    (8.7560391014e-19 2.1005926988e-16)
    (9.1524731088e-19 2.0096738471e-16)
    (9.5668558622e-19 1.9216886798e-16)
    (1.0000000000e-18 1.8348460944e-16)
    (1.0452754953e-18 1.7528048237e-16)
    (1.0926008611e-18 1.6735734432e-16)
    (1.1420689063e-18 1.5997121845e-16)
    (1.1937766417e-18 1.5256012981e-16)
    (1.2478254705e-18 1.4541974706e-16)
    (1.3043213867e-18 1.3854336867e-16)
    (1.3633751836e-18 1.3162229377e-16)
    (1.4251026703e-18 1.2529661657e-16)
    (1.4896248996e-18 1.1921213673e-16)
    (1.5570684048e-18 1.1347431830e-16)
    (1.6275654480e-18 1.0783969413e-16)
    (1.7012542799e-18 1.0243117430e-16)
    (1.7782794100e-18 9.7239845033e-17)
    (1.8587918911e-18 9.2366769415e-17)
    (1.9429496147e-18 8.7582776537e-17)
    (2.0309176209e-18 8.2999565925e-17)
    (2.1228684221e-18 7.8505378919e-17)
    (2.2189823415e-18 7.4329833847e-17)
    (2.3194478661e-18 7.0333759177e-17)
    (2.4244620171e-18 6.6455780227e-17)
    (2.5342307358e-18 6.2821606502e-17)
    (2.6489692876e-18 5.9385079224e-17)
    (2.7689026842e-18 5.5951412040e-17)
    (2.8942661247e-18 5.2905436529e-17)
    (3.0253054571e-18 4.9926867376e-17)
    (3.1622776602e-18 4.6928772404e-17)
    (3.3054513476e-18 4.4305082083e-17)
    (3.4551072946e-18 4.1627867379e-17)
    (3.6115389887e-18 3.9198334169e-17)
    (3.7750532053e-18 3.6836186795e-17)
    (3.9459706091e-18 3.4609052458e-17)
    (4.1246263829e-18 3.2442087694e-17)
    (4.3113708854e-18 3.0494879535e-17)
    (4.5065703377e-18 2.8535718738e-17)
    (4.7106075420e-18 2.6749247143e-17)
    (4.9238826317e-18 2.5040243226e-17)
    (5.1468138568e-18 2.3421356658e-17)
    (5.3798384034e-18 2.1890570877e-17)
    (5.6234132519e-18 2.0458268166e-17)
    (5.8780160723e-18 1.9088205020e-17)
    (6.1441461614e-18 1.7793780770e-17)
    (6.4223254222e-18 1.6572561226e-17)
    (6.7130993868e-18 1.5419749574e-17)
    (7.0170382867e-18 1.4340764412e-17)
    (7.3347381708e-18 1.3316417215e-17)
    (7.6668220745e-18 1.2382666174e-17)
    (8.0139412415e-18 1.1476992018e-17)
    (8.3767764007e-18 1.0624202465e-17)
    (8.7560391014e-18 9.7867866205e-18)
    (9.1524731088e-18 9.0222687614e-18)
    (9.5668558622e-18 8.3323579299e-18)
    (1.0000000000e-17 7.6367203002e-18)
);
