// k[EI_N2_EXC_N2_ROT] [m^3/s] vs mean energy [eV]; air_plasma [94c490be646f8872], T_gas = 300.000000 K
(
    (0 5.1211443635e-17)
    (1.3716749438e-01 5.1211443635e-17)
    (1.4076979314e-01 5.2099417492e-17)
    (1.4397604008e-01 5.2877109501e-17)
    (1.4684113805e-01 5.3560897332e-17)
    (1.4941204783e-01 5.4164542437e-17)
    (1.5172864004e-01 5.4699537846e-17)
    (1.5382482203e-01 5.5175495727e-17)
    (1.5572964088e-01 5.5600504906e-17)
    (1.5746824649e-01 5.5981434860e-17)
    (1.5906268561e-01 5.6324183543e-17)
    (1.6040186980e-01 5.6483668944e-17)
    (1.6189539494e-01 5.6915012369e-17)
    (1.6316727128e-01 5.7171601854e-17)
    (1.6436286366e-01 5.7407242220e-17)
    (1.6549578572e-01 5.7625198303e-17)
    (1.6657873020e-01 5.7828455720e-17)
    (1.6762359287e-01 5.8019763053e-17)
    (1.6865359887e-01 5.8201848854e-17)
    (1.6965539117e-01 5.8376745245e-17)
    (1.7065096866e-01 5.8546813715e-17)
    (1.7163702901e-01 5.8704961505e-17)
    (1.7264762429e-01 5.8871493061e-17)
    (1.7367878080e-01 5.9038944998e-17)
    (1.7473849913e-01 5.9208985393e-17)
    (1.7583432821e-01 5.9383163625e-17)
    (1.7697337833e-01 5.9562913777e-17)
    (1.7816233417e-01 5.9749557565e-17)
    (1.7940746844e-01 5.9944307051e-17)
    (1.8071465956e-01 6.0148267822e-17)
    (1.8208941158e-01 6.0362442459e-17)
    (1.8353687952e-01 6.0587734914e-17)
    (1.8506190021e-01 6.0824955824e-17)
    (1.8666902928e-01 6.1074828956e-17)
    (1.8836258474e-01 6.1337998855e-17)
    (1.9014669747e-01 6.1615039740e-17)
    (1.9202536831e-01 6.1906465623e-17)
    (1.9400253175e-01 6.2212741622e-17)
    (1.9608212573e-01 6.2534296346e-17)
    (1.9826816696e-01 6.2871535298e-17)
    (2.0056483136e-01 6.3224855152e-17)
    (2.0297653896e-01 6.3594658843e-17)
    (2.0550804255e-01 6.3981371373e-17)
    (2.0816451961e-01 6.4385456275e-17)
    (2.1095166654e-01 6.4807432681e-17)
    (2.1387579417e-01 6.5247892905e-17)
    (2.1694256551e-01 6.5705598168e-17)
    (2.2014788174e-01 6.6181457050e-17)
    (2.2353446165e-01 6.6683732411e-17)
    (2.2709477487e-01 6.7208918679e-17)
    (2.3084127841e-01 6.7758716193e-17)
    (2.3479833990e-01 6.8333630903e-17)
    (2.3896131204e-01 6.8939455779e-17)
    (2.4336011410e-01 6.9577746528e-17)
    (2.4801612280e-01 7.0252296896e-17)
    (2.5295360836e-01 7.0967683656e-17)
    (2.5819915170e-01 7.1725615484e-17)
    (2.6378576428e-01 7.2540530798e-17)
    (2.6974626976e-01 7.3416114147e-17)
    (2.7611829297e-01 7.4361421144e-17)
    (2.8294269841e-01 7.5386926767e-17)
    (2.9026321198e-01 7.6504603952e-17)
    (2.9812580887e-01 7.7727961188e-17)
    (3.0657783145e-01 7.9072023700e-17)
    (3.1566682518e-01 8.0553246873e-17)
    (3.2543909275e-01 8.2189350326e-17)
    (3.3590887576e-01 8.3991259378e-17)
    (3.4717223366e-01 8.5994203245e-17)
    (3.5923184525e-01 8.8210008005e-17)
    (3.7211014051e-01 9.0658267154e-17)
    (3.8581860584e-01 9.3357904672e-17)
    (4.0035610545e-01 9.6326669378e-17)
    (4.1570760906e-01 9.9580650923e-17)
    (4.3184344429e-01 1.0313387487e-16)
    (4.4871916534e-01 1.0699796551e-16)
    (4.6627608546e-01 1.1118197213e-16)
    (4.8444246122e-01 1.1569232833e-16)
    (5.0313526437e-01 1.2053295859e-16)
    (5.2226243543e-01 1.2570553328e-16)
    (5.4172546688e-01 1.3120984639e-16)
    (5.6142215538e-01 1.3704428983e-16)
    (5.8124935489e-01 1.4320638850e-16)
    (6.0110557847e-01 1.4969335921e-16)
    (6.2089332763e-01 1.5650266202e-16)
    (6.4052105642e-01 1.6363251194e-16)
    (6.5990472218e-01 1.7108233283e-16)
    (6.7896890624e-01 1.7885314003e-16)
    (6.9764751934e-01 1.8694784702e-16)
    (7.1588412933e-01 1.9537149879e-16)
    (7.3358637930e-01 2.0404276809e-16)
    (7.5079958278e-01 2.1311509497e-16)
    (7.6745534914e-01 2.2253380943e-16)
    (7.8353257443e-01 2.3231019375e-16)
    (7.9901752925e-01 2.4245735106e-16)
    (8.1390306874e-01 2.5299014093e-16)
    (8.2818782881e-01 2.6392512857e-16)
    (8.4187543928e-01 2.7528056344e-16)
    (8.5497377065e-01 2.8707637263e-16)
    (8.6749423532e-01 2.9933418979e-16)
    (8.7945114959e-01 3.1207741958e-16)
    (8.9086116369e-01 3.2533133989e-16)
    (9.0174276209e-01 3.3912324315e-16)
    (9.1211583392e-01 3.5348261646e-16)
    (9.2200131124e-01 3.6844135983e-16)
    (9.3142087166e-01 3.8403404052e-16)
    (9.4039670018e-01 4.0029818053e-16)
    (9.4895130466e-01 4.1727457348e-16)
    (9.5710737851e-01 4.3500762541e-16)
    (9.6488770504e-01 4.5354571413e-16)
    (9.7229590480e-01 4.7287977947e-16)
    (9.7938516806e-01 4.9316354455e-16)
    (9.8616493157e-01 5.1441503233e-16)
    (9.9265725541e-01 5.3669912712e-16)
    (9.9888405066e-01 5.6008583086e-16)
    (1.0048670871e+00 5.8465050880e-16)
    (1.0106280072e+00 6.1047411330e-16)
    (1.0161883436e+00 6.3764338450e-16)
    (1.0215695406e+00 6.6625102743e-16)
    (1.0267929771e+00 6.9639586685e-16)
    (1.0318799906e+00 7.2818297757e-16)
    (1.0368231653e+00 7.6156970295e-16)
    (1.0417033545e+00 7.9697344175e-16)
    (1.0465120906e+00 8.3437075376e-16)
    (1.0510868807e+00 8.7309352020e-16)
    (1.0558591909e+00 9.1489091582e-16)
    (1.0606532018e+00 9.5909601019e-16)
    (1.0655074201e+00 1.0058590840e-15)
    (1.0704684874e+00 1.0553363984e-15)
    (1.0751997678e+00 1.1059963788e-15)
    (1.0804337622e+00 1.1607320879e-15)
    (1.0860944541e+00 1.2193744681e-15)
    (1.0921800386e+00 1.2813919476e-15)
    (1.0986620881e+00 1.3460139372e-15)
    (1.1060807530e+00 1.4152750727e-15)
    (1.1144567565e+00 1.4883557585e-15)
    (1.1240549778e+00 1.5653635045e-15)
    (1.1350476813e+00 1.6434771850e-15)
    (1.1481500998e+00 1.7285869968e-15)
    (1.1636258816e+00 1.8176779825e-15)
    (1.1819885903e+00 1.9106319347e-15)
    (1.2038177970e+00 2.0072366817e-15)
    (1.2301634392e+00 2.1069008922e-15)
    (1.2609969547e+00 2.2096978362e-15)
    (1.2973623011e+00 2.3147896046e-15)
    (1.3400043219e+00 2.4214513413e-15)
    (1.3902463434e+00 2.5276351922e-15)
    (1.4476740790e+00 2.6347905127e-15)
    (1.5134371389e+00 2.7405190576e-15)
    (1.5880617832e+00 2.8436097700e-15)
    (1.6719409936e+00 2.9427958305e-15)
    (1.7660607111e+00 3.0316265459e-15)
    (1.8689224012e+00 3.1193408947e-15)
    (1.9811674971e+00 3.1994926311e-15)
    (2.1024762205e+00 3.2710549489e-15)
    (2.2323544682e+00 3.3331730389e-15)
    (2.3723894733e+00 3.3834783978e-15)
    (2.5173051548e+00 3.4250263732e-15)
    (2.6685098830e+00 3.4558510947e-15)
    (2.8251127850e+00 3.4759763442e-15)
    (2.9864403851e+00 3.4823190372e-15)
    (3.1511716909e+00 3.4822858284e-15)
    (3.3187345269e+00 3.4727106281e-15)
    (3.4884072290e+00 3.4542648023e-15)
    (3.6595680233e+00 3.4276994757e-15)
    (3.8329812664e+00 3.3931152849e-15)
    (4.0054036496e+00 3.3527846236e-15)
    (4.1781426577e+00 3.3067667508e-15)
    (4.3510158693e+00 3.2558406918e-15)
    (4.5239369987e+00 3.2007454996e-15)
    (4.6971621124e+00 3.1408660371e-15)
    (4.8701409956e+00 3.0795931762e-15)
    (5.0433978981e+00 3.0160295179e-15)
    (5.2171246269e+00 2.9506888165e-15)
    (5.3915564385e+00 2.8840263766e-15)
    (5.5669629672e+00 2.8164419119e-15)
    (5.7436400437e+00 2.7482833611e-15)
    (5.9219025873e+00 2.6798512647e-15)
    (6.1010979378e+00 2.6103650719e-15)
    (6.2835570480e+00 2.5422455464e-15)
    (6.4679920424e+00 2.4742969833e-15)
    (6.6560078498e+00 2.4071067664e-15)
    (6.8473428105e+00 2.3405774509e-15)
    (7.0423340173e+00 2.2748208541e-15)
    (7.2409465160e+00 2.2093126441e-15)
    (7.4442081971e+00 2.1454531101e-15)
    (7.6521663603e+00 2.0825861478e-15)
    (7.8676105911e+00 2.0180972060e-15)
    (8.0858487204e+00 1.9575167849e-15)
    (8.3098278045e+00 1.8980519487e-15)
    (8.5398932951e+00 1.8397292011e-15)
    (8.7763949131e+00 1.7825689076e-15)
    (9.0196879697e+00 1.7265861699e-15)
    (9.2670974767e+00 1.6724864675e-15)
    (9.5251096886e+00 1.6188552874e-15)
    (9.7910839770e+00 1.5664210259e-15)
    (1.0065371630e+01 1.5151835451e-15)
    (1.0346344593e+01 1.4650829719e-15)
    (1.0638438926e+01 1.4162193646e-15)
    (1.0940187398e+01 1.3685409913e-15)
    (1.1925355136e+01 1.2081340263e-15)
    (1.2308824412e+01 1.1586853218e-15)
    (1.2709276652e+01 1.1116243256e-15)
    (1.3126439691e+01 1.0659196781e-15)
    (1.3561263285e+01 1.0215647258e-15)
    (1.4012493747e+01 9.7950092576e-16)
    (1.4484291915e+01 9.3775082955e-16)
    (1.4973992379e+01 8.9630452177e-16)
    (1.5487666223e+01 8.5732414413e-16)
    (1.6023909695e+01 8.1963113384e-16)
    (1.6583468512e+01 7.8334535390e-16)
    (1.7168941463e+01 7.4813764260e-16)
    (1.7781023452e+01 7.1416292769e-16)
    (1.8422151615e+01 6.8135184957e-16)
    (1.9092649339e+01 6.4976508317e-16)
    (1.9794733945e+01 6.1933737172e-16)
    (2.0530664058e+01 5.9003903264e-16)
    (2.1299508263e+01 5.6105197544e-16)
    (2.2109288431e+01 5.3403786267e-16)
    (2.2959485968e+01 5.0806269663e-16)
    (2.3850104879e+01 4.8363671459e-16)
    (2.4788921536e+01 4.5958764298e-16)
    (2.5776295005e+01 4.3650916437e-16)
    (2.6817698048e+01 4.1436223635e-16)
    (2.7909067436e+01 3.9333945348e-16)
    (2.9061538888e+01 3.7297302143e-16)
    (3.0279874265e+01 3.5346106449e-16)
    (3.1556757395e+01 3.3421778923e-16)
    (3.2908931845e+01 3.1645695915e-16)
    (3.4342348823e+01 2.9945778206e-16)
    (3.5842127009e+01 2.8300201693e-16)
    (3.7437719791e+01 2.6753132659e-16)
    (3.9117090489e+01 2.5295370417e-16)
    (4.0644106575e+01 2.3828071220e-16)
    (4.2796040127e+01 2.2535172087e-16)
    (4.4789131155e+01 2.1265172765e-16)
    (4.6589221150e+01 1.9977804059e-16)
    (4.9179324484e+01 1.8871119706e-16)
    (5.1201199815e+01 1.7723268611e-16)
    (5.4099126670e+01 1.6696634978e-16)
    (5.6778858337e+01 1.5691141390e-16)
    (5.9117854096e+01 1.4736098648e-16)
    (6.2718461942e+01 1.3819449179e-16)
    (6.5410085846e+01 1.2985402542e-16)
    (6.9496742822e+01 1.2155658806e-16)
    (7.3180976752e+01 1.1394284795e-16)
    (7.7182577491e+01 1.0666423550e-16)
    (8.1420085225e+01 9.9753947730e-17)
    (8.6011788405e+01 9.3236651858e-17)
    (9.0867763137e+01 8.7126867479e-17)
    (9.6165388139e+01 8.1294829399e-17)
    (1.0177823578e+02 7.5787471412e-17)
    (1.0792309375e+02 7.0587439499e-17)
    (1.1458604701e+02 6.5678466710e-17)
    (1.2160542734e+02 6.1087251080e-17)
    (1.2939531717e+02 5.6724268840e-17)
    (1.3542361118e+02 5.2750266166e-17)
    (1.4388362195e+02 4.8892086342e-17)
    (1.5371740495e+02 4.5259195389e-17)
    (1.6736124994e+02 4.1691796572e-17)
    (1.7556818514e+02 3.8434943808e-17)
    (1.9180551086e+02 3.5495917634e-17)
    (2.0148427830e+02 3.2532495249e-17)
);
