// k[EI_N2_EXC_N2_V1RES] [m^3/s] vs mean energy [eV]; air_plasma [94c490be646f8872], T_gas = 300.000000 K
(
    (0 0.0000000000e+00)
    (1.3716736877e-01 0.0000000000e+00)
    (1.4076967004e-01 0.0000000000e+00)
    (1.4397591983e-01 0.0000000000e+00)
    (1.4684102077e-01 0.0000000000e+00)
    (1.4941193350e-01 0.0000000000e+00)
    (1.5172852860e-01 0.0000000000e+00)
    (1.5382471337e-01 0.0000000000e+00)
    (1.5572953486e-01 0.0000000000e+00)
    (1.5746814299e-01 0.0000000000e+00)
    (1.5906258451e-01 0.0000000000e+00)
    (1.6040177321e-01 0.0000000000e+00)
    (1.6189529828e-01 0.0000000000e+00)
    (1.6316717670e-01 0.0000000000e+00)
    (1.6436277106e-01 0.0000000000e+00)
    (1.6549569504e-01 0.0000000000e+00)
    (1.6657864137e-01 0.0000000000e+00)
    (1.6762350584e-01 0.0000000000e+00)
    (1.6865351356e-01 0.0000000000e+00)
    (1.6965530759e-01 0.0000000000e+00)
    (1.7065088677e-01 0.0000000000e+00)
    (1.7163694874e-01 0.0000000000e+00)
    (1.7264754568e-01 0.0000000000e+00)
    (1.7367870384e-01 0.0000000000e+00)
    (1.7473842382e-01 0.0000000000e+00)
    (1.7583425455e-01 0.0000000000e+00)
    (1.7697330632e-01 0.0000000000e+00)
    (1.7816226381e-01 0.0000000000e+00)
    (1.7940739973e-01 0.0000000000e+00)
    (1.8071459251e-01 0.0000000000e+00)
    (1.8208934620e-01 0.0000000000e+00)
    (1.8353681581e-01 0.0000000000e+00)
    (1.8506183817e-01 0.0000000000e+00)
    (1.8666896889e-01 0.0000000000e+00)
    (1.8836252602e-01 0.0000000000e+00)
    (1.9014664040e-01 0.0000000000e+00)
    (1.9202531289e-01 0.0000000000e+00)
    (1.9400247796e-01 0.0000000000e+00)
    (1.9608207355e-01 0.0000000000e+00)
    (1.9826811637e-01 0.0000000000e+00)
    (2.0056478234e-01 0.0000000000e+00)
    (2.0297649148e-01 0.0000000000e+00)
    (2.0550799658e-01 0.0000000000e+00)
    (2.0816447512e-01 0.0000000000e+00)
    (2.1095162348e-01 0.0000000000e+00)
    (2.1387575250e-01 0.0000000000e+00)
    (2.1694252519e-01 0.0000000000e+00)
    (2.2014784268e-01 0.0000000000e+00)
    (2.2353442384e-01 0.0000000000e+00)
    (2.2709473824e-01 0.0000000000e+00)
    (2.3084124291e-01 0.0000000000e+00)
    (2.3479830546e-01 0.0000000000e+00)
    (2.3896127860e-01 0.0000000000e+00)
    (2.4336008158e-01 0.0000000000e+00)
    (2.4801609114e-01 0.0000000000e+00)
    (2.5295357748e-01 0.0000000000e+00)
    (2.5819912151e-01 7.7471029897e-22)
    (2.6378573470e-01 1.1358073857e-21)
    (2.6974624072e-01 1.8245807856e-21)
    (2.7611826438e-01 3.0717403227e-21)
    (2.8294267020e-01 5.2516214534e-21)
    (2.9026318406e-01 8.9567878405e-21)
    (2.9812578117e-01 1.5103624231e-20)
    (3.0657780390e-01 2.5075711207e-20)
    (3.1566679772e-01 4.0913449955e-20)
    (3.2543906532e-01 6.5555877245e-20)
    (3.3590884834e-01 1.0007593985e-19)
    (3.4717220621e-01 1.5476858799e-19)
    (3.5923181777e-01 2.3518482735e-19)
    (3.7211011301e-01 3.5130203572e-19)
    (3.8581857835e-01 5.1602461470e-19)
    (4.0035607801e-01 7.4569841198e-19)
    (4.1570758173e-01 1.0605794521e-18)
    (4.3184341715e-01 1.4852746434e-18)
    (4.4871913847e-01 2.0490037575e-18)
    (4.6627605897e-01 2.7858091812e-18)
    (4.8444243519e-01 3.7345702133e-18)
    (5.0313523891e-01 4.9388294495e-18)
    (5.2226241062e-01 6.4464463988e-18)
    (5.4172544282e-01 8.3090828884e-18)
    (5.6142213216e-01 1.0581552968e-17)
    (5.8124933256e-01 1.3321077905e-17)
    (6.0110555710e-01 1.6586494379e-17)
    (6.2089330726e-01 2.0437473494e-17)
    (6.4052103707e-01 2.4933795735e-17)
    (6.5990470387e-01 3.0134731903e-17)
    (6.7896888897e-01 3.6098563948e-17)
    (6.9764750311e-01 4.2882270250e-17)
    (7.1588411412e-01 5.0541387359e-17)
    (7.3358636508e-01 5.8927602000e-17)
    (7.5079956951e-01 6.8411914288e-17)
    (7.6745533679e-01 7.8898533191e-17)
    (7.8353256295e-01 9.0429256915e-17)
    (7.9901751861e-01 1.0304377657e-16)
    (8.1390305888e-01 1.1677995990e-16)
    (8.2818781969e-01 1.3167416659e-16)
    (8.4187543085e-01 1.4776158392e-16)
    (8.5497376287e-01 1.6507652974e-16)
    (8.6749422815e-01 1.8365273648e-16)
    (8.7945114297e-01 2.0352360488e-16)
    (8.9086115759e-01 2.2472242720e-16)
    (9.0174275648e-01 2.4728258495e-16)
    (9.1211582875e-01 2.7123773097e-16)
    (9.2200130648e-01 2.9662196860e-16)
    (9.3142086729e-01 3.2347004302e-16)
    (9.4039669615e-01 3.5181756002e-16)
    (9.4895130096e-01 3.8170124653e-16)
    (9.5710737510e-01 4.1315926436e-16)
    (9.6488770191e-01 4.4623158607e-16)
    (9.7229590192e-01 4.8086200479e-16)
    (9.7938516542e-01 5.1724976334e-16)
    (9.8616492913e-01 5.5537270269e-16)
    (9.9265725317e-01 5.9527871113e-16)
    (9.9888404860e-01 6.3701932021e-16)
    (1.0048670852e+00 6.8065026479e-16)
    (1.0106280054e+00 7.2623204938e-16)
    (1.0161883420e+00 7.7383050595e-16)
    (1.0215695391e+00 8.2351732765e-16)
    (1.0267929757e+00 8.7537056765e-16)
    (1.0318799893e+00 9.2947508547e-16)
    (1.0368231641e+00 9.8560073858e-16)
    (1.0417033534e+00 1.0444615065e-15)
    (1.0465120896e+00 1.1058600368e-15)
    (1.0510868798e+00 1.1681693880e-15)
    (1.0558591901e+00 1.2350122082e-15)
    (1.0606532011e+00 1.3047520354e-15)
    (1.0655074194e+00 1.3775184398e-15)
    (1.0704684867e+00 1.4534455693e-15)
    (1.0751997672e+00 1.5291430882e-15)
    (1.0804337616e+00 1.6103599991e-15)
    (1.0860944535e+00 1.6967090149e-15)
    (1.0921800381e+00 1.7867674303e-15)
    (1.0986620877e+00 1.8787655554e-15)
    (1.1060807526e+00 1.9766118940e-15)
    (1.1144567561e+00 2.0784504973e-15)
    (1.1240549775e+00 2.1843109159e-15)
    (1.1350476809e+00 2.2892585568e-15)
    (1.1481500995e+00 2.4032178391e-15)
    (1.1636258812e+00 2.5209102095e-15)
    (1.1819885899e+00 2.6420608621e-15)
    (1.2038177966e+00 2.7662769999e-15)
    (1.2301634388e+00 2.8912389197e-15)
    (1.2609969543e+00 3.0198310764e-15)
    (1.2973623006e+00 3.1494540201e-15)
    (1.3400043215e+00 3.2791172168e-15)
    (1.3902463429e+00 3.4062885393e-15)
    (1.4476740785e+00 3.5326087828e-15)
    (1.5134371384e+00 3.6551402734e-15)
    (1.5880617826e+00 3.7724215577e-15)
    (1.6719409929e+00 3.8829661006e-15)
    (1.7660607105e+00 3.9761980403e-15)
    (1.8689224005e+00 4.0693393904e-15)
    (1.9811674964e+00 4.1517241920e-15)
    (2.1024762198e+00 4.2223215011e-15)
    (2.2323544675e+00 4.2803374386e-15)
    (2.3723894726e+00 4.3221397275e-15)
    (2.5173051541e+00 4.3538380612e-15)
    (2.6685098823e+00 4.3722045266e-15)
    (2.8251127843e+00 4.3775273428e-15)
    (2.9864403845e+00 4.3654696824e-15)
    (3.1511716903e+00 4.3469981717e-15)
    (3.3187345263e+00 4.3175210459e-15)
    (3.4884072284e+00 4.2780084714e-15)
    (3.6595680228e+00 4.2294950453e-15)
    (3.8329812660e+00 4.1711021853e-15)
    (4.0054036492e+00 4.1079580987e-15)
    (4.1781426573e+00 4.0389435266e-15)
    (4.3510158689e+00 3.9650173412e-15)
    (4.5239369983e+00 3.8870708422e-15)
    (4.6971621121e+00 3.8048300818e-15)
    (4.8701409953e+00 3.7213678085e-15)
    (5.0433978978e+00 3.6360655421e-15)
    (5.2171246267e+00 3.5494986244e-15)
    (5.3915564382e+00 3.4621671038e-15)
    (5.5669629670e+00 3.3745011098e-15)
    (5.7436400435e+00 3.2868670313e-15)
    (5.9219025871e+00 3.1995740471e-15)
    (6.1010979376e+00 3.1109130592e-15)
    (6.2835570479e+00 3.0252570313e-15)
    (6.4679920423e+00 2.9397186681e-15)
    (6.6560078497e+00 2.8562317154e-15)
    (6.8473428104e+00 2.7739578748e-15)
    (7.0423340172e+00 2.6929930422e-15)
    (7.2409465159e+00 2.6126376958e-15)
    (7.4442081970e+00 2.5346027620e-15)
    (7.6521663603e+00 2.4580420360e-15)
    (7.8676105910e+00 2.3795271017e-15)
    (8.0858487204e+00 2.3062286605e-15)
    (8.3098278044e+00 2.2344697610e-15)
    (8.5398932950e+00 2.1642610185e-15)
    (8.7763949131e+00 2.0956075027e-15)
    (9.0196879697e+00 2.0285096596e-15)
    (9.2670974766e+00 1.9635714423e-15)
    (9.5251096885e+00 1.8995603396e-15)
    (9.7910839770e+00 1.8370809725e-15)
    (1.0065371630e+01 1.7761214132e-15)
    (1.0346344593e+01 1.7170198143e-15)
    (1.0638438926e+01 1.6590060135e-15)
    (1.0940187398e+01 1.6024725600e-15)
    (1.1925355136e+01 1.4130113737e-15)
    (1.2308824412e+01 1.3543694813e-15)
    (1.2709276652e+01 1.2988733430e-15)
    (1.3126439691e+01 1.2450274847e-15)
    (1.3561263285e+01 1.1928180121e-15)
    (1.4012493747e+01 1.1432757309e-15)
    (1.4484291915e+01 1.0942202735e-15)
    (1.4973992379e+01 1.0454485280e-15)
    (1.5487666223e+01 9.9972483627e-16)
    (1.6023909695e+01 9.5553830000e-16)
    (1.6583468512e+01 9.1325168115e-16)
    (1.7168941463e+01 8.7199718558e-16)
    (1.7781023451e+01 8.3221015162e-16)
    (1.8422151615e+01 7.9344999814e-16)
    (1.9092649339e+01 7.5654283922e-16)
    (1.9794733945e+01 7.2100320923e-16)
    (2.0530664058e+01 6.8679477431e-16)
    (2.1299508263e+01 6.5302445131e-16)
    (2.2109288431e+01 6.2149567666e-16)
    (2.2959485968e+01 5.9118939683e-16)
    (2.3850104879e+01 5.6283402479e-16)
    (2.4788921536e+01 5.3477266284e-16)
    (2.5776295005e+01 5.0785267049e-16)
    (2.6817698048e+01 4.8202726361e-16)
    (2.7909067436e+01 4.5744202895e-16)
    (2.9061538888e+01 4.3371783069e-16)
    (3.0279874265e+01 4.1099361128e-16)
    (3.1556757395e+01 3.8852941634e-16)
    (3.2908931845e+01 3.6786125643e-16)
    (3.4342348823e+01 3.4808198716e-16)
    (3.5842127009e+01 3.2892827060e-16)
    (3.7437719791e+01 3.1093238778e-16)
    (3.9117090489e+01 2.9401313657e-16)
    (4.0644106575e+01 2.7693509591e-16)
    (4.2796040127e+01 2.6190433836e-16)
    (4.4789131155e+01 2.4714224518e-16)
    (4.6589221150e+01 2.3214939378e-16)
    (4.9179324484e+01 2.1930012295e-16)
    (5.1201199815e+01 2.0594097629e-16)
    (5.4099126670e+01 1.9401136069e-16)
    (5.6778858337e+01 1.8231544178e-16)
    (5.9117854096e+01 1.7121546856e-16)
    (6.2718461942e+01 1.6056487073e-16)
    (6.5410085846e+01 1.5087089567e-16)
    (6.9496742822e+01 1.4122808566e-16)
    (7.3180976752e+01 1.3238349358e-16)
    (7.7182577491e+01 1.2392494458e-16)
    (8.1420085225e+01 1.1589493607e-16)
    (8.6011788405e+01 1.0832191709e-16)
    (9.0867763137e+01 1.0122139617e-16)
    (9.6165388139e+01 9.4445322513e-17)
    (1.0177823578e+02 8.8047695877e-17)
    (1.0792309375e+02 8.2005972124e-17)
    (1.1458604701e+02 7.6302496080e-17)
    (1.2160542734e+02 7.0969685297e-17)
    (1.2939531717e+02 6.5900489054e-17)
    (1.3542361118e+02 6.1280369611e-17)
    (1.4388362195e+02 5.6798293920e-17)
    (1.5371740495e+02 5.2577937958e-17)
    (1.6736124994e+02 4.8433664687e-17)
    (1.7556818514e+02 4.4650155036e-17)
    (1.9180551086e+02 4.1235866856e-17)
    (2.0148427830e+02 3.7793237421e-17)
);
