// k[EI_O2_ION_O2] [m^3/s] vs reducedE [V m^2]; air_plasma [94c490be646f8872], T_gas = 300.000000 K
(
    (0 0.0000000000e+00)
    (1.0000000000e-22 0.0000000000e+00)
    (1.0452754953e-22 0.0000000000e+00)
    (1.0926008611e-22 0.0000000000e+00)
    (1.1420689063e-22 0.0000000000e+00)
    (1.1937766417e-22 0.0000000000e+00)
    (1.2478254705e-22 0.0000000000e+00)
    (1.3043213867e-22 0.0000000000e+00)
    (1.3633751836e-22 0.0000000000e+00)
    (1.4251026703e-22 0.0000000000e+00)
    (1.4896248996e-22 0.0000000000e+00)
    (1.5570684048e-22 0.0000000000e+00)
    (1.6275654480e-22 0.0000000000e+00)
    (1.7012542799e-22 0.0000000000e+00)
    (1.7782794100e-22 0.0000000000e+00)
    (1.8587918911e-22 0.0000000000e+00)
    (1.9429496147e-22 0.0000000000e+00)
    (2.0309176209e-22 0.0000000000e+00)
    (2.1228684221e-22 0.0000000000e+00)
    (2.2189823415e-22 0.0000000000e+00)
    (2.3194478661e-22 0.0000000000e+00)
    (2.4244620171e-22 0.0000000000e+00)
    (2.5342307358e-22 0.0000000000e+00)
    (2.6489692876e-22 0.0000000000e+00)
    (2.7689026842e-22 0.0000000000e+00)
    (2.8942661247e-22 0.0000000000e+00)
    (3.0253054571e-22 0.0000000000e+00)
    (3.1622776602e-22 0.0000000000e+00)
    (3.3054513476e-22 0.0000000000e+00)
    (3.4551072946e-22 0.0000000000e+00)
    (3.6115389887e-22 0.0000000000e+00)
    (3.7750532053e-22 0.0000000000e+00)
    (3.9459706091e-22 0.0000000000e+00)
    (4.1246263829e-22 0.0000000000e+00)
    (4.3113708854e-22 0.0000000000e+00)
    (4.5065703377e-22 0.0000000000e+00)
    (4.7106075420e-22 0.0000000000e+00)
    (4.9238826317e-22 0.0000000000e+00)
    (5.1468138568e-22 0.0000000000e+00)
    (5.3798384034e-22 0.0000000000e+00)
    (5.6234132519e-22 0.0000000000e+00)
    (5.8780160723e-22 0.0000000000e+00)
    (6.1441461614e-22 0.0000000000e+00)
    (6.4223254222e-22 0.0000000000e+00)
    (6.7130993868e-22 0.0000000000e+00)
    (7.0170382867e-22 0.0000000000e+00)
    (7.3347381708e-22 0.0000000000e+00)
    (7.6668220745e-22 0.0000000000e+00)
    (8.0139412415e-22 0.0000000000e+00)
    (8.3767764007e-22 0.0000000000e+00)
    (8.7560391014e-22 0.0000000000e+00)
    (9.1524731088e-22 0.0000000000e+00)
    (9.5668558622e-22 0.0000000000e+00)
    (1.0000000000e-21 0.0000000000e+00)
    (1.0452754953e-21 0.0000000000e+00)
    (1.0926008611e-21 0.0000000000e+00)
    (1.1420689063e-21 0.0000000000e+00)
    (1.1937766417e-21 0.0000000000e+00)
    (1.2478254705e-21 0.0000000000e+00)
    (1.3043213867e-21 0.0000000000e+00)
    (1.3633751836e-21 0.0000000000e+00)
    (1.4251026703e-21 0.0000000000e+00)
    (1.4896248996e-21 0.0000000000e+00)
    (1.5570684048e-21 0.0000000000e+00)
    (1.6275654480e-21 0.0000000000e+00)
    (1.7012542799e-21 0.0000000000e+00)
    (1.7782794100e-21 0.0000000000e+00)
    (1.8587918911e-21 0.0000000000e+00)
    (1.9429496147e-21 0.0000000000e+00)
    (2.0309176209e-21 0.0000000000e+00)
    (2.1228684221e-21 0.0000000000e+00)
    (2.2189823415e-21 0.0000000000e+00)
    (2.3194478661e-21 0.0000000000e+00)
    (2.4244620171e-21 0.0000000000e+00)
    (2.5342307358e-21 0.0000000000e+00)
    (2.6489692876e-21 0.0000000000e+00)
    (2.7689026842e-21 0.0000000000e+00)
    (2.8942661247e-21 0.0000000000e+00)
    (3.0253054571e-21 0.0000000000e+00)
    (3.1622776602e-21 0.0000000000e+00)
    (3.3054513476e-21 0.0000000000e+00)
    (3.4551072946e-21 0.0000000000e+00)
    (3.6115389887e-21 0.0000000000e+00)
    (3.7750532053e-21 0.0000000000e+00)
    (3.9459706091e-21 0.0000000000e+00)
    (4.1246263829e-21 0.0000000000e+00)
    (4.3113708854e-21 0.0000000000e+00)
    (4.5065703377e-21 0.0000000000e+00)
    (4.7106075420e-21 0.0000000000e+00)
    (4.9238826317e-21 0.0000000000e+00)
    (5.1468138568e-21 0.0000000000e+00)
    (5.3798384034e-21 0.0000000000e+00)
    (5.6234132519e-21 0.0000000000e+00)
    (5.8780160723e-21 0.0000000000e+00)
    (6.1441461614e-21 0.0000000000e+00)
    (6.4223254222e-21 0.0000000000e+00)
    (6.7130993868e-21 0.0000000000e+00)
    (7.0170382867e-21 0.0000000000e+00)
    (7.3347381708e-21 0.0000000000e+00)
    (7.6668220745e-21 0.0000000000e+00)
    (8.0139412415e-21 0.0000000000e+00)
    (8.3767764007e-21 0.0000000000e+00)
    (8.7560391014e-21 0.0000000000e+00)
    (9.1524731088e-21 0.0000000000e+00)
    (9.5668558622e-21 0.0000000000e+00)
    (1.0000000000e-20 0.0000000000e+00)
    (1.0452754953e-20 0.0000000000e+00)
    (1.0926008611e-20 0.0000000000e+00)
    (1.1420689063e-20 0.0000000000e+00)
    (1.1937766417e-20 0.0000000000e+00)
    (1.2478254705e-20 0.0000000000e+00)
    (1.3043213867e-20 0.0000000000e+00)
    (1.3633751836e-20 0.0000000000e+00)
    (1.4251026703e-20 0.0000000000e+00)
    (1.4896248996e-20 0.0000000000e+00)
    (1.5570684048e-20 0.0000000000e+00)
    (1.6275654480e-20 0.0000000000e+00)
    (1.7012542799e-20 0.0000000000e+00)
    (1.7782794100e-20 0.0000000000e+00)
    (1.8587918911e-20 0.0000000000e+00)
    (1.9429496147e-20 0.0000000000e+00)
    (2.0309176209e-20 0.0000000000e+00)
    (2.1228684221e-20 0.0000000000e+00)
    (2.2189823415e-20 0.0000000000e+00)
    (2.3194478661e-20 0.0000000000e+00)
    (2.4244620171e-20 0.0000000000e+00)
    (2.5342307358e-20 0.0000000000e+00)
    (2.6489692876e-20 0.0000000000e+00)
    (2.7689026842e-20 0.0000000000e+00)
    (2.8942661247e-20 0.0000000000e+00)
    (3.0253054571e-20 0.0000000000e+00)
    (3.1622776602e-20 0.0000000000e+00)
    (3.3054513476e-20 9.0003289390e-24)
    (3.4551072946e-20 1.7930376617e-23)
    (3.6115389887e-20 3.4613944536e-23)
    (3.7750532053e-20 6.4916207447e-23)
    (3.9459706091e-20 5.2259399493e-22)
    (4.1246263829e-20 9.8718662992e-22)
    (4.3113708854e-20 1.8135864805e-21)
    (4.5065703377e-20 3.2467973895e-21)
    (4.7106075420e-20 5.6718420662e-21)
    (4.9238826317e-20 1.0509682293e-20)
    (5.1468138568e-20 1.7755003450e-20)
    (5.3798384034e-20 2.9375898105e-20)
    (5.6234132519e-20 4.7635388940e-20)
    (5.8780160723e-20 7.6415088771e-20)
    (6.1441461614e-20 1.1954940679e-19)
    (6.4223254222e-20 1.8370419635e-19)
    (6.7130993868e-20 2.7743552100e-19)
    (7.0170382867e-20 4.1202207948e-19)
    (7.3347381708e-20 6.0541902488e-19)
    (7.6668220745e-20 8.7089761291e-19)
    (8.0139412415e-20 1.2343644087e-18)
    (8.3767764007e-20 1.7246905218e-18)
    (8.7560391014e-20 2.3768481783e-18)
    (9.1524731088e-20 3.2417218077e-18)
    (9.5668558622e-20 4.3531797888e-18)
    (1.0000000000e-19 5.7762054085e-18)
    (1.0452754953e-19 7.5776642852e-18)
    (1.0926008611e-19 9.8383493798e-18)
    (1.1420689063e-19 1.2638531764e-17)
    (1.1937766417e-19 1.6080061889e-17)
    (1.2478254705e-19 2.0273857178e-17)
    (1.3043213867e-19 2.5343963275e-17)
    (1.3633751836e-19 3.1445017820e-17)
    (1.4251026703e-19 3.8696092121e-17)
    (1.4896248996e-19 4.7285259344e-17)
    (1.5570684048e-19 5.7400106980e-17)
    (1.6275654480e-19 6.9246826975e-17)
    (1.7012542799e-19 8.3074429525e-17)
    (1.7782794100e-19 9.9085974572e-17)
    (1.8587918911e-19 1.1757376023e-16)
    (1.9429496147e-19 1.3883117852e-16)
    (2.0309176209e-19 1.6317597222e-16)
    (2.1228684221e-19 1.9095111575e-16)
    (2.2189823415e-19 2.2252538007e-16)
    (2.3194478661e-19 2.5829377381e-16)
    (2.4244620171e-19 2.9863264451e-16)
    (2.5342307358e-19 3.4411652648e-16)
    (2.6489692876e-19 3.9512452475e-16)
    (2.7689026842e-19 4.5224380920e-16)
    (2.8942661247e-19 5.1602770488e-16)
    (3.0253054571e-19 5.8704056761e-16)
    (3.1622776602e-19 6.6584309224e-16)
    (3.3054513476e-19 7.5312750689e-16)
    (3.4551072946e-19 8.4960029276e-16)
    (3.6115389887e-19 9.5701605329e-16)
    (3.7750532053e-19 1.0741665211e-15)
    (3.9459706091e-19 1.2028004939e-15)
    (4.1246263829e-19 1.3437634348e-15)
    (4.3113708854e-19 1.4979425686e-15)
    (4.5065703377e-19 1.6662676670e-15)
    (4.7106075420e-19 1.8482419297e-15)
    (4.9238826317e-19 2.0476986766e-15)
    (5.1468138568e-19 2.2644689576e-15)
    (5.3798384034e-19 2.4995753377e-15)
    (5.6234132519e-19 2.7532064797e-15)
    (5.8780160723e-19 3.0282607390e-15)
    (6.1441461614e-19 3.3253964461e-15)
    (6.4223254222e-19 4.3188644651e-15)
    (6.7130993868e-19 4.7594007440e-15)
    (7.0170382867e-19 5.2367683715e-15)
    (7.3347381708e-19 5.7535468530e-15)
    (7.6668220745e-19 6.3122495935e-15)
    (8.0139412415e-19 6.9131689437e-15)
    (8.3767764007e-19 7.5610203078e-15)
    (8.7560391014e-19 8.2576144392e-15)
    (9.1524731088e-19 9.0058089797e-15)
    (9.5668558622e-19 9.8081424286e-15)
    (1.0000000000e-18 1.0668140731e-14)
    (1.0452754953e-18 1.1587251417e-14)
    (1.0926008611e-18 1.2568738401e-14)
    (1.1420689063e-18 1.3617929997e-14)
    (1.1937766417e-18 1.4733338005e-14)
    (1.2478254705e-18 1.5919565294e-14)
    (1.3043213867e-18 1.7179954628e-14)
    (1.3633751836e-18 1.8515037352e-14)
    (1.4251026703e-18 1.9931506559e-14)
    (1.4896248996e-18 2.1430246816e-14)
    (1.5570684048e-18 2.3011000535e-14)
    (1.6275654480e-18 2.4681614430e-14)
    (1.7012542799e-18 2.6441799182e-14)
    (1.7782794100e-18 2.8296568393e-14)
    (1.8587918911e-18 3.0237891005e-14)
    (1.9429496147e-18 3.2278479441e-14)
    (2.0309176209e-18 3.4419695334e-14)
    (2.1228684221e-18 3.6647055465e-14)
    (2.2189823415e-18 3.8981398423e-14)
    (2.3194478661e-18 4.1420685851e-14)
    (2.4244620171e-18 4.3941797066e-14)
    (2.5342307358e-18 4.6576332969e-14)
    (2.6489692876e-18 4.9294757453e-14)
    (2.7689026842e-18 5.1837606576e-14)
    (2.8942661247e-18 5.5059077538e-14)
    (3.0253054571e-18 5.8066579911e-14)
    (3.1622776602e-18 6.0867829817e-14)
    (3.3054513476e-18 6.4406092033e-14)
    (3.4551072946e-18 6.7381231554e-14)
    (3.6115389887e-18 7.1068882967e-14)
    (3.7750532053e-18 7.4497555818e-14)
    (3.9459706091e-18 7.7615714763e-14)
    (4.1246263829e-18 8.1654809051e-14)
    (4.3113708854e-18 8.4953581885e-14)
    (4.5065703377e-18 8.9111636069e-14)
    (4.7106075420e-18 9.2873506512e-14)
    (4.9238826317e-18 9.6747458086e-14)
    (5.1468138568e-18 1.0062781165e-13)
    (5.3798384034e-18 1.0458769948e-13)
    (5.6234132519e-18 1.0851352516e-13)
    (5.8780160723e-18 1.1253176282e-13)
    (6.1441461614e-18 1.1650082245e-13)
    (6.4223254222e-18 1.2054489999e-13)
    (6.7130993868e-18 1.2458891392e-13)
    (7.0170382867e-18 1.2854034201e-13)
    (7.3347381708e-18 1.3255360674e-13)
    (7.6668220745e-18 1.3585915861e-13)
    (8.0139412415e-18 1.3960365980e-13)
    (8.3767764007e-18 1.4355020394e-13)
    (8.7560391014e-18 1.4804393408e-13)
    (9.1524731088e-18 1.5111678540e-13)
    (9.5668558622e-18 1.5534806885e-13)
    (1.0000000000e-17 1.5823137765e-13)
);
