// k[EI_O2_EXC_O2_V3] [m^3/s] vs reducedE [V m^2]; air_plasma [94c490be646f8872], T_gas = 300.000000 K
(
    (0 0.0000000000e+00)
    (1.0000000000e-22 0.0000000000e+00)
    (1.0452754953e-22 0.0000000000e+00)
    (1.0926008611e-22 0.0000000000e+00)
    (1.1420689063e-22 0.0000000000e+00)
    (1.1937766417e-22 0.0000000000e+00)
    (1.2478254705e-22 0.0000000000e+00)
    (1.3043213867e-22 0.0000000000e+00)
    (1.3633751836e-22 0.0000000000e+00)
    (1.4251026703e-22 0.0000000000e+00)
    (1.4896248996e-22 0.0000000000e+00)
    (1.5570684048e-22 0.0000000000e+00)
    (1.6275654480e-22 0.0000000000e+00)
    (1.7012542799e-22 0.0000000000e+00)
    (1.7782794100e-22 0.0000000000e+00)
    (1.8587918911e-22 0.0000000000e+00)
    (1.9429496147e-22 0.0000000000e+00)
    (2.0309176209e-22 0.0000000000e+00)
    (2.1228684221e-22 0.0000000000e+00)
    (2.2189823415e-22 0.0000000000e+00)
    (2.3194478661e-22 0.0000000000e+00)
    (2.4244620171e-22 2.9066806987e-22)
    (2.5342307358e-22 2.8677815019e-22)
    (2.6489692876e-22 2.8311692788e-22)
    (2.7689026842e-22 2.7985364686e-22)
    (2.8942661247e-22 2.7725796573e-22)
    (3.0253054571e-22 2.7573610269e-22)
    (3.1622776602e-22 2.7588400910e-22)
    (3.3054513476e-22 2.7854719048e-22)
    (3.4551072946e-22 2.8493480690e-22)
    (3.6115389887e-22 2.9674459503e-22)
    (3.7750532053e-22 3.1635332525e-22)
    (3.9459706091e-22 3.4707506519e-22)
    (4.1246263829e-22 3.9351480918e-22)
    (4.3113708854e-22 4.6205000137e-22)
    (4.5065703377e-22 5.6148212353e-22)
    (4.7106075420e-22 7.0391229589e-22)
    (4.9238826317e-22 9.0590843613e-22)
    (5.1468138568e-22 1.1900460471e-21)
    (5.3798384034e-22 1.5869196444e-21)
    (5.6234132519e-22 2.1377378733e-21)
    (5.8780160723e-22 2.8976316218e-21)
    (6.1441461614e-22 3.9398165863e-21)
    (6.4223254222e-22 5.3607552101e-21)
    (6.7130993868e-22 7.2864549556e-21)
    (7.0170382867e-22 9.8800171631e-21)
    (7.3347381708e-22 1.5682533168e-20)
    (7.6668220745e-22 2.1285750307e-20)
    (8.0139412415e-22 2.8949193688e-20)
    (8.3767764007e-22 3.9259736573e-20)
    (8.7560391014e-22 5.3042524712e-20)
    (9.1524731088e-22 7.1627233364e-20)
    (9.5668558622e-22 9.5885039312e-20)
    (1.0000000000e-21 1.2765254072e-19)
    (1.0452754953e-21 1.6894019539e-19)
    (1.0926008611e-21 2.2218043941e-19)
    (1.1420689063e-21 2.9062919289e-19)
    (1.1937766417e-21 3.7707629965e-19)
    (1.2478254705e-21 4.8578246420e-19)
    (1.3043213867e-21 6.2126950751e-19)
    (1.3633751836e-21 7.8860170414e-19)
    (1.4251026703e-21 9.9334113831e-19)
    (1.4896248996e-21 1.2414660166e-18)
    (1.5570684048e-21 1.5392467305e-18)
    (1.6275654480e-21 1.8930775456e-18)
    (1.7012542799e-21 2.3092643606e-18)
    (1.7782794100e-21 2.7933507477e-18)
    (1.8587918911e-21 3.3515280690e-18)
    (1.9429496147e-21 3.9878143436e-18)
    (2.0309176209e-21 4.7054185227e-18)
    (2.1228684221e-21 5.5060547824e-18)
    (2.2189823415e-21 6.3897102442e-18)
    (2.3194478661e-21 7.3544784420e-18)
    (2.4244620171e-21 8.3964759942e-18)
    (2.5342307358e-21 9.5098551666e-18)
    (2.6489692876e-21 1.0686916725e-17)
    (2.7689026842e-21 1.1918319214e-17)
    (2.8942661247e-21 1.3193372125e-17)
    (3.0253054571e-21 1.4500393676e-17)
    (3.1622776602e-21 1.5827108181e-17)
    (3.3054513476e-21 1.7161056515e-17)
    (3.4551072946e-21 1.8489993360e-17)
    (3.6115389887e-21 1.9802248208e-17)
    (3.7750532053e-21 2.1087032358e-17)
    (3.9459706091e-21 2.2334679942e-17)
    (4.1246263829e-21 2.3536817714e-17)
    (4.3113708854e-21 2.4686463927e-17)
    (4.5065703377e-21 2.5778061433e-17)
    (4.7106075420e-21 2.6807453536e-17)
    (4.9238826317e-21 2.7771591148e-17)
    (5.1468138568e-21 2.8669381916e-17)
    (5.3798384034e-21 2.9500082184e-17)
    (5.6234132519e-21 3.0264145253e-17)
    (5.8780160723e-21 3.0962828949e-17)
    (6.1441461614e-21 3.1598048916e-17)
    (6.4223254222e-21 3.2172239030e-17)
    (6.7130993868e-21 3.2688222749e-17)
    (7.0170382867e-21 3.3149097588e-17)
    (7.3347381708e-21 3.3558134149e-17)
    (7.6668220745e-21 3.3918689791e-17)
    (8.0139412415e-21 3.4234136626e-17)
    (8.3767764007e-21 3.4507802926e-17)
    (8.7560391014e-21 3.4742926765e-17)
    (9.1524731088e-21 3.4942620518e-17)
    (9.5668558622e-21 3.5109844804e-17)
    (1.0000000000e-20 3.5247390461e-17)
    (1.0452754953e-20 3.5357867214e-17)
    (1.0926008611e-20 3.5443697819e-17)
    (1.1420689063e-20 3.5507116606e-17)
    (1.1937766417e-20 3.5549877451e-17)
    (1.2478254705e-20 3.5574171274e-17)
    (1.3043213867e-20 3.5581597585e-17)
    (1.3633751836e-20 3.5573660924e-17)
    (1.4251026703e-20 3.5551704356e-17)
    (1.4896248996e-20 3.5516918784e-17)
    (1.5570684048e-20 3.5470352660e-17)
    (1.6275654480e-20 3.5412921872e-17)
    (1.7012542799e-20 3.5345419652e-17)
    (1.7782794100e-20 3.5268526436e-17)
    (1.8587918911e-20 3.5182819482e-17)
    (1.9429496147e-20 3.5088105731e-17)
    (2.0309176209e-20 3.4986103369e-17)
    (2.1228684221e-20 3.4876467790e-17)
    (2.2189823415e-20 3.4754745775e-17)
    (2.3194478661e-20 3.4630360641e-17)
    (2.4244620171e-20 3.4498933149e-17)
    (2.5342307358e-20 3.4360564046e-17)
    (2.6489692876e-20 3.4215327368e-17)
    (2.7689026842e-20 3.4068521633e-17)
    (2.8942661247e-20 3.3924300362e-17)
    (3.0253054571e-20 3.3775314659e-17)
    (3.1622776602e-20 3.3629564443e-17)
    (3.3054513476e-20 3.3478644683e-17)
    (3.4551072946e-20 3.3356914965e-17)
    (3.6115389887e-20 3.3259066867e-17)
    (3.7750532053e-20 3.3197275734e-17)
    (3.9459706091e-20 3.3192868767e-17)
    (4.1246263829e-20 3.3255896881e-17)
    (4.3113708854e-20 3.3416853985e-17)
    (4.5065703377e-20 3.3707005038e-17)
    (4.7106075420e-20 3.4163962578e-17)
    (4.9238826317e-20 3.4848066513e-17)
    (5.1468138568e-20 3.5784223787e-17)
    (5.3798384034e-20 3.7040696955e-17)
    (5.6234132519e-20 3.8680622602e-17)
    (5.8780160723e-20 4.0798634005e-17)
    (6.1441461614e-20 4.3414560208e-17)
    (6.4223254222e-20 4.6621243497e-17)
    (6.7130993868e-20 5.0485815184e-17)
    (7.0170382867e-20 5.5069519947e-17)
    (7.3347381708e-20 6.0498102889e-17)
    (7.6668220745e-20 6.6662475615e-17)
    (8.0139412415e-20 7.3661581767e-17)
    (8.3767764007e-20 8.1504009568e-17)
    (8.7560391014e-20 9.0180606530e-17)
    (9.1524731088e-20 9.9814943824e-17)
    (9.5668558622e-20 1.1006220276e-16)
    (1.0000000000e-19 1.2101118080e-16)
    (1.0452754953e-19 1.3258923705e-16)
    (1.0926008611e-19 1.4475506494e-16)
    (1.1420689063e-19 1.5733213821e-16)
    (1.1937766417e-19 1.7027044844e-16)
    (1.2478254705e-19 1.8347366662e-16)
    (1.3043213867e-19 1.9684623653e-16)
    (1.3633751836e-19 2.1038593452e-16)
    (1.4251026703e-19 2.2380444680e-16)
    (1.4896248996e-19 2.3713000697e-16)
    (1.5570684048e-19 2.5028610099e-16)
    (1.6275654480e-19 2.6320273224e-16)
    (1.7012542799e-19 2.7584633845e-16)
    (1.7782794100e-19 2.8809182475e-16)
    (1.8587918911e-19 2.9992901086e-16)
    (1.9429496147e-19 3.1131377689e-16)
    (2.0309176209e-19 3.2220782724e-16)
    (2.1228684221e-19 3.3257834578e-16)
    (2.2189823415e-19 3.4239765001e-16)
    (2.3194478661e-19 3.5164284980e-16)
    (2.4244620171e-19 3.6023432122e-16)
    (2.5342307358e-19 3.6828026861e-16)
    (2.6489692876e-19 3.7567054048e-16)
    (2.7689026842e-19 3.8247555725e-16)
    (2.8942661247e-19 3.8865242761e-16)
    (3.0253054571e-19 3.9420068127e-16)
    (3.1622776602e-19 3.9909518863e-16)
    (3.3054513476e-19 4.0339277019e-16)
    (3.4551072946e-19 4.0707502567e-16)
    (3.6115389887e-19 4.1028494586e-16)
    (3.7750532053e-19 4.1274854484e-16)
    (3.9459706091e-19 4.1462858601e-16)
    (4.1246263829e-19 4.1593785211e-16)
    (4.3113708854e-19 4.1669020008e-16)
    (4.5065703377e-19 4.1690038741e-16)
    (4.7106075420e-19 4.1644818053e-16)
    (4.9238826317e-19 4.1563080126e-16)
    (5.1468138568e-19 4.1431836457e-16)
    (5.3798384034e-19 4.1252870651e-16)
    (5.6234132519e-19 4.1020188805e-16)
    (5.8780160723e-19 4.0751715435e-16)
    (6.1441461614e-19 4.0440760522e-16)
    (6.4223254222e-19 3.9624719470e-16)
    (6.7130993868e-19 3.9102990863e-16)
    (7.0170382867e-19 3.8544606869e-16)
    (7.3347381708e-19 3.7945127777e-16)
    (7.6668220745e-19 3.7307116849e-16)
    (8.0139412415e-19 3.6628885263e-16)
    (8.3767764007e-19 3.5922973115e-16)
    (8.7560391014e-19 3.5177881994e-16)
    (9.1524731088e-19 3.4415356328e-16)
    (9.5668558622e-19 3.3628267348e-16)
    (1.0000000000e-18 3.2813061051e-16)
    (1.0452754953e-18 3.1985440971e-16)
    (1.0926008611e-18 3.1141636849e-16)
    (1.1420689063e-18 3.0278517328e-16)
    (1.1937766417e-18 2.9410422753e-16)
    (1.2478254705e-18 2.8534169107e-16)
    (1.3043213867e-18 2.7652127103e-16)
    (1.3633751836e-18 2.6758401575e-16)
    (1.4251026703e-18 2.5872981611e-16)
    (1.4896248996e-18 2.4988744895e-16)
    (1.5570684048e-18 2.4099930465e-16)
    (1.6275654480e-18 2.3225223276e-16)
    (1.7012542799e-18 2.2357731888e-16)
    (1.7782794100e-18 2.1498723901e-16)
    (1.8587918911e-18 2.0646344779e-16)
    (1.9429496147e-18 1.9811285501e-16)
    (2.0309176209e-18 1.8989275139e-16)
    (2.1228684221e-18 1.8180386316e-16)
    (2.2189823415e-18 1.7390201942e-16)
    (2.3194478661e-18 1.6616470322e-16)
    (2.4244620171e-18 1.5855805365e-16)
    (2.5342307358e-18 1.5120248552e-16)
    (2.6489692876e-18 1.4398512202e-16)
    (2.7689026842e-18 1.3682340402e-16)
    (2.8942661247e-18 1.3028498219e-16)
    (3.0253054571e-18 1.2370494934e-16)
    (3.1622776602e-18 1.1712950156e-16)
    (3.3054513476e-18 1.1126899444e-16)
    (3.4551072946e-18 1.0519516769e-16)
    (3.6115389887e-18 9.9666657060e-17)
    (3.7750532053e-18 9.4216047906e-17)
    (3.9459706091e-18 8.8751598192e-17)
    (4.1246263829e-18 8.3834973125e-17)
    (4.3113708854e-18 7.8924471075e-17)
    (4.5065703377e-18 7.4377302755e-17)
    (4.7106075420e-18 6.9948984482e-17)
    (4.9238826317e-18 6.5718961086e-17)
    (5.1468138568e-18 6.1637945149e-17)
    (5.3798384034e-18 5.7793366573e-17)
    (5.6234132519e-18 5.4122518415e-17)
    (5.8780160723e-18 5.0639536821e-17)
    (6.1441461614e-18 4.7304404494e-17)
    (6.4223254222e-18 4.4163302462e-17)
    (6.7130993868e-18 4.1182236617e-17)
    (7.0170382867e-18 3.8355100393e-17)
    (7.3347381708e-18 3.5682700743e-17)
    (7.6668220745e-18 3.3089319169e-17)
    (8.0139412415e-18 3.0804966455e-17)
    (8.3767764007e-18 2.8552225496e-17)
    (8.7560391014e-18 2.6323580565e-17)
    (9.1524731088e-18 2.4386458471e-17)
    (9.5668558622e-18 2.2440763603e-17)
    (1.0000000000e-17 2.0736692918e-17)
);
