// k[EI_N_ION_N] [m^3/s] vs reducedE [V m^2]; air_plasma [94c490be646f8872], T_gas = 300.000000 K
(
    (0 0.0000000000e+00)
    (1.0000000000e-22 0.0000000000e+00)
    (1.0452754953e-22 0.0000000000e+00)
    (1.0926008611e-22 0.0000000000e+00)
    (1.1420689063e-22 0.0000000000e+00)
    (1.1937766417e-22 0.0000000000e+00)
    (1.2478254705e-22 0.0000000000e+00)
    (1.3043213867e-22 0.0000000000e+00)
    (1.3633751836e-22 0.0000000000e+00)
    (1.4251026703e-22 0.0000000000e+00)
    (1.4896248996e-22 0.0000000000e+00)
    (1.5570684048e-22 0.0000000000e+00)
    (1.6275654480e-22 0.0000000000e+00)
    (1.7012542799e-22 0.0000000000e+00)
    (1.7782794100e-22 0.0000000000e+00)
    (1.8587918911e-22 0.0000000000e+00)
    (1.9429496147e-22 0.0000000000e+00)
    (2.0309176209e-22 0.0000000000e+00)
    (2.1228684221e-22 0.0000000000e+00)
    (2.2189823415e-22 0.0000000000e+00)
    (2.3194478661e-22 0.0000000000e+00)
    (2.4244620171e-22 0.0000000000e+00)
    (2.5342307358e-22 0.0000000000e+00)
    (2.6489692876e-22 0.0000000000e+00)
    (2.7689026842e-22 0.0000000000e+00)
    (2.8942661247e-22 0.0000000000e+00)
    (3.0253054571e-22 0.0000000000e+00)
    (3.1622776602e-22 0.0000000000e+00)
    (3.3054513476e-22 0.0000000000e+00)
    (3.4551072946e-22 0.0000000000e+00)
    (3.6115389887e-22 0.0000000000e+00)
    (3.7750532053e-22 0.0000000000e+00)
    (3.9459706091e-22 0.0000000000e+00)
    (4.1246263829e-22 0.0000000000e+00)
    (4.3113708854e-22 0.0000000000e+00)
    (4.5065703377e-22 0.0000000000e+00)
    (4.7106075420e-22 0.0000000000e+00)
    (4.9238826317e-22 0.0000000000e+00)
    (5.1468138568e-22 0.0000000000e+00)
    (5.3798384034e-22 0.0000000000e+00)
    (5.6234132519e-22 0.0000000000e+00)
    (5.8780160723e-22 0.0000000000e+00)
    (6.1441461614e-22 0.0000000000e+00)
    (6.4223254222e-22 0.0000000000e+00)
    (6.7130993868e-22 0.0000000000e+00)
    (7.0170382867e-22 0.0000000000e+00)
    (7.3347381708e-22 0.0000000000e+00)
    (7.6668220745e-22 0.0000000000e+00)
    (8.0139412415e-22 0.0000000000e+00)
    (8.3767764007e-22 0.0000000000e+00)
    (8.7560391014e-22 0.0000000000e+00)
    (9.1524731088e-22 0.0000000000e+00)
    (9.5668558622e-22 0.0000000000e+00)
    (1.0000000000e-21 0.0000000000e+00)
    (1.0452754953e-21 0.0000000000e+00)
    (1.0926008611e-21 0.0000000000e+00)
    (1.1420689063e-21 0.0000000000e+00)
    (1.1937766417e-21 0.0000000000e+00)
    (1.2478254705e-21 0.0000000000e+00)
    (1.3043213867e-21 0.0000000000e+00)
    (1.3633751836e-21 0.0000000000e+00)
    (1.4251026703e-21 0.0000000000e+00)
    (1.4896248996e-21 0.0000000000e+00)
    (1.5570684048e-21 0.0000000000e+00)
    (1.6275654480e-21 0.0000000000e+00)
    (1.7012542799e-21 0.0000000000e+00)
    (1.7782794100e-21 0.0000000000e+00)
    (1.8587918911e-21 0.0000000000e+00)
    (1.9429496147e-21 0.0000000000e+00)
    (2.0309176209e-21 0.0000000000e+00)
    (2.1228684221e-21 0.0000000000e+00)
    (2.2189823415e-21 0.0000000000e+00)
    (2.3194478661e-21 0.0000000000e+00)
    (2.4244620171e-21 0.0000000000e+00)
    (2.5342307358e-21 0.0000000000e+00)
    (2.6489692876e-21 0.0000000000e+00)
    (2.7689026842e-21 0.0000000000e+00)
    (2.8942661247e-21 0.0000000000e+00)
    (3.0253054571e-21 0.0000000000e+00)
    (3.1622776602e-21 0.0000000000e+00)
    (3.3054513476e-21 0.0000000000e+00)
    (3.4551072946e-21 0.0000000000e+00)
    (3.6115389887e-21 0.0000000000e+00)
    (3.7750532053e-21 0.0000000000e+00)
    (3.9459706091e-21 0.0000000000e+00)
    (4.1246263829e-21 0.0000000000e+00)
    (4.3113708854e-21 0.0000000000e+00)
    (4.5065703377e-21 0.0000000000e+00)
    (4.7106075420e-21 0.0000000000e+00)
    (4.9238826317e-21 0.0000000000e+00)
    (5.1468138568e-21 0.0000000000e+00)
    (5.3798384034e-21 0.0000000000e+00)
    (5.6234132519e-21 0.0000000000e+00)
    (5.8780160723e-21 0.0000000000e+00)
    (6.1441461614e-21 0.0000000000e+00)
    (6.4223254222e-21 0.0000000000e+00)
    (6.7130993868e-21 0.0000000000e+00)
    (7.0170382867e-21 0.0000000000e+00)
    (7.3347381708e-21 0.0000000000e+00)
    (7.6668220745e-21 0.0000000000e+00)
    (8.0139412415e-21 0.0000000000e+00)
    (8.3767764007e-21 0.0000000000e+00)
    (8.7560391014e-21 0.0000000000e+00)
    (9.1524731088e-21 0.0000000000e+00)
    (9.5668558622e-21 0.0000000000e+00)
    (1.0000000000e-20 0.0000000000e+00)
    (1.0452754953e-20 0.0000000000e+00)
    (1.0926008611e-20 0.0000000000e+00)
    (1.1420689063e-20 0.0000000000e+00)
    (1.1937766417e-20 0.0000000000e+00)
    (1.2478254705e-20 0.0000000000e+00)
    (1.3043213867e-20 0.0000000000e+00)
    (1.3633751836e-20 0.0000000000e+00)
    (1.4251026703e-20 0.0000000000e+00)
    (1.4896248996e-20 0.0000000000e+00)
    (1.5570684048e-20 0.0000000000e+00)
    (1.6275654480e-20 0.0000000000e+00)
    (1.7012542799e-20 0.0000000000e+00)
    (1.7782794100e-20 0.0000000000e+00)
    (1.8587918911e-20 0.0000000000e+00)
    (1.9429496147e-20 0.0000000000e+00)
    (2.0309176209e-20 0.0000000000e+00)
    (2.1228684221e-20 0.0000000000e+00)
    (2.2189823415e-20 0.0000000000e+00)
    (2.3194478661e-20 0.0000000000e+00)
    (2.4244620171e-20 0.0000000000e+00)
    (2.5342307358e-20 0.0000000000e+00)
    (2.6489692876e-20 0.0000000000e+00)
    (2.7689026842e-20 0.0000000000e+00)
    (2.8942661247e-20 0.0000000000e+00)
    (3.0253054571e-20 0.0000000000e+00)
    (3.1622776602e-20 0.0000000000e+00)
    (3.3054513476e-20 0.0000000000e+00)
    (3.4551072946e-20 0.0000000000e+00)
    (3.6115389887e-20 0.0000000000e+00)
    (3.7750532053e-20 0.0000000000e+00)
    (3.9459706091e-20 0.0000000000e+00)
    (4.1246263829e-20 0.0000000000e+00)
    (4.3113708854e-20 0.0000000000e+00)
    (4.5065703377e-20 0.0000000000e+00)
    (4.7106075420e-20 0.0000000000e+00)
    (4.9238826317e-20 5.0658754093e-22)
    (5.1468138568e-20 9.7850377597e-22)
    (5.3798384034e-20 1.8306044154e-21)
    (5.6234132519e-20 3.3268322313e-21)
    (5.8780160723e-20 6.8361927941e-21)
    (6.1441461614e-20 1.2101460693e-20)
    (6.4223254222e-20 2.0865157977e-20)
    (6.7130993868e-20 3.5110902641e-20)
    (7.0170382867e-20 5.7742073761e-20)
    (7.3347381708e-20 9.4920522752e-20)
    (7.6668220745e-20 1.4975737697e-19)
    (8.0139412415e-20 2.3185562132e-19)
    (8.3767764007e-20 3.5243824799e-19)
    (8.7560391014e-20 5.2630868508e-19)
    (9.1524731088e-20 7.7541590305e-19)
    (9.5668558622e-20 1.1201867930e-18)
    (1.0000000000e-19 1.5932988041e-18)
    (1.0452754953e-19 2.2328376019e-18)
    (1.0926008611e-19 3.0864503423e-18)
    (1.1420689063e-19 4.2082824228e-18)
    (1.1937766417e-19 5.6652534986e-18)
    (1.2478254705e-19 7.5352391107e-18)
    (1.3043213867e-19 9.9087968024e-18)
    (1.3633751836e-19 1.2896148998e-17)
    (1.4251026703e-19 1.6604612691e-17)
    (1.4896248996e-19 2.1176259797e-17)
    (1.5570684048e-19 2.6763984274e-17)
    (1.6275654480e-19 3.3538881400e-17)
    (1.7012542799e-19 4.1704821796e-17)
    (1.7782794100e-19 5.1446078622e-17)
    (1.8587918911e-19 6.3007489131e-17)
    (1.9429496147e-19 7.6642530556e-17)
    (2.0309176209e-19 9.2626900373e-17)
    (2.1228684221e-19 1.1125888935e-16)
    (2.2189823415e-19 1.3285942971e-16)
    (2.3194478661e-19 1.5777197351e-16)
    (2.4244620171e-19 1.8631792214e-16)
    (2.5342307358e-19 2.1898959868e-16)
    (2.6489692876e-19 2.5611770556e-16)
    (2.7689026842e-19 2.9818865843e-16)
    (2.8942661247e-19 3.4566640723e-16)
    (3.0253054571e-19 3.9902029123e-16)
    (3.1622776602e-19 4.5871606051e-16)
    (3.3054513476e-19 5.2530331898e-16)
    (3.4551072946e-19 5.9934303659e-16)
    (3.6115389887e-19 6.8212898912e-16)
    (3.7750532053e-19 7.7285245994e-16)
    (3.9459706091e-19 8.7278840091e-16)
    (4.1246263829e-19 9.8256330837e-16)
    (4.3113708854e-19 1.1028227095e-15)
    (4.5065703377e-19 1.2342306758e-15)
    (4.7106075420e-19 1.3764398159e-15)
    (4.9238826317e-19 1.5321221604e-15)
    (5.1468138568e-19 1.7011252476e-15)
    (5.3798384034e-19 1.8841266185e-15)
    (5.6234132519e-19 2.0811969798e-15)
    (5.8780160723e-19 2.2943040009e-15)
    (6.1441461614e-19 2.5237919800e-15)
    (6.4223254222e-19 3.2861563303e-15)
    (6.7130993868e-19 3.6213526089e-15)
    (7.0170382867e-19 3.9826724886e-15)
    (7.3347381708e-19 4.3715123071e-15)
    (7.6668220745e-19 4.7892562567e-15)
    (8.0139412415e-19 5.2357280628e-15)
    (8.3767764007e-19 5.7138625011e-15)
    (8.7560391014e-19 6.2240689466e-15)
    (9.1524731088e-19 6.7683824389e-15)
    (9.5668558622e-19 7.3477015830e-15)
    (1.0000000000e-18 7.9634981871e-15)
    (1.0452754953e-18 8.6167672365e-15)
    (1.0926008611e-18 9.3087454068e-15)
    (1.1420689063e-18 1.0041901031e-14)
    (1.1937766417e-18 1.0815215608e-14)
    (1.2478254705e-18 1.1630666947e-14)
    (1.3043213867e-18 1.2489619250e-14)
    (1.3633751836e-18 1.3390912310e-14)
    (1.4251026703e-18 1.4339474588e-14)
    (1.4896248996e-18 1.5334255492e-14)
    (1.5570684048e-18 1.6373349329e-14)
    (1.6275654480e-18 1.7462584892e-14)
    (1.7012542799e-18 1.8599938738e-14)
    (1.7782794100e-18 1.9787365998e-14)
    (1.8587918911e-18 2.1018764078e-14)
    (1.9429496147e-18 2.2302050937e-14)
    (2.0309176209e-18 2.3636084727e-14)
    (2.1228684221e-18 2.5011070395e-14)
    (2.2189823415e-18 2.6439556143e-14)
    (2.3194478661e-18 2.7918094368e-14)
    (2.4244620171e-18 2.9432383896e-14)
    (2.5342307358e-18 3.1000581614e-14)
    (2.6489692876e-18 3.2602313276e-14)
    (2.7689026842e-18 3.4092930579e-14)
    (2.8942661247e-18 3.5953574521e-14)
    (3.0253054571e-18 3.7675952832e-14)
    (3.1622776602e-18 3.9270617981e-14)
    (3.3054513476e-18 4.1254787788e-14)
    (3.4551072946e-18 4.2916331165e-14)
    (3.6115389887e-18 4.4939667355e-14)
    (3.7750532053e-18 4.6804403679e-14)
    (3.9459706091e-18 4.8490978625e-14)
    (4.1246263829e-18 5.0635691431e-14)
    (4.3113708854e-18 5.2379606838e-14)
    (4.5065703377e-18 5.4533066596e-14)
    (4.7106075420e-18 5.6460316883e-14)
    (4.9238826317e-18 5.8420525558e-14)
    (5.1468138568e-18 6.0354606028e-14)
    (5.3798384034e-18 6.2301541201e-14)
    (5.6234132519e-18 6.4199577025e-14)
    (5.8780160723e-18 6.6113632221e-14)
    (6.1441461614e-18 6.7970791395e-14)
    (6.4223254222e-18 6.9830809613e-14)
    (6.7130993868e-18 7.1655464013e-14)
    (7.0170382867e-18 7.3400159163e-14)
    (7.3347381708e-18 7.5139638256e-14)
    (7.6668220745e-18 7.6513755057e-14)
    (8.0139412415e-18 7.8048557272e-14)
    (8.3767764007e-18 7.9649295456e-14)
    (8.7560391014e-18 8.1486646053e-14)
    (9.1524731088e-18 8.2601099562e-14)
    (9.5668558622e-18 8.4271058670e-14)
    (1.0000000000e-17 8.5225587192e-14)
);
