// k[EI_N2_EXC_N2_SUM] [m^3/s] vs reducedE [V m^2]; air_plasma [94c490be646f8872], T_gas = 300.000000 K
(
    (0 0.0000000000e+00)
    (1.0000000000e-22 0.0000000000e+00)
    (1.0452754953e-22 0.0000000000e+00)
    (1.0926008611e-22 0.0000000000e+00)
    (1.1420689063e-22 0.0000000000e+00)
    (1.1937766417e-22 0.0000000000e+00)
    (1.2478254705e-22 0.0000000000e+00)
    (1.3043213867e-22 0.0000000000e+00)
    (1.3633751836e-22 0.0000000000e+00)
    (1.4251026703e-22 0.0000000000e+00)
    (1.4896248996e-22 0.0000000000e+00)
    (1.5570684048e-22 0.0000000000e+00)
    (1.6275654480e-22 0.0000000000e+00)
    (1.7012542799e-22 0.0000000000e+00)
    (1.7782794100e-22 0.0000000000e+00)
    (1.8587918911e-22 0.0000000000e+00)
    (1.9429496147e-22 0.0000000000e+00)
    (2.0309176209e-22 0.0000000000e+00)
    (2.1228684221e-22 0.0000000000e+00)
    (2.2189823415e-22 0.0000000000e+00)
    (2.3194478661e-22 0.0000000000e+00)
    (2.4244620171e-22 0.0000000000e+00)
    (2.5342307358e-22 0.0000000000e+00)
    (2.6489692876e-22 0.0000000000e+00)
    (2.7689026842e-22 0.0000000000e+00)
    (2.8942661247e-22 0.0000000000e+00)
    (3.0253054571e-22 0.0000000000e+00)
    (3.1622776602e-22 0.0000000000e+00)
    (3.3054513476e-22 0.0000000000e+00)
    (3.4551072946e-22 0.0000000000e+00)
    (3.6115389887e-22 0.0000000000e+00)
    (3.7750532053e-22 0.0000000000e+00)
    (3.9459706091e-22 0.0000000000e+00)
    (4.1246263829e-22 0.0000000000e+00)
    (4.3113708854e-22 0.0000000000e+00)
    (4.5065703377e-22 0.0000000000e+00)
    (4.7106075420e-22 0.0000000000e+00)
    (4.9238826317e-22 0.0000000000e+00)
    (5.1468138568e-22 0.0000000000e+00)
    (5.3798384034e-22 0.0000000000e+00)
    (5.6234132519e-22 0.0000000000e+00)
    (5.8780160723e-22 0.0000000000e+00)
    (6.1441461614e-22 0.0000000000e+00)
    (6.4223254222e-22 0.0000000000e+00)
    (6.7130993868e-22 0.0000000000e+00)
    (7.0170382867e-22 0.0000000000e+00)
    (7.3347381708e-22 0.0000000000e+00)
    (7.6668220745e-22 0.0000000000e+00)
    (8.0139412415e-22 0.0000000000e+00)
    (8.3767764007e-22 0.0000000000e+00)
    (8.7560391014e-22 0.0000000000e+00)
    (9.1524731088e-22 0.0000000000e+00)
    (9.5668558622e-22 0.0000000000e+00)
    (1.0000000000e-21 0.0000000000e+00)
    (1.0452754953e-21 0.0000000000e+00)
    (1.0926008611e-21 0.0000000000e+00)
    (1.1420689063e-21 0.0000000000e+00)
    (1.1937766417e-21 0.0000000000e+00)
    (1.2478254705e-21 0.0000000000e+00)
    (1.3043213867e-21 0.0000000000e+00)
    (1.3633751836e-21 0.0000000000e+00)
    (1.4251026703e-21 0.0000000000e+00)
    (1.4896248996e-21 0.0000000000e+00)
    (1.5570684048e-21 0.0000000000e+00)
    (1.6275654480e-21 0.0000000000e+00)
    (1.7012542799e-21 0.0000000000e+00)
    (1.7782794100e-21 0.0000000000e+00)
    (1.8587918911e-21 0.0000000000e+00)
    (1.9429496147e-21 0.0000000000e+00)
    (2.0309176209e-21 0.0000000000e+00)
    (2.1228684221e-21 0.0000000000e+00)
    (2.2189823415e-21 0.0000000000e+00)
    (2.3194478661e-21 0.0000000000e+00)
    (2.4244620171e-21 0.0000000000e+00)
    (2.5342307358e-21 0.0000000000e+00)
    (2.6489692876e-21 0.0000000000e+00)
    (2.7689026842e-21 0.0000000000e+00)
    (2.8942661247e-21 0.0000000000e+00)
    (3.0253054571e-21 0.0000000000e+00)
    (3.1622776602e-21 0.0000000000e+00)
    (3.3054513476e-21 0.0000000000e+00)
    (3.4551072946e-21 0.0000000000e+00)
    (3.6115389887e-21 0.0000000000e+00)
    (3.7750532053e-21 0.0000000000e+00)
    (3.9459706091e-21 0.0000000000e+00)
    (4.1246263829e-21 0.0000000000e+00)
    (4.3113708854e-21 0.0000000000e+00)
    (4.5065703377e-21 0.0000000000e+00)
    (4.7106075420e-21 0.0000000000e+00)
    (4.9238826317e-21 0.0000000000e+00)
    (5.1468138568e-21 0.0000000000e+00)
    (5.3798384034e-21 0.0000000000e+00)
    (5.6234132519e-21 0.0000000000e+00)
    (5.8780160723e-21 0.0000000000e+00)
    (6.1441461614e-21 0.0000000000e+00)
    (6.4223254222e-21 0.0000000000e+00)
    (6.7130993868e-21 0.0000000000e+00)
    (7.0170382867e-21 0.0000000000e+00)
    (7.3347381708e-21 0.0000000000e+00)
    (7.6668220745e-21 0.0000000000e+00)
    (8.0139412415e-21 0.0000000000e+00)
    (8.3767764007e-21 0.0000000000e+00)
    (8.7560391014e-21 0.0000000000e+00)
    (9.1524731088e-21 0.0000000000e+00)
    (9.5668558622e-21 0.0000000000e+00)
    (1.0000000000e-20 0.0000000000e+00)
    (1.0452754953e-20 0.0000000000e+00)
    (1.0926008611e-20 0.0000000000e+00)
    (1.1420689063e-20 0.0000000000e+00)
    (1.1937766417e-20 0.0000000000e+00)
    (1.2478254705e-20 0.0000000000e+00)
    (1.3043213867e-20 0.0000000000e+00)
    (1.3633751836e-20 0.0000000000e+00)
    (1.4251026703e-20 0.0000000000e+00)
    (1.4896248996e-20 0.0000000000e+00)
    (1.5570684048e-20 0.0000000000e+00)
    (1.6275654480e-20 0.0000000000e+00)
    (1.7012542799e-20 0.0000000000e+00)
    (1.7782794100e-20 0.0000000000e+00)
    (1.8587918911e-20 0.0000000000e+00)
    (1.9429496147e-20 0.0000000000e+00)
    (2.0309176209e-20 0.0000000000e+00)
    (2.1228684221e-20 0.0000000000e+00)
    (2.2189823415e-20 0.0000000000e+00)
    (2.3194478661e-20 0.0000000000e+00)
    (2.4244620171e-20 0.0000000000e+00)
    (2.5342307358e-20 0.0000000000e+00)
    (2.6489692876e-20 0.0000000000e+00)
    (2.7689026842e-20 0.0000000000e+00)
    (2.8942661247e-20 0.0000000000e+00)
    (3.0253054571e-20 0.0000000000e+00)
    (3.1622776602e-20 0.0000000000e+00)
    (3.3054513476e-20 0.0000000000e+00)
    (3.4551072946e-20 0.0000000000e+00)
    (3.6115389887e-20 0.0000000000e+00)
    (3.7750532053e-20 0.0000000000e+00)
    (3.9459706091e-20 2.9307297776e-22)
    (4.1246263829e-20 5.8200245554e-22)
    (4.3113708854e-20 1.1171671356e-21)
    (4.5065703377e-20 2.0810933668e-21)
    (4.7106075420e-20 3.7704797026e-21)
    (4.9238826317e-20 9.1070680253e-21)
    (5.1468138568e-20 1.6155444360e-20)
    (5.3798384034e-20 2.7984014236e-20)
    (5.6234132519e-20 4.7381607361e-20)
    (5.8780160723e-20 8.0998164771e-20)
    (6.1441461614e-20 1.3241651896e-19)
    (6.4223254222e-20 2.1215955660e-19)
    (6.7130993868e-20 3.3342635802e-19)
    (7.0170382867e-20 5.1435038396e-19)
    (7.3347381708e-20 7.8497324363e-19)
    (7.6668220745e-20 1.1690039651e-18)
    (8.0139412415e-20 1.7128714324e-18)
    (8.3767764007e-20 2.4706722456e-18)
    (8.7560391014e-20 3.5101600756e-18)
    (9.1524731088e-20 4.9266721869e-18)
    (9.5668558622e-20 6.8014167124e-18)
    (1.0000000000e-19 9.2655468901e-18)
    (1.0452754953e-19 1.2463180063e-17)
    (1.0926008611e-19 1.6566696209e-17)
    (1.1420689063e-19 2.1763517495e-17)
    (1.1937766417e-19 2.8280244070e-17)
    (1.2478254705e-19 3.6370242120e-17)
    (1.3043213867e-19 4.6318817883e-17)
    (1.3633751836e-19 5.8471591810e-17)
    (1.4251026703e-19 7.3122705475e-17)
    (1.4896248996e-19 9.0693919702e-17)
    (1.5570684048e-19 1.1161300000e-16)
    (1.6275654480e-19 1.3634586596e-16)
    (1.7012542799e-19 1.6542884822e-16)
    (1.7782794100e-19 1.9933262953e-16)
    (1.8587918911e-19 2.3867555620e-16)
    (1.9429496147e-19 2.8407508732e-16)
    (2.0309176209e-19 3.3618402718e-16)
    (2.1228684221e-19 3.9568844499e-16)
    (2.2189823415e-19 4.6330480918e-16)
    (2.3194478661e-19 5.3977669008e-16)
    (2.4244620171e-19 6.2568705969e-16)
    (2.5342307358e-19 7.2216429996e-16)
    (2.6489692876e-19 8.2977022369e-16)
    (2.7689026842e-19 9.4944684952e-16)
    (2.8942661247e-19 1.0819942573e-15)
    (3.0253054571e-19 1.2282163946e-15)
    (3.1622776602e-19 1.3888438660e-15)
    (3.3054513476e-19 1.5647883847e-15)
    (3.4551072946e-19 1.7568495064e-15)
    (3.6115389887e-19 1.9672209804e-15)
    (3.7750532053e-19 2.1939372512e-15)
    (3.9459706091e-19 2.4390920069e-15)
    (4.1246263829e-19 2.7034222598e-15)
    (4.3113708854e-19 2.9876425745e-15)
    (4.5065703377e-19 3.2924435776e-15)
    (4.7106075420e-19 3.6166130845e-15)
    (4.9238826317e-19 3.9644392357e-15)
    (5.1468138568e-19 4.3348553820e-15)
    (5.3798384034e-19 4.7283789227e-15)
    (5.6234132519e-19 5.1442821433e-15)
    (5.8780160723e-19 5.5854752540e-15)
    (6.1441461614e-19 6.0514638102e-15)
    (6.4223254222e-19 7.5641604663e-15)
    (6.7130993868e-19 8.1972577771e-15)
    (7.0170382867e-19 8.8655382769e-15)
    (7.3347381708e-19 9.5691902530e-15)
    (7.6668220745e-19 1.0308751306e-14)
    (8.0139412415e-19 1.1082222611e-14)
    (8.3767764007e-19 1.1893047582e-14)
    (8.7560391014e-19 1.2738261853e-14)
    (9.1524731088e-19 1.3621950096e-14)
    (9.5668558622e-19 1.4542141752e-14)
    (1.0000000000e-18 1.5497776112e-14)
    (1.0452754953e-18 1.6490890948e-14)
    (1.0926008611e-18 1.7520069349e-14)
    (1.1420689063e-18 1.8585363163e-14)
    (1.1937766417e-18 1.9685929277e-14)
    (1.2478254705e-18 2.0821304221e-14)
    (1.3043213867e-18 2.1991179622e-14)
    (1.3633751836e-18 2.3189727160e-14)
    (1.4251026703e-18 2.4426208179e-14)
    (1.4896248996e-18 2.5694726381e-14)
    (1.5570684048e-18 2.6988454276e-14)
    (1.6275654480e-18 2.8317912960e-14)
    (1.7012542799e-18 2.9676029514e-14)
    (1.7782794100e-18 3.1062792885e-14)
    (1.8587918911e-18 3.2468677024e-14)
    (1.9429496147e-18 3.3904191377e-14)
    (2.0309176209e-18 3.5364000612e-14)
    (2.1228684221e-18 3.6835756240e-14)
    (2.2189823415e-18 3.8333830463e-14)
    (2.3194478661e-18 3.9851169768e-14)
    (2.4244620171e-18 4.1371709740e-14)
    (2.5342307358e-18 4.2915519985e-14)
    (2.6489692876e-18 4.4456578400e-14)
    (2.7689026842e-18 4.5848748882e-14)
    (2.8942661247e-18 4.7590972979e-14)
    (3.0253054571e-18 4.9150862611e-14)
    (3.1622776602e-18 5.0548437808e-14)
    (3.3054513476e-18 5.2305542551e-14)
    (3.4551072946e-18 5.3706098803e-14)
    (3.6115389887e-18 5.5430502687e-14)
    (3.7750532053e-18 5.6965162095e-14)
    (3.9459706091e-18 5.8294770915e-14)
    (4.1246263829e-18 6.0047477206e-14)
    (4.3113708854e-18 6.1380038531e-14)
    (4.5065703377e-18 6.3086377072e-14)
    (4.7106075420e-18 6.4548802694e-14)
    (4.9238826317e-18 6.6023813628e-14)
    (5.1468138568e-18 6.7454150228e-14)
    (5.3798384034e-18 6.8884513498e-14)
    (5.6234132519e-18 7.0255606804e-14)
    (5.8780160723e-18 7.1635756106e-14)
    (6.1441461614e-18 7.2955719762e-14)
    (6.4223254222e-18 7.4280169641e-14)
    (6.7130993868e-18 7.5575185306e-14)
    (7.0170382867e-18 7.6799616098e-14)
    (7.3347381708e-18 7.8034478308e-14)
    (7.6668220745e-18 7.8897994426e-14)
    (8.0139412415e-18 7.9956560502e-14)
    (8.3767764007e-18 8.1123481125e-14)
    (8.7560391014e-18 8.2597170587e-14)
    (9.1524731088e-18 8.3295718984e-14)
    (9.5668558622e-18 8.4700539075e-14)
    (1.0000000000e-17 8.5311008054e-14)
);
