// k[EI_N_EXC_N_2P] [m^3/s] vs reducedE [V m^2]; air_plasma [94c490be646f8872], T_gas = 300.000000 K
(
    (0 0.0000000000e+00)
    (1.0000000000e-22 0.0000000000e+00)
    (1.0452754953e-22 0.0000000000e+00)
    (1.0926008611e-22 0.0000000000e+00)
    (1.1420689063e-22 0.0000000000e+00)
    (1.1937766417e-22 0.0000000000e+00)
    (1.2478254705e-22 0.0000000000e+00)
    (1.3043213867e-22 0.0000000000e+00)
    (1.3633751836e-22 0.0000000000e+00)
    (1.4251026703e-22 0.0000000000e+00)
    (1.4896248996e-22 0.0000000000e+00)
    (1.5570684048e-22 0.0000000000e+00)
    (1.6275654480e-22 0.0000000000e+00)
    (1.7012542799e-22 0.0000000000e+00)
    (1.7782794100e-22 0.0000000000e+00)
    (1.8587918911e-22 0.0000000000e+00)
    (1.9429496147e-22 0.0000000000e+00)
    (2.0309176209e-22 0.0000000000e+00)
    (2.1228684221e-22 0.0000000000e+00)
    (2.2189823415e-22 0.0000000000e+00)
    (2.3194478661e-22 0.0000000000e+00)
    (2.4244620171e-22 0.0000000000e+00)
    (2.5342307358e-22 0.0000000000e+00)
    (2.6489692876e-22 0.0000000000e+00)
    (2.7689026842e-22 0.0000000000e+00)
    (2.8942661247e-22 0.0000000000e+00)
    (3.0253054571e-22 0.0000000000e+00)
    (3.1622776602e-22 0.0000000000e+00)
    (3.3054513476e-22 0.0000000000e+00)
    (3.4551072946e-22 0.0000000000e+00)
    (3.6115389887e-22 0.0000000000e+00)
    (3.7750532053e-22 0.0000000000e+00)
    (3.9459706091e-22 0.0000000000e+00)
    (4.1246263829e-22 0.0000000000e+00)
    (4.3113708854e-22 0.0000000000e+00)
    (4.5065703377e-22 0.0000000000e+00)
    (4.7106075420e-22 0.0000000000e+00)
    (4.9238826317e-22 0.0000000000e+00)
    (5.1468138568e-22 0.0000000000e+00)
    (5.3798384034e-22 0.0000000000e+00)
    (5.6234132519e-22 0.0000000000e+00)
    (5.8780160723e-22 0.0000000000e+00)
    (6.1441461614e-22 0.0000000000e+00)
    (6.4223254222e-22 0.0000000000e+00)
    (6.7130993868e-22 0.0000000000e+00)
    (7.0170382867e-22 0.0000000000e+00)
    (7.3347381708e-22 0.0000000000e+00)
    (7.6668220745e-22 0.0000000000e+00)
    (8.0139412415e-22 0.0000000000e+00)
    (8.3767764007e-22 0.0000000000e+00)
    (8.7560391014e-22 0.0000000000e+00)
    (9.1524731088e-22 0.0000000000e+00)
    (9.5668558622e-22 0.0000000000e+00)
    (1.0000000000e-21 0.0000000000e+00)
    (1.0452754953e-21 0.0000000000e+00)
    (1.0926008611e-21 0.0000000000e+00)
    (1.1420689063e-21 0.0000000000e+00)
    (1.1937766417e-21 0.0000000000e+00)
    (1.2478254705e-21 0.0000000000e+00)
    (1.3043213867e-21 0.0000000000e+00)
    (1.3633751836e-21 0.0000000000e+00)
    (1.4251026703e-21 0.0000000000e+00)
    (1.4896248996e-21 0.0000000000e+00)
    (1.5570684048e-21 0.0000000000e+00)
    (1.6275654480e-21 0.0000000000e+00)
    (1.7012542799e-21 0.0000000000e+00)
    (1.7782794100e-21 0.0000000000e+00)
    (1.8587918911e-21 0.0000000000e+00)
    (1.9429496147e-21 0.0000000000e+00)
    (2.0309176209e-21 0.0000000000e+00)
    (2.1228684221e-21 0.0000000000e+00)
    (2.2189823415e-21 0.0000000000e+00)
    (2.3194478661e-21 0.0000000000e+00)
    (2.4244620171e-21 0.0000000000e+00)
    (2.5342307358e-21 0.0000000000e+00)
    (2.6489692876e-21 0.0000000000e+00)
    (2.7689026842e-21 0.0000000000e+00)
    (2.8942661247e-21 0.0000000000e+00)
    (3.0253054571e-21 0.0000000000e+00)
    (3.1622776602e-21 0.0000000000e+00)
    (3.3054513476e-21 0.0000000000e+00)
    (3.4551072946e-21 0.0000000000e+00)
    (3.6115389887e-21 0.0000000000e+00)
    (3.7750532053e-21 0.0000000000e+00)
    (3.9459706091e-21 0.0000000000e+00)
    (4.1246263829e-21 0.0000000000e+00)
    (4.3113708854e-21 0.0000000000e+00)
    (4.5065703377e-21 0.0000000000e+00)
    (4.7106075420e-21 0.0000000000e+00)
    (4.9238826317e-21 0.0000000000e+00)
    (5.1468138568e-21 0.0000000000e+00)
    (5.3798384034e-21 0.0000000000e+00)
    (5.6234132519e-21 0.0000000000e+00)
    (5.8780160723e-21 0.0000000000e+00)
    (6.1441461614e-21 0.0000000000e+00)
    (6.4223254222e-21 0.0000000000e+00)
    (6.7130993868e-21 0.0000000000e+00)
    (7.0170382867e-21 0.0000000000e+00)
    (7.3347381708e-21 0.0000000000e+00)
    (7.6668220745e-21 0.0000000000e+00)
    (8.0139412415e-21 0.0000000000e+00)
    (8.3767764007e-21 0.0000000000e+00)
    (8.7560391014e-21 0.0000000000e+00)
    (9.1524731088e-21 0.0000000000e+00)
    (9.5668558622e-21 0.0000000000e+00)
    (1.0000000000e-20 0.0000000000e+00)
    (1.0452754953e-20 0.0000000000e+00)
    (1.0926008611e-20 0.0000000000e+00)
    (1.1420689063e-20 0.0000000000e+00)
    (1.1937766417e-20 0.0000000000e+00)
    (1.2478254705e-20 0.0000000000e+00)
    (1.3043213867e-20 0.0000000000e+00)
    (1.3633751836e-20 0.0000000000e+00)
    (1.4251026703e-20 0.0000000000e+00)
    (1.4896248996e-20 0.0000000000e+00)
    (1.5570684048e-20 0.0000000000e+00)
    (1.6275654480e-20 0.0000000000e+00)
    (1.7012542799e-20 0.0000000000e+00)
    (1.7782794100e-20 0.0000000000e+00)
    (1.8587918911e-20 0.0000000000e+00)
    (1.9429496147e-20 0.0000000000e+00)
    (2.0309176209e-20 0.0000000000e+00)
    (2.1228684221e-20 0.0000000000e+00)
    (2.2189823415e-20 2.0890707850e-20)
    (2.3194478661e-20 3.8415183230e-20)
    (2.4244620171e-20 6.8463257447e-20)
    (2.5342307358e-20 1.1868524461e-19)
    (2.6489692876e-20 2.0057536422e-19)
    (2.7689026842e-20 3.0293004358e-19)
    (2.8942661247e-20 4.8582782007e-19)
    (3.0253054571e-20 7.6412551456e-19)
    (3.1622776602e-20 1.1788371520e-18)
    (3.3054513476e-20 1.8120479808e-18)
    (3.4551072946e-20 2.6926163633e-18)
    (3.6115389887e-20 3.9339272661e-18)
    (3.7750532053e-20 5.6545982186e-18)
    (3.9459706091e-20 8.0640614990e-18)
    (4.1246263829e-20 1.1230614434e-17)
    (4.3113708854e-20 1.5416297124e-17)
    (4.5065703377e-20 2.0868378890e-17)
    (4.7106075420e-20 2.7868822736e-17)
    (4.9238826317e-20 3.7032578945e-17)
    (5.1468138568e-20 4.8145059260e-17)
    (5.3798384034e-20 6.1825716325e-17)
    (5.6234132519e-20 7.8445037446e-17)
    (5.8780160723e-20 9.8730324543e-17)
    (6.1441461614e-20 1.2233312884e-16)
    (6.4223254222e-20 1.4989374648e-16)
    (6.7130993868e-20 1.8166542593e-16)
    (7.0170382867e-20 2.1782886981e-16)
    (7.3347381708e-20 2.5907116655e-16)
    (7.6668220745e-20 3.0416629812e-16)
    (8.0139412415e-20 3.5361823195e-16)
    (8.3767764007e-20 4.0721223424e-16)
    (8.7560391014e-20 4.6463445891e-16)
    (9.1524731088e-20 5.2670113383e-16)
    (9.5668558622e-20 5.9047395885e-16)
    (1.0000000000e-19 6.5666584251e-16)
    (1.0452754953e-19 7.2472214895e-16)
    (1.0926008611e-19 7.9438442959e-16)
    (1.1420689063e-19 8.6446339015e-16)
    (1.1937766417e-19 9.3475906127e-16)
    (1.2478254705e-19 1.0047810451e-15)
    (1.3043213867e-19 1.0740872271e-15)
    (1.3633751836e-19 1.1429185572e-15)
    (1.4251026703e-19 1.2095507054e-15)
    (1.4896248996e-19 1.2744866197e-15)
    (1.5570684048e-19 1.3375051098e-15)
    (1.6275654480e-19 1.3984343535e-15)
    (1.7012542799e-19 1.4573607591e-15)
    (1.7782794100e-19 1.5137088788e-15)
    (1.8587918911e-19 1.5677057667e-15)
    (1.9429496147e-19 1.6193242230e-15)
    (2.0309176209e-19 1.6685602116e-15)
    (2.1228684221e-19 1.7154283040e-15)
    (2.2189823415e-19 1.7599576408e-15)
    (2.3194478661e-19 1.8021884130e-15)
    (2.4244620171e-19 1.8418512162e-15)
    (2.5342307358e-19 1.8796362821e-15)
    (2.6489692876e-19 1.9151024549e-15)
    (2.7689026842e-19 1.9486690199e-15)
    (2.8942661247e-19 1.9802131223e-15)
    (3.0253054571e-19 2.0097930822e-15)
    (3.1622776602e-19 2.0373618038e-15)
    (3.3054513476e-19 2.0631656660e-15)
    (3.4551072946e-19 2.0871687806e-15)
    (3.6115389887e-19 2.1101433055e-15)
    (3.7750532053e-19 2.1306055332e-15)
    (3.9459706091e-19 2.1494094129e-15)
    (4.1246263829e-19 2.1665927122e-15)
    (4.3113708854e-19 2.1821901877e-15)
    (4.5065703377e-19 2.1962336896e-15)
    (4.7106075420e-19 2.2080359345e-15)
    (4.9238826317e-19 2.2191007314e-15)
    (5.1468138568e-19 2.2286866644e-15)
    (5.3798384034e-19 2.2368183860e-15)
    (5.6234132519e-19 2.2430784535e-15)
    (5.8780160723e-19 2.2483888895e-15)
    (6.1441461614e-19 2.2522968466e-15)
    (6.4223254222e-19 2.2677026661e-15)
    (6.7130993868e-19 2.2658603245e-15)
    (7.0170382867e-19 2.2626945993e-15)
    (7.3347381708e-19 2.2578352136e-15)
    (7.6668220745e-19 2.2512884167e-15)
    (8.0139412415e-19 2.2428004677e-15)
    (8.3767764007e-19 2.2329475276e-15)
    (8.7560391014e-19 2.2208305903e-15)
    (9.1524731088e-19 2.2077569719e-15)
    (9.5668558622e-19 2.1930710185e-15)
    (1.0000000000e-18 2.1764485551e-15)
    (1.0452754953e-18 2.1586043920e-15)
    (1.0926008611e-18 2.1392157475e-15)
    (1.1420689063e-18 2.1179572462e-15)
    (1.1937766417e-18 2.0955569911e-15)
    (1.2478254705e-18 2.0717031358e-15)
    (1.3043213867e-18 2.0464227336e-15)
    (1.3633751836e-18 2.0191577625e-15)
    (1.4251026703e-18 1.9911958061e-15)
    (1.4896248996e-18 1.9619248412e-15)
    (1.5570684048e-18 1.9308299392e-15)
    (1.6275654480e-18 1.8991324673e-15)
    (1.7012542799e-18 1.8662715620e-15)
    (1.7782794100e-18 1.8322681207e-15)
    (1.8587918911e-18 1.7968777637e-15)
    (1.9429496147e-18 1.7609012911e-15)
    (2.0309176209e-18 1.7239581662e-15)
    (2.1228684221e-18 1.6859759353e-15)
    (2.2189823415e-18 1.6474396226e-15)
    (2.3194478661e-18 1.6081312702e-15)
    (2.4244620171e-18 1.5678433510e-15)
    (2.5342307358e-18 1.5274078027e-15)
    (2.6489692876e-18 1.4859730492e-15)
    (2.7689026842e-18 1.4427030020e-15)
    (2.8942661247e-18 1.4030343891e-15)
    (3.0253054571e-18 1.3607241349e-15)
    (3.1622776602e-18 1.3165215536e-15)
    (3.3054513476e-18 1.2764577978e-15)
    (3.4551072946e-18 1.2327490077e-15)
    (3.6115389887e-18 1.1918498552e-15)
    (3.7750532053e-18 1.1497497152e-15)
    (3.9459706091e-18 1.1059213963e-15)
    (4.1246263829e-18 1.0657884015e-15)
    (4.3113708854e-18 1.0236540422e-15)
    (4.5065703377e-18 9.8373369146e-16)
    (4.7106075420e-18 9.4326613332e-16)
    (4.9238826317e-18 9.0340891434e-16)
    (5.1468138568e-18 8.6368476840e-16)
    (5.3798384034e-18 8.2506846070e-16)
    (5.6234132519e-18 7.8696519022e-16)
    (5.8780160723e-18 7.4976714220e-16)
    (6.1441461614e-18 7.1307189172e-16)
    (6.4223254222e-18 6.7747082941e-16)
    (6.7130993868e-18 6.4268788056e-16)
    (7.0170382867e-18 6.0869049726e-16)
    (7.3347381708e-18 5.7572064595e-16)
    (7.6668220745e-18 5.4284667748e-16)
    (8.0139412415e-18 5.1191263814e-16)
    (8.3767764007e-18 4.8198963642e-16)
    (8.7560391014e-18 4.5295150118e-16)
    (9.1524731088e-18 4.2382970318e-16)
    (9.5668558622e-18 3.9778833748e-16)
    (1.0000000000e-17 3.7067993573e-16)
);
