// k[EI_O2_ATT] [m^6/s] vs mean energy [eV]; air_plasma [94c490be646f8872], T_gas = 300.000000 K
(
    (0 3.0135689146e-42)
    (1.3716749438e-01 3.0135689146e-42)
    (1.4076979314e-01 2.9898058382e-42)
    (1.4397604008e-01 2.9680957661e-42)
    (1.4684113805e-01 2.9486747036e-42)
    (1.4941204783e-01 2.9316282512e-42)
    (1.5172864004e-01 2.9169453245e-42)
    (1.5382482203e-01 2.9045514384e-42)
    (1.5572964088e-01 2.8943294552e-42)
    (1.5746824649e-01 2.8861327487e-42)
    (1.5906268561e-01 2.8797938166e-42)
    (1.6040186980e-01 2.8767243176e-42)
    (1.6189539494e-01 2.8719486231e-42)
    (1.6316727128e-01 2.8700485996e-42)
    (1.6436286366e-01 2.8692249162e-42)
    (1.6549578572e-01 2.8692701990e-42)
    (1.6657873020e-01 2.8699770979e-42)
    (1.6762359287e-01 2.8711403486e-42)
    (1.6865359887e-01 2.8722754164e-42)
    (1.6965539117e-01 2.8737537361e-42)
    (1.7065096866e-01 2.8751038742e-42)
    (1.7163702901e-01 2.8763542304e-42)
    (1.7264762429e-01 2.8768857779e-42)
    (1.7367878080e-01 2.8767877045e-42)
    (1.7473849913e-01 2.8759159142e-42)
    (1.7583432821e-01 2.8741399034e-42)
    (1.7697337833e-01 2.8713434285e-42)
    (1.7816233417e-01 2.8674249691e-42)
    (1.7940746844e-01 2.8622979865e-42)
    (1.8071465956e-01 2.8558909704e-42)
    (1.8208941158e-01 2.8481472821e-42)
    (1.8353687952e-01 2.8390247935e-42)
    (1.8506190021e-01 2.8284953313e-42)
    (1.8666902928e-01 2.8165439397e-42)
    (1.8836258474e-01 2.8031679754e-42)
    (1.9014669747e-01 2.7883760575e-42)
    (1.9202536831e-01 2.7721868950e-42)
    (1.9400253175e-01 2.7546280218e-42)
    (1.9608212573e-01 2.7357344683e-42)
    (1.9826816696e-01 2.7155474031e-42)
    (2.0056483136e-01 2.6941127769e-42)
    (2.0297653896e-01 2.6714799985e-42)
    (2.0550804255e-01 2.6477006745e-42)
    (2.0816451961e-01 2.6228274346e-42)
    (2.1095166654e-01 2.5969128662e-42)
    (2.1387579417e-01 2.5700085721e-42)
    (2.1694256551e-01 2.5420330207e-42)
    (2.2014788174e-01 2.5132315474e-42)
    (2.2353446165e-01 2.4836449011e-42)
    (2.2709477487e-01 2.4532463131e-42)
    (2.3084127841e-01 2.4220702499e-42)
    (2.3479833990e-01 2.3897497397e-42)
    (2.3896131204e-01 2.3571289773e-42)
    (2.4336011410e-01 2.3238018362e-42)
    (2.4801612280e-01 2.2897810889e-42)
    (2.5295360836e-01 2.2550736873e-42)
    (2.5819915170e-01 2.2195518252e-42)
    (2.6378576428e-01 2.1834678752e-42)
    (2.6974626976e-01 2.1466852876e-42)
    (2.7611829297e-01 2.1091902026e-42)
    (2.8294269841e-01 2.0709654561e-42)
    (2.9026321198e-01 2.0319919963e-42)
    (2.9812580887e-01 1.9922506865e-42)
    (3.0657783145e-01 1.9517244998e-42)
    (3.1566682518e-01 1.9104010699e-42)
    (3.2543909275e-01 1.8682755249e-42)
    (3.3590887576e-01 1.8253326990e-42)
    (3.4717223366e-01 1.7816344293e-42)
    (3.5923184525e-01 1.7371953704e-42)
    (3.7211014051e-01 1.6920700071e-42)
    (3.8581860584e-01 1.6463334478e-42)
    (4.0035610545e-01 1.6000823431e-42)
    (4.1570760906e-01 1.5534347746e-42)
    (4.3184344429e-01 1.5065290210e-42)
    (4.4871916534e-01 1.4595211900e-42)
    (4.6627608546e-01 1.4125818040e-42)
    (4.8444246122e-01 1.3658915239e-42)
    (5.0313526437e-01 1.3196362729e-42)
    (5.2226243543e-01 1.2740020678e-42)
    (5.4172546688e-01 1.2291698898e-42)
    (5.6142215538e-01 1.1853109017e-42)
    (5.8124935489e-01 1.1425822772e-42)
    (6.0110557847e-01 1.1011238333e-42)
    (6.2089332763e-01 1.0610555827e-42)
    (6.4052105642e-01 1.0224762362e-42)
    (6.5990472218e-01 9.8546261899e-43)
    (6.7896890624e-01 9.5006990570e-43)
    (6.9764751934e-01 9.1633254173e-43)
    (7.1588412933e-01 8.8426569987e-43)
    (7.3358637930e-01 8.5387329374e-43)
    (7.5079958278e-01 8.2513554413e-43)
    (7.6745534914e-01 7.9801971279e-43)
    (7.8353257443e-01 7.7248481493e-43)
    (7.9901752925e-01 7.4848111832e-43)
    (8.1390306874e-01 7.2595211553e-43)
    (8.2818782881e-01 7.0483631579e-43)
    (8.4187543928e-01 6.8506883217e-43)
    (8.5497377065e-01 6.6658276272e-43)
    (8.6749423532e-01 6.4931035894e-43)
    (8.7945114959e-01 6.3318399724e-43)
    (8.9086116369e-01 6.1813696527e-43)
    (9.0174276209e-01 6.0410408037e-43)
    (9.1211583392e-01 5.9102215857e-43)
    (9.2200131124e-01 5.7883035279e-43)
    (9.3142087166e-01 5.6747037856e-43)
    (9.4039670018e-01 5.5688664456e-43)
    (9.4895130466e-01 5.4702630442e-43)
    (9.5710737851e-01 5.3783924483e-43)
    (9.6488770504e-01 5.2927802188e-43)
    (9.7229590480e-01 5.2127975745e-43)
    (9.7938516806e-01 5.1384882904e-43)
    (9.8616493157e-01 5.0691851946e-43)
    (9.9265725541e-01 5.0045163885e-43)
    (9.9888405066e-01 4.9441313711e-43)
    (1.0048670871e+00 4.8876996090e-43)
    (1.0106280072e+00 4.8349091338e-43)
    (1.0161883436e+00 4.7854651904e-43)
    (1.0215695406e+00 4.7390889494e-43)
    (1.0267929771e+00 4.6955162727e-43)
    (1.0318799906e+00 4.6544965789e-43)
    (1.0368231653e+00 4.6159123718e-43)
    (1.0417033545e+00 4.5792863484e-43)
    (1.0465120906e+00 4.5445334130e-43)
    (1.0510868807e+00 4.5108457610e-43)
    (1.0558591909e+00 4.4792125205e-43)
    (1.0606532018e+00 4.4488146054e-43)
    (1.0655074201e+00 4.4194496220e-43)
    (1.0704684874e+00 4.3909120976e-43)
    (1.0751997678e+00 4.3638597355e-43)
    (1.0804337622e+00 4.3354872669e-43)
    (1.0860944541e+00 4.3081953789e-43)
    (1.0921800386e+00 4.2808479598e-43)
    (1.0986620881e+00 4.2537300407e-43)
    (1.1060807530e+00 4.2253348512e-43)
    (1.1144567565e+00 4.1960078907e-43)
    (1.1240549778e+00 4.1653905369e-43)
    (1.1350476813e+00 4.1329168356e-43)
    (1.1481500998e+00 4.0984042197e-43)
    (1.1636258816e+00 4.0612969348e-43)
    (1.1819885903e+00 4.0210874320e-43)
    (1.2038177970e+00 3.9772421824e-43)
    (1.2301634392e+00 3.9286457995e-43)
    (1.2609969547e+00 3.8757807967e-43)
    (1.2973623011e+00 3.8176612324e-43)
    (1.3400043219e+00 3.7538110809e-43)
    (1.3902463434e+00 3.6816995053e-43)
    (1.4476740790e+00 3.6052474313e-43)
    (1.5134371389e+00 3.5221986911e-43)
    (1.5880617832e+00 3.4325267276e-43)
    (1.6719409936e+00 3.3363734575e-43)
    (1.7660607111e+00 3.2343337724e-43)
    (1.8689224012e+00 3.1262703677e-43)
    (1.9811674971e+00 3.0132483482e-43)
    (2.1024762205e+00 2.8960815500e-43)
    (2.2323544682e+00 2.7757021276e-43)
    (2.3723894733e+00 2.6502185561e-43)
    (2.5173051548e+00 2.5266414766e-43)
    (2.6685098830e+00 2.4029858958e-43)
    (2.8251127850e+00 2.2802648778e-43)
    (2.9864403851e+00 2.1586839706e-43)
    (3.1511716909e+00 2.0405625737e-43)
    (3.3187345269e+00 1.9258921614e-43)
    (3.4884072290e+00 1.8152708902e-43)
    (3.6595680233e+00 1.7091673796e-43)
    (3.8329812664e+00 1.6056822843e-43)
    (4.0054036496e+00 1.5098572616e-43)
    (4.1781426577e+00 1.4191969468e-43)
    (4.3510158693e+00 1.3337294182e-43)
    (4.5239369987e+00 1.2534054193e-43)
    (4.6971621124e+00 1.1772419878e-43)
    (4.8701409956e+00 1.1069304860e-43)
    (5.0433978981e+00 1.0412762112e-43)
    (5.2171246269e+00 9.8005559574e-44)
    (5.3915564385e+00 9.2302827432e-44)
    (5.5669629672e+00 8.6994485014e-44)
    (5.7436400437e+00 8.2055320197e-44)
    (5.9219025873e+00 7.7460348193e-44)
    (6.1010979378e+00 7.3204691891e-44)
    (6.2835570480e+00 6.9224833289e-44)
    (6.4679920424e+00 6.5486691688e-44)
    (6.6560078498e+00 6.2036005730e-44)
    (6.8473428105e+00 5.8818101125e-44)
    (7.0423340173e+00 5.5814468667e-44)
    (7.2409465160e+00 5.2955140869e-44)
    (7.4442081971e+00 5.0334161909e-44)
    (7.6521663603e+00 4.7879519196e-44)
    (7.8676105911e+00 4.5441739500e-44)
    (8.0858487204e+00 4.3294289879e-44)
    (8.3098278045e+00 4.1274723554e-44)
    (8.5398932951e+00 3.9372995182e-44)
    (8.7763949131e+00 3.7579939765e-44)
    (9.0196879697e+00 3.5887203528e-44)
    (9.2670974767e+00 3.4325457338e-44)
    (9.5251096886e+00 3.2807204053e-44)
    (9.7910839770e+00 3.1368846532e-44)
    (1.0065371630e+01 3.0004550101e-44)
    (1.0346344593e+01 2.8711074466e-44)
    (1.0638438926e+01 2.7479138678e-44)
    (1.0940187398e+01 2.6306844171e-44)
    (1.1925355136e+01 2.2419019141e-44)
    (1.2308824412e+01 2.1320536042e-44)
    (1.2709276652e+01 2.0277136404e-44)
    (1.3126439691e+01 1.9284198407e-44)
    (1.3561263285e+01 1.8338884953e-44)
    (1.4012493747e+01 1.7400423916e-44)
    (1.4484291915e+01 1.6548080671e-44)
    (1.4973992379e+01 1.5785267115e-44)
    (1.5487666223e+01 1.5004776325e-44)
    (1.6023909695e+01 1.4260935850e-44)
    (1.6583468512e+01 1.3519078207e-44)
    (1.7168941463e+01 1.2847021988e-44)
    (1.7781023452e+01 1.2205964748e-44)
    (1.8422151615e+01 1.1570249278e-44)
    (1.9092649339e+01 1.0989731392e-44)
    (1.9794733945e+01 1.0435680219e-44)
    (2.0530664058e+01 9.9068301473e-45)
    (2.1299508263e+01 9.4342482678e-45)
    (2.2109288431e+01 8.9483202374e-45)
    (2.2959485968e+01 8.4849305916e-45)
    (2.3850104879e+01 8.0451035544e-45)
    (2.4788921536e+01 7.6235039159e-45)
    (2.5776295005e+01 7.2215569721e-45)
    (2.6817698048e+01 6.8381981174e-45)
    (2.7909067436e+01 6.4573590842e-45)
    (2.9061538888e+01 6.1114670840e-45)
    (3.0279874265e+01 5.7815267542e-45)
    (3.1556757395e+01 5.4513120183e-45)
    (3.2908931845e+01 5.1545109443e-45)
    (3.4342348823e+01 4.8713494941e-45)
    (3.5842127009e+01 4.6077773687e-45)
    (3.7437719791e+01 4.3502794159e-45)
    (3.9117090489e+01 4.1230169681e-45)
    (4.0644106575e+01 3.8460047069e-45)
    (4.2796040127e+01 3.6626194237e-45)
    (4.4789131155e+01 3.4500289757e-45)
    (4.6589221150e+01 3.2181076331e-45)
    (4.9179324484e+01 3.0549113029e-45)
    (5.1201199815e+01 2.8538244255e-45)
    (5.4099126670e+01 2.6945063126e-45)
    (5.6778858337e+01 2.5287628071e-45)
    (5.9117854096e+01 2.3694940260e-45)
    (6.2718461942e+01 2.2251142378e-45)
    (6.5410085846e+01 2.0878185730e-45)
    (6.9496742822e+01 1.9562290238e-45)
    (7.3180976752e+01 1.8332724109e-45)
    (7.7182577491e+01 1.7159011739e-45)
    (8.1420085225e+01 1.6043156689e-45)
    (8.6011788405e+01 1.4993683193e-45)
    (9.0867763137e+01 1.4008045211e-45)
    (9.6165388139e+01 1.3069795665e-45)
    (1.0177823578e+02 1.2182428205e-45)
    (1.0792309375e+02 1.1346325528e-45)
    (1.1458604701e+02 1.0557058094e-45)
    (1.2160542734e+02 9.8183330005e-46)
    (1.2939531717e+02 9.1170187893e-46)
    (1.3542361118e+02 8.4777307847e-46)
    (1.4388362195e+02 7.8576654799e-46)
    (1.5371740495e+02 7.2738073555e-46)
    (1.6736124994e+02 6.7004747645e-46)
    (1.7556818514e+02 6.1770514162e-46)
    (1.9180551086e+02 5.7047073982e-46)
    (2.0148427830e+02 5.2284425562e-46)
);
