// k[EI_N2_EXC_N2_V4] [m^3/s] vs mean energy [eV]; air_plasma [94c490be646f8872], T_gas = 300.000000 K
(
    (0 0.0000000000e+00)
    (1.3716749438e-01 0.0000000000e+00)
    (1.4076979314e-01 0.0000000000e+00)
    (1.4397604008e-01 0.0000000000e+00)
    (1.4684113805e-01 0.0000000000e+00)
    (1.4941204783e-01 0.0000000000e+00)
    (1.5172864004e-01 0.0000000000e+00)
    (1.5382482203e-01 0.0000000000e+00)
    (1.5572964088e-01 0.0000000000e+00)
    (1.5746824649e-01 0.0000000000e+00)
    (1.5906268561e-01 0.0000000000e+00)
    (1.6040186980e-01 0.0000000000e+00)
    (1.6189539494e-01 0.0000000000e+00)
    (1.6316727128e-01 0.0000000000e+00)
    (1.6436286366e-01 0.0000000000e+00)
    (1.6549578572e-01 0.0000000000e+00)
    (1.6657873020e-01 0.0000000000e+00)
    (1.6762359287e-01 0.0000000000e+00)
    (1.6865359887e-01 0.0000000000e+00)
    (1.6965539117e-01 0.0000000000e+00)
    (1.7065096866e-01 0.0000000000e+00)
    (1.7163702901e-01 0.0000000000e+00)
    (1.7264762429e-01 0.0000000000e+00)
    (1.7367878080e-01 0.0000000000e+00)
    (1.7473849913e-01 0.0000000000e+00)
    (1.7583432821e-01 0.0000000000e+00)
    (1.7697337833e-01 0.0000000000e+00)
    (1.7816233417e-01 0.0000000000e+00)
    (1.7940746844e-01 0.0000000000e+00)
    (1.8071465956e-01 0.0000000000e+00)
    (1.8208941158e-01 0.0000000000e+00)
    (1.8353687952e-01 0.0000000000e+00)
    (1.8506190021e-01 0.0000000000e+00)
    (1.8666902928e-01 0.0000000000e+00)
    (1.8836258474e-01 0.0000000000e+00)
    (1.9014669747e-01 0.0000000000e+00)
    (1.9202536831e-01 0.0000000000e+00)
    (1.9400253175e-01 0.0000000000e+00)
    (1.9608212573e-01 0.0000000000e+00)
    (1.9826816696e-01 0.0000000000e+00)
    (2.0056483136e-01 0.0000000000e+00)
    (2.0297653896e-01 0.0000000000e+00)
    (2.0550804255e-01 0.0000000000e+00)
    (2.0816451961e-01 0.0000000000e+00)
    (2.1095166654e-01 0.0000000000e+00)
    (2.1387579417e-01 0.0000000000e+00)
    (2.1694256551e-01 0.0000000000e+00)
    (2.2014788174e-01 0.0000000000e+00)
    (2.2353446165e-01 0.0000000000e+00)
    (2.2709477487e-01 0.0000000000e+00)
    (2.3084127841e-01 0.0000000000e+00)
    (2.3479833990e-01 0.0000000000e+00)
    (2.3896131204e-01 0.0000000000e+00)
    (2.4336011410e-01 0.0000000000e+00)
    (2.4801612280e-01 0.0000000000e+00)
    (2.5295360836e-01 0.0000000000e+00)
    (2.5819915170e-01 0.0000000000e+00)
    (2.6378576428e-01 0.0000000000e+00)
    (2.6974626976e-01 0.0000000000e+00)
    (2.7611829297e-01 0.0000000000e+00)
    (2.8294269841e-01 0.0000000000e+00)
    (2.9026321198e-01 0.0000000000e+00)
    (2.9812580887e-01 0.0000000000e+00)
    (3.0657783145e-01 0.0000000000e+00)
    (3.1566682518e-01 0.0000000000e+00)
    (3.2543909275e-01 0.0000000000e+00)
    (3.3590887576e-01 0.0000000000e+00)
    (3.4717223366e-01 0.0000000000e+00)
    (3.5923184525e-01 0.0000000000e+00)
    (3.7211014051e-01 0.0000000000e+00)
    (3.8581860584e-01 1.0236839611e-28)
    (4.0035610545e-01 1.1122162981e-27)
    (4.1570760906e-01 2.3089336245e-26)
    (4.3184344429e-01 2.4320618034e-25)
    (4.4871916534e-01 6.9048723952e-25)
    (4.6627608546e-01 1.4545432421e-24)
    (4.8444246122e-01 2.7761648994e-24)
    (5.0313526437e-01 5.0693439152e-24)
    (5.2226243543e-01 9.0347743602e-24)
    (5.4172546688e-01 1.5820918952e-23)
    (5.6142215538e-01 2.7260716594e-23)
    (5.8124935489e-01 4.6201173974e-23)
    (6.0110557847e-01 7.6942585356e-23)
    (6.2089332763e-01 1.2581815753e-22)
    (6.4052105642e-01 2.0191218773e-22)
    (6.5990472218e-01 3.1793542062e-22)
    (6.7896890624e-01 4.9124827760e-22)
    (6.9764751934e-01 7.4501539602e-22)
    (7.1588412933e-01 1.1094606296e-21)
    (7.3358637930e-01 3.5596836202e-21)
    (7.5079958278e-01 5.5160569205e-21)
    (7.6745534914e-01 8.4371046603e-21)
    (7.8353257443e-01 1.2743043511e-20)
    (7.9901752925e-01 1.9017097291e-20)
    (8.1390306874e-01 2.8051462203e-20)
    (8.2818782881e-01 4.0910846244e-20)
    (8.4187543928e-01 5.9021011993e-20)
    (8.5497377065e-01 8.4266655529e-20)
    (8.6749423532e-01 1.1911383787e-19)
    (8.7945114959e-01 1.6675768208e-19)
    (8.9086116369e-01 2.3129761378e-19)
    (9.0174276209e-01 3.1794259048e-19)
    (9.1211583392e-01 4.3324810907e-19)
    (9.2200131124e-01 5.8538597425e-19)
    (9.3142087166e-01 7.8444675845e-19)
    (9.4039670018e-01 1.0427735823e-18)
    (9.4895130466e-01 1.3753243123e-18)
    (9.5710737851e-01 1.8000576329e-18)
    (9.6488770504e-01 2.3383358988e-18)
    (9.7229590480e-01 2.9722271956e-18)
    (9.7938516806e-01 3.7956595465e-18)
    (9.8616493157e-01 4.8126565390e-18)
    (9.9265725541e-01 6.0596218604e-18)
    (9.9888405066e-01 7.5777384759e-18)
    (1.0048670871e+00 9.4132014902e-18)
    (1.0106280072e+00 1.1617396442e-17)
    (1.0161883436e+00 1.4247013836e-17)
    (1.0215695406e+00 1.7364091903e-17)
    (1.0267929771e+00 2.1035980640e-17)
    (1.0318799906e+00 2.5335223414e-17)
    (1.0368231653e+00 3.0359423321e-17)
    (1.0417033545e+00 3.6158598372e-17)
    (1.0465120906e+00 4.2835501099e-17)
    (1.0510868807e+00 5.0674722453e-17)
    (1.0558591909e+00 5.9388913164e-17)
    (1.0606532018e+00 6.9266415396e-17)
    (1.0655074201e+00 8.0409019054e-17)
    (1.0704684874e+00 9.2920429362e-17)
    (1.0751997678e+00 1.0721179877e-16)
    (1.0804337622e+00 1.2293622933e-16)
    (1.0860944541e+00 1.4016364438e-16)
    (1.0921800386e+00 1.5916988726e-16)
    (1.0986620881e+00 1.8023730734e-16)
    (1.1060807530e+00 2.0307380662e-16)
    (1.1144567565e+00 2.2795073892e-16)
    (1.1240549778e+00 2.5493248614e-16)
    (1.1350476813e+00 2.8378567373e-16)
    (1.1481500998e+00 3.1506680181e-16)
    (1.1636258816e+00 3.4851866703e-16)
    (1.1819885903e+00 3.8410147973e-16)
    (1.2038177970e+00 4.2173442952e-16)
    (1.2301634392e+00 4.6185701647e-16)
    (1.2609969547e+00 5.0312326134e-16)
    (1.2973623011e+00 5.4588729568e-16)
    (1.3400043219e+00 5.8985013301e-16)
    (1.3902463434e+00 6.3410996357e-16)
    (1.4476740790e+00 6.7933715061e-16)
    (1.5134371389e+00 7.2452173840e-16)
    (1.5880617832e+00 7.6915526475e-16)
    (1.6719409936e+00 8.1270304326e-16)
    (1.7660607111e+00 8.5405408945e-16)
    (1.8689224012e+00 8.9375960118e-16)
    (1.9811674971e+00 9.3081318376e-16)
    (2.1024762205e+00 9.6476424543e-16)
    (2.2323544682e+00 9.9522938402e-16)
    (2.3723894733e+00 1.0215947336e-15)
    (2.5173051548e+00 1.0442540072e-15)
    (2.6685098830e+00 1.0627937142e-15)
    (2.8251127850e+00 1.0771840019e-15)
    (2.9864403851e+00 1.0866958016e-15)
    (3.1511716909e+00 1.0931244418e-15)
    (3.3187345269e+00 1.0957710593e-15)
    (3.4884072290e+00 1.0948773100e-15)
    (3.6595680233e+00 1.0907204415e-15)
    (3.8329812664e+00 1.0836527318e-15)
    (4.0054036496e+00 1.0738706363e-15)
    (4.1781426577e+00 1.0617522317e-15)
    (4.3510158693e+00 1.0475985269e-15)
    (4.5239369987e+00 1.0316968994e-15)
    (4.6971621124e+00 1.0138457213e-15)
    (4.8701409956e+00 9.9528252306e-16)
    (5.0433978981e+00 9.7571125032e-16)
    (5.2171246269e+00 9.5533509017e-16)
    (5.3915564385e+00 9.3433482254e-16)
    (5.5669629672e+00 9.1286975827e-16)
    (5.7436400437e+00 8.9107909022e-16)
    (5.9219025873e+00 8.6908349576e-16)
    (6.1010979378e+00 8.4662895722e-16)
    (6.2835570480e+00 8.2456354355e-16)
    (6.4679920424e+00 8.0280728552e-16)
    (6.6560078498e+00 7.8090121383e-16)
    (6.8473428105e+00 7.5917272676e-16)
    (7.0423340173e+00 7.3766748688e-16)
    (7.2409465160e+00 7.1617557019e-16)
    (7.4442081971e+00 6.9525709573e-16)
    (7.6521663603e+00 6.7465310088e-16)
    (7.8676105911e+00 6.5369707909e-16)
    (8.0858487204e+00 6.3380712338e-16)
    (8.3098278045e+00 6.1428639113e-16)
    (8.5398932951e+00 5.9514565283e-16)
    (8.7763949131e+00 5.7639320740e-16)
    (9.0196879697e+00 5.5803523687e-16)
    (9.2670974767e+00 5.4047548705e-16)
    (9.5251096886e+00 5.2289064895e-16)
    (9.7910839770e+00 5.0571012757e-16)
    (1.0065371630e+01 4.8893390633e-16)
    (1.0346344593e+01 4.7225678588e-16)
    (1.0638438926e+01 4.5631232759e-16)
    (1.0940187398e+01 4.4076454722e-16)
    (1.1925355136e+01 3.8829943353e-16)
    (1.2308824412e+01 3.7226650627e-16)
    (1.2709276652e+01 3.5697282776e-16)
    (1.3126439691e+01 3.4213227955e-16)
    (1.3561263285e+01 3.2774200637e-16)
    (1.4012493747e+01 3.1424296131e-16)
    (1.4484291915e+01 3.0070247537e-16)
    (1.4973992379e+01 2.8719229345e-16)
    (1.5487666223e+01 2.7458608101e-16)
    (1.6023909695e+01 2.6240586066e-16)
    (1.6583468512e+01 2.5063970669e-16)
    (1.7168941463e+01 2.3928390323e-16)
    (1.7781023452e+01 2.2833419280e-16)
    (1.8422151615e+01 2.1796168714e-16)
    (1.9092649339e+01 2.0777353888e-16)
    (1.9794733945e+01 1.9796757220e-16)
    (2.0530664058e+01 1.8853328526e-16)
    (2.1299508263e+01 1.7905332858e-16)
    (2.2109288431e+01 1.7038772102e-16)
    (2.2959485968e+01 1.6205990658e-16)
    (2.3850104879e+01 1.5427927204e-16)
    (2.4788921536e+01 1.4657058537e-16)
    (2.5776295005e+01 1.3917714537e-16)
    (2.6817698048e+01 1.3208590802e-16)
    (2.7909067436e+01 1.2539667748e-16)
    (2.9061538888e+01 1.1887601954e-16)
    (3.0279874265e+01 1.1263226146e-16)
    (3.1556757395e+01 1.0646226160e-16)
    (3.2908931845e+01 1.0078720303e-16)
    (3.4342348823e+01 9.5357637324e-17)
    (3.5842127009e+01 9.0084148746e-17)
    (3.7437719791e+01 8.5149698564e-17)
    (3.9117090489e+01 8.0514062412e-17)
    (4.0644106575e+01 7.5841866442e-17)
    (4.2796040127e+01 7.1712199007e-17)
    (4.4789131155e+01 6.7669956580e-17)
    (4.6589221150e+01 6.3585819613e-17)
    (4.9179324484e+01 6.0038580828e-17)
    (5.1201199815e+01 5.6398524090e-17)
    (5.4099126670e+01 5.3106363485e-17)
    (5.6778858337e+01 4.9901915781e-17)
    (5.9117854096e+01 4.6869318562e-17)
    (6.2718461942e+01 4.3947116920e-17)
    (6.5410085846e+01 4.1297725161e-17)
    (6.9496742822e+01 3.8652477945e-17)
    (7.3180976752e+01 3.6233913369e-17)
    (7.7182577491e+01 3.3917831931e-17)
    (8.1420085225e+01 3.1723411199e-17)
    (8.6011788405e+01 2.9649441581e-17)
    (9.0867763137e+01 2.7706118303e-17)
    (9.6165388139e+01 2.5850633863e-17)
    (1.0177823578e+02 2.4097291145e-17)
    (1.0792309375e+02 2.2443453669e-17)
    (1.1458604701e+02 2.0882257075e-17)
    (1.2160542734e+02 1.9421059592e-17)
    (1.2939531717e+02 1.8033831731e-17)
    (1.3542361118e+02 1.6769294214e-17)
    (1.4388362195e+02 1.5542779974e-17)
    (1.5371740495e+02 1.4387885001e-17)
    (1.6736124994e+02 1.3253809959e-17)
    (1.7556818514e+02 1.2218457416e-17)
    (1.9180551086e+02 1.1284141853e-17)
    (2.0148427830e+02 1.0342070742e-17)
);
