// k[EI_N2_EXC_N2_V8] [m^3/s] vs mean energy [eV]; air_plasma [94c490be646f8872], T_gas = 300.000000 K
(
    (0 0.0000000000e+00)
    (1.3716749438e-01 0.0000000000e+00)
    (1.4076979314e-01 0.0000000000e+00)
    (1.4397604008e-01 0.0000000000e+00)
    (1.4684113805e-01 0.0000000000e+00)
    (1.4941204783e-01 0.0000000000e+00)
    (1.5172864004e-01 0.0000000000e+00)
    (1.5382482203e-01 0.0000000000e+00)
    (1.5572964088e-01 0.0000000000e+00)
    (1.5746824649e-01 0.0000000000e+00)
    (1.5906268561e-01 0.0000000000e+00)
    (1.6040186980e-01 0.0000000000e+00)
    (1.6189539494e-01 0.0000000000e+00)
    (1.6316727128e-01 0.0000000000e+00)
    (1.6436286366e-01 0.0000000000e+00)
    (1.6549578572e-01 0.0000000000e+00)
    (1.6657873020e-01 0.0000000000e+00)
    (1.6762359287e-01 0.0000000000e+00)
    (1.6865359887e-01 0.0000000000e+00)
    (1.6965539117e-01 0.0000000000e+00)
    (1.7065096866e-01 0.0000000000e+00)
    (1.7163702901e-01 0.0000000000e+00)
    (1.7264762429e-01 0.0000000000e+00)
    (1.7367878080e-01 0.0000000000e+00)
    (1.7473849913e-01 0.0000000000e+00)
    (1.7583432821e-01 0.0000000000e+00)
    (1.7697337833e-01 0.0000000000e+00)
    (1.7816233417e-01 0.0000000000e+00)
    (1.7940746844e-01 0.0000000000e+00)
    (1.8071465956e-01 0.0000000000e+00)
    (1.8208941158e-01 0.0000000000e+00)
    (1.8353687952e-01 0.0000000000e+00)
    (1.8506190021e-01 0.0000000000e+00)
    (1.8666902928e-01 0.0000000000e+00)
    (1.8836258474e-01 0.0000000000e+00)
    (1.9014669747e-01 0.0000000000e+00)
    (1.9202536831e-01 0.0000000000e+00)
    (1.9400253175e-01 0.0000000000e+00)
    (1.9608212573e-01 0.0000000000e+00)
    (1.9826816696e-01 0.0000000000e+00)
    (2.0056483136e-01 0.0000000000e+00)
    (2.0297653896e-01 0.0000000000e+00)
    (2.0550804255e-01 0.0000000000e+00)
    (2.0816451961e-01 0.0000000000e+00)
    (2.1095166654e-01 0.0000000000e+00)
    (2.1387579417e-01 0.0000000000e+00)
    (2.1694256551e-01 0.0000000000e+00)
    (2.2014788174e-01 0.0000000000e+00)
    (2.2353446165e-01 0.0000000000e+00)
    (2.2709477487e-01 0.0000000000e+00)
    (2.3084127841e-01 0.0000000000e+00)
    (2.3479833990e-01 0.0000000000e+00)
    (2.3896131204e-01 0.0000000000e+00)
    (2.4336011410e-01 0.0000000000e+00)
    (2.4801612280e-01 0.0000000000e+00)
    (2.5295360836e-01 0.0000000000e+00)
    (2.5819915170e-01 0.0000000000e+00)
    (2.6378576428e-01 0.0000000000e+00)
    (2.6974626976e-01 0.0000000000e+00)
    (2.7611829297e-01 0.0000000000e+00)
    (2.8294269841e-01 0.0000000000e+00)
    (2.9026321198e-01 0.0000000000e+00)
    (2.9812580887e-01 0.0000000000e+00)
    (3.0657783145e-01 0.0000000000e+00)
    (3.1566682518e-01 0.0000000000e+00)
    (3.2543909275e-01 0.0000000000e+00)
    (3.3590887576e-01 0.0000000000e+00)
    (3.4717223366e-01 0.0000000000e+00)
    (3.5923184525e-01 0.0000000000e+00)
    (3.7211014051e-01 0.0000000000e+00)
    (3.8581860584e-01 0.0000000000e+00)
    (4.0035610545e-01 0.0000000000e+00)
    (4.1570760906e-01 0.0000000000e+00)
    (4.3184344429e-01 0.0000000000e+00)
    (4.4871916534e-01 0.0000000000e+00)
    (4.6627608546e-01 0.0000000000e+00)
    (4.8444246122e-01 0.0000000000e+00)
    (5.0313526437e-01 0.0000000000e+00)
    (5.2226243543e-01 0.0000000000e+00)
    (5.4172546688e-01 0.0000000000e+00)
    (5.6142215538e-01 0.0000000000e+00)
    (5.8124935489e-01 0.0000000000e+00)
    (6.0110557847e-01 0.0000000000e+00)
    (6.2089332763e-01 0.0000000000e+00)
    (6.4052105642e-01 0.0000000000e+00)
    (6.5990472218e-01 0.0000000000e+00)
    (6.7896890624e-01 0.0000000000e+00)
    (6.9764751934e-01 0.0000000000e+00)
    (7.1588412933e-01 0.0000000000e+00)
    (7.3358637930e-01 0.0000000000e+00)
    (7.5079958278e-01 0.0000000000e+00)
    (7.6745534914e-01 0.0000000000e+00)
    (7.8353257443e-01 0.0000000000e+00)
    (7.9901752925e-01 0.0000000000e+00)
    (8.1390306874e-01 0.0000000000e+00)
    (8.2818782881e-01 0.0000000000e+00)
    (8.4187543928e-01 0.0000000000e+00)
    (8.5497377065e-01 0.0000000000e+00)
    (8.6749423532e-01 0.0000000000e+00)
    (8.7945114959e-01 0.0000000000e+00)
    (8.9086116369e-01 0.0000000000e+00)
    (9.0174276209e-01 0.0000000000e+00)
    (9.1211583392e-01 0.0000000000e+00)
    (9.2200131124e-01 0.0000000000e+00)
    (9.3142087166e-01 0.0000000000e+00)
    (9.4039670018e-01 0.0000000000e+00)
    (9.4895130466e-01 0.0000000000e+00)
    (9.5710737851e-01 0.0000000000e+00)
    (9.6488770504e-01 0.0000000000e+00)
    (9.7229590480e-01 3.5708241138e-23)
    (9.7938516806e-01 6.8776625109e-23)
    (9.8616493157e-01 1.2817993647e-22)
    (9.9265725541e-01 2.3221405408e-22)
    (9.9888405066e-01 4.0998261315e-22)
    (1.0048670871e+00 7.0661407471e-22)
    (1.0106280072e+00 1.1903843819e-21)
    (1.0161883436e+00 1.9621699367e-21)
    (1.0215695406e+00 3.1676583823e-21)
    (1.0267929771e+00 5.0126269042e-21)
    (1.0318799906e+00 7.7817111728e-21)
    (1.0368231653e+00 2.4421838681e-20)
    (1.0417033545e+00 3.8186408254e-20)
    (1.0465120906e+00 5.8729596487e-20)
    (1.0510868807e+00 9.0142724427e-20)
    (1.0558591909e+00 1.3380759957e-19)
    (1.0606532018e+00 1.9579554868e-19)
    (1.0655074201e+00 2.8256036459e-19)
    (1.0704684874e+00 4.0235627882e-19)
    (1.0751997678e+00 5.7738694388e-19)
    (1.0804337622e+00 8.0787837694e-19)
    (1.0860944541e+00 1.1019409949e-18)
    (1.0921800386e+00 1.4859392675e-18)
    (1.0986620881e+00 2.0029849598e-18)
    (1.1060807530e+00 2.6389742410e-18)
    (1.1144567565e+00 3.4406680199e-18)
    (1.1240549778e+00 4.4401273136e-18)
    (1.1350476813e+00 5.7038791684e-18)
    (1.1481500998e+00 7.2097996566e-18)
    (1.1636258816e+00 9.0260741744e-18)
    (1.1819885903e+00 1.1193163868e-17)
    (1.2038177970e+00 1.3750945486e-17)
    (1.2301634392e+00 1.6863400084e-17)
    (1.2609969547e+00 2.0319860846e-17)
    (1.2973623011e+00 2.4263791099e-17)
    (1.3400043219e+00 2.8712955208e-17)
    (1.3902463434e+00 3.3780080376e-17)
    (1.4476740790e+00 3.9248223253e-17)
    (1.5134371389e+00 4.5199562753e-17)
    (1.5880617832e+00 5.1597062335e-17)
    (1.6719409936e+00 5.8387730568e-17)
    (1.7660607111e+00 6.5644802296e-17)
    (1.8689224012e+00 7.2991502360e-17)
    (1.9811674971e+00 8.0487897740e-17)
    (2.1024762205e+00 8.8034515309e-17)
    (2.2323544682e+00 9.5528414825e-17)
    (2.3723894733e+00 1.0302070712e-16)
    (2.5173051548e+00 1.1009177753e-16)
    (2.6685098830e+00 1.1682076086e-16)
    (2.8251127850e+00 1.2312978022e-16)
    (2.9864403851e+00 1.2899172295e-16)
    (3.1511716909e+00 1.3427654669e-16)
    (3.3187345269e+00 1.3899094745e-16)
    (3.4884072290e+00 1.4311334885e-16)
    (3.6595680233e+00 1.4663533117e-16)
    (3.8329812664e+00 1.4974200117e-16)
    (4.0054036496e+00 1.5205985631e-16)
    (4.1781426577e+00 1.5381767941e-16)
    (4.3510158693e+00 1.5504280916e-16)
    (4.5239369987e+00 1.5576710551e-16)
    (4.6971621124e+00 1.5603054933e-16)
    (4.8701409956e+00 1.5585572122e-16)
    (5.0433978981e+00 1.5528952948e-16)
    (5.2171246269e+00 1.5436863999e-16)
    (5.3915564385e+00 1.5312876682e-16)
    (5.5669629672e+00 1.5160417054e-16)
    (5.7436400437e+00 1.4982730986e-16)
    (5.9219025873e+00 1.4782862094e-16)
    (6.1010979378e+00 1.4563757070e-16)
    (6.2835570480e+00 1.4327803990e-16)
    (6.4679920424e+00 1.4074646441e-16)
    (6.6560078498e+00 1.3812141800e-16)
    (6.8473428105e+00 1.3539491910e-16)
    (7.0423340173e+00 1.3258492891e-16)
    (7.2409465160e+00 1.2982678545e-16)
    (7.4442081971e+00 1.2688900839e-16)
    (7.6521663603e+00 1.2391215396e-16)
    (7.8676105911e+00 1.2082402682e-16)
    (8.0858487204e+00 1.1780313472e-16)
    (8.3098278045e+00 1.1477575140e-16)
    (8.5398932951e+00 1.1175016893e-16)
    (8.7763949131e+00 1.0873378133e-16)
    (9.0196879697e+00 1.0573316736e-16)
    (9.2670974767e+00 1.0280271209e-16)
    (9.5251096886e+00 9.9847194367e-17)
    (9.7910839770e+00 9.6923195617e-17)
    (1.0065371630e+01 9.4034660875e-17)
    (1.0346344593e+01 9.1149849175e-17)
    (1.0638438926e+01 8.8344455302e-17)
    (1.0940187398e+01 8.5583513620e-17)
    (1.1925355136e+01 7.6026676235e-17)
    (1.2308824412e+01 7.3109964405e-17)
    (1.2709276652e+01 7.0293474235e-17)
    (1.3126439691e+01 6.7541596760e-17)
    (1.3561263285e+01 6.4855963148e-17)
    (1.4012493747e+01 6.2319903000e-17)
    (1.4484291915e+01 5.9763923797e-17)
    (1.4973992379e+01 5.7236955238e-17)
    (1.5487666223e+01 5.4826511840e-17)
    (1.6023909695e+01 5.2487048501e-17)
    (1.6583468512e+01 5.0194771482e-17)
    (1.7168941463e+01 4.7999587144e-17)
    (1.7781023452e+01 4.5874325859e-17)
    (1.8422151615e+01 4.3860878861e-17)
    (1.9092649339e+01 4.1867032428e-17)
    (1.9794733945e+01 3.9941895369e-17)
    (2.0530664058e+01 3.8084176582e-17)
    (2.1299508263e+01 3.6266920683e-17)
    (2.2109288431e+01 3.4544042039e-17)
    (2.2959485968e+01 3.2884630809e-17)
    (2.3850104879e+01 3.1268391638e-17)
    (2.4788921536e+01 2.9734799890e-17)
    (2.5776295005e+01 2.8260451064e-17)
    (2.6817698048e+01 2.6843239757e-17)
    (2.7909067436e+01 2.5516791741e-17)
    (2.9061538888e+01 2.4206680959e-17)
    (3.0279874265e+01 2.2950135116e-17)
    (3.1556757395e+01 2.1732202857e-17)
    (3.2908931845e+01 2.0582434037e-17)
    (3.4342348823e+01 1.9481324740e-17)
    (3.5842127009e+01 1.8415653929e-17)
    (3.7437719791e+01 1.7412282295e-17)
    (3.9117090489e+01 1.6453573071e-17)
    (4.0644106575e+01 1.5509100829e-17)
    (4.2796040127e+01 1.4665511681e-17)
    (4.4789131155e+01 1.3841713161e-17)
    (4.6589221150e+01 1.3011380475e-17)
    (4.9179324484e+01 1.2288370746e-17)
    (5.1201199815e+01 1.1545102057e-17)
    (5.4099126670e+01 1.0877337207e-17)
    (5.6778858337e+01 1.0223728511e-17)
    (5.9117854096e+01 9.6111040642e-18)
    (6.2718461942e+01 9.0051158825e-18)
    (6.5410085846e+01 8.4687759452e-18)
    (6.9496742822e+01 7.9221255359e-18)
    (7.3180976752e+01 7.4255937205e-18)
    (7.7182577491e+01 6.9516696859e-18)
    (8.1420085225e+01 6.5016752560e-18)
    (8.6011788405e+01 6.0771412757e-18)
    (9.0867763137e+01 5.6804801154e-18)
    (9.6165388139e+01 5.3002469322e-18)
    (1.0177823578e+02 4.9418614347e-18)
    (1.0792309375e+02 4.6027184096e-18)
    (1.1458604701e+02 4.2825686480e-18)
    (1.2160542734e+02 3.9830677680e-18)
    (1.2939531717e+02 3.6985610162e-18)
    (1.3542361118e+02 3.4392168439e-18)
    (1.4388362195e+02 3.1876708707e-18)
    (1.5371740495e+02 2.9508133027e-18)
    (1.6736124994e+02 2.7182256971e-18)
    (1.7556818514e+02 2.5058851025e-18)
    (1.9180551086e+02 2.3142661959e-18)
    (2.0148427830e+02 2.1210567029e-18)
);
