// k[EI_N2_EXC_N2_E3] [m^3/s] vs reducedE [V m^2]; air_plasma [94c490be646f8872], T_gas = 300.000000 K
(
    (0 0.0000000000e+00)
    (1.0000000000e-22 0.0000000000e+00)
    (1.0452754953e-22 0.0000000000e+00)
    (1.0926008611e-22 0.0000000000e+00)
    (1.1420689063e-22 0.0000000000e+00)
    (1.1937766417e-22 0.0000000000e+00)
    (1.2478254705e-22 0.0000000000e+00)
    (1.3043213867e-22 0.0000000000e+00)
    (1.3633751836e-22 0.0000000000e+00)
    (1.4251026703e-22 0.0000000000e+00)
    (1.4896248996e-22 0.0000000000e+00)
    (1.5570684048e-22 0.0000000000e+00)
    (1.6275654480e-22 0.0000000000e+00)
    (1.7012542799e-22 0.0000000000e+00)
    (1.7782794100e-22 0.0000000000e+00)
    (1.8587918911e-22 0.0000000000e+00)
    (1.9429496147e-22 0.0000000000e+00)
    (2.0309176209e-22 0.0000000000e+00)
    (2.1228684221e-22 0.0000000000e+00)
    (2.2189823415e-22 0.0000000000e+00)
    (2.3194478661e-22 0.0000000000e+00)
    (2.4244620171e-22 0.0000000000e+00)
    (2.5342307358e-22 0.0000000000e+00)
    (2.6489692876e-22 0.0000000000e+00)
    (2.7689026842e-22 0.0000000000e+00)
    (2.8942661247e-22 0.0000000000e+00)
    (3.0253054571e-22 0.0000000000e+00)
    (3.1622776602e-22 0.0000000000e+00)
    (3.3054513476e-22 0.0000000000e+00)
    (3.4551072946e-22 0.0000000000e+00)
    (3.6115389887e-22 0.0000000000e+00)
    (3.7750532053e-22 0.0000000000e+00)
    (3.9459706091e-22 0.0000000000e+00)
    (4.1246263829e-22 0.0000000000e+00)
    (4.3113708854e-22 0.0000000000e+00)
    (4.5065703377e-22 0.0000000000e+00)
    (4.7106075420e-22 0.0000000000e+00)
    (4.9238826317e-22 0.0000000000e+00)
    (5.1468138568e-22 0.0000000000e+00)
    (5.3798384034e-22 0.0000000000e+00)
    (5.6234132519e-22 0.0000000000e+00)
    (5.8780160723e-22 0.0000000000e+00)
    (6.1441461614e-22 0.0000000000e+00)
    (6.4223254222e-22 0.0000000000e+00)
    (6.7130993868e-22 0.0000000000e+00)
    (7.0170382867e-22 0.0000000000e+00)
    (7.3347381708e-22 0.0000000000e+00)
    (7.6668220745e-22 0.0000000000e+00)
    (8.0139412415e-22 0.0000000000e+00)
    (8.3767764007e-22 0.0000000000e+00)
    (8.7560391014e-22 0.0000000000e+00)
    (9.1524731088e-22 0.0000000000e+00)
    (9.5668558622e-22 0.0000000000e+00)
    (1.0000000000e-21 0.0000000000e+00)
    (1.0452754953e-21 0.0000000000e+00)
    (1.0926008611e-21 0.0000000000e+00)
    (1.1420689063e-21 0.0000000000e+00)
    (1.1937766417e-21 0.0000000000e+00)
    (1.2478254705e-21 0.0000000000e+00)
    (1.3043213867e-21 0.0000000000e+00)
    (1.3633751836e-21 0.0000000000e+00)
    (1.4251026703e-21 0.0000000000e+00)
    (1.4896248996e-21 0.0000000000e+00)
    (1.5570684048e-21 0.0000000000e+00)
    (1.6275654480e-21 0.0000000000e+00)
    (1.7012542799e-21 0.0000000000e+00)
    (1.7782794100e-21 0.0000000000e+00)
    (1.8587918911e-21 0.0000000000e+00)
    (1.9429496147e-21 0.0000000000e+00)
    (2.0309176209e-21 0.0000000000e+00)
    (2.1228684221e-21 0.0000000000e+00)
    (2.2189823415e-21 0.0000000000e+00)
    (2.3194478661e-21 0.0000000000e+00)
    (2.4244620171e-21 0.0000000000e+00)
    (2.5342307358e-21 0.0000000000e+00)
    (2.6489692876e-21 0.0000000000e+00)
    (2.7689026842e-21 0.0000000000e+00)
    (2.8942661247e-21 0.0000000000e+00)
    (3.0253054571e-21 0.0000000000e+00)
    (3.1622776602e-21 0.0000000000e+00)
    (3.3054513476e-21 0.0000000000e+00)
    (3.4551072946e-21 0.0000000000e+00)
    (3.6115389887e-21 0.0000000000e+00)
    (3.7750532053e-21 0.0000000000e+00)
    (3.9459706091e-21 0.0000000000e+00)
    (4.1246263829e-21 0.0000000000e+00)
    (4.3113708854e-21 0.0000000000e+00)
    (4.5065703377e-21 0.0000000000e+00)
    (4.7106075420e-21 0.0000000000e+00)
    (4.9238826317e-21 0.0000000000e+00)
    (5.1468138568e-21 0.0000000000e+00)
    (5.3798384034e-21 0.0000000000e+00)
    (5.6234132519e-21 0.0000000000e+00)
    (5.8780160723e-21 0.0000000000e+00)
    (6.1441461614e-21 0.0000000000e+00)
    (6.4223254222e-21 0.0000000000e+00)
    (6.7130993868e-21 0.0000000000e+00)
    (7.0170382867e-21 0.0000000000e+00)
    (7.3347381708e-21 0.0000000000e+00)
    (7.6668220745e-21 0.0000000000e+00)
    (8.0139412415e-21 0.0000000000e+00)
    (8.3767764007e-21 0.0000000000e+00)
    (8.7560391014e-21 0.0000000000e+00)
    (9.1524731088e-21 0.0000000000e+00)
    (9.5668558622e-21 0.0000000000e+00)
    (1.0000000000e-20 0.0000000000e+00)
    (1.0452754953e-20 0.0000000000e+00)
    (1.0926008611e-20 0.0000000000e+00)
    (1.1420689063e-20 0.0000000000e+00)
    (1.1937766417e-20 0.0000000000e+00)
    (1.2478254705e-20 0.0000000000e+00)
    (1.3043213867e-20 0.0000000000e+00)
    (1.3633751836e-20 0.0000000000e+00)
    (1.4251026703e-20 0.0000000000e+00)
    (1.4896248996e-20 0.0000000000e+00)
    (1.5570684048e-20 0.0000000000e+00)
    (1.6275654480e-20 0.0000000000e+00)
    (1.7012542799e-20 0.0000000000e+00)
    (1.7782794100e-20 0.0000000000e+00)
    (1.8587918911e-20 0.0000000000e+00)
    (1.9429496147e-20 0.0000000000e+00)
    (2.0309176209e-20 0.0000000000e+00)
    (2.1228684221e-20 0.0000000000e+00)
    (2.2189823415e-20 0.0000000000e+00)
    (2.3194478661e-20 0.0000000000e+00)
    (2.4244620171e-20 0.0000000000e+00)
    (2.5342307358e-20 0.0000000000e+00)
    (2.6489692876e-20 0.0000000000e+00)
    (2.7689026842e-20 0.0000000000e+00)
    (2.8942661247e-20 0.0000000000e+00)
    (3.0253054571e-20 0.0000000000e+00)
    (3.1622776602e-20 0.0000000000e+00)
    (3.3054513476e-20 1.0133821755e-22)
    (3.4551072946e-20 2.0010944346e-22)
    (3.6115389887e-20 3.8328134814e-22)
    (3.7750532053e-20 7.1357998662e-22)
    (3.9459706091e-20 9.1579630600e-22)
    (4.1246263829e-20 1.6002772653e-21)
    (4.3113708854e-20 2.7277502405e-21)
    (4.5065703377e-20 4.5401672983e-21)
    (4.7106075420e-20 7.3860128568e-21)
    (4.9238826317e-20 1.1799058330e-20)
    (5.1468138568e-20 1.8347864537e-20)
    (5.3798384034e-20 2.7954025830e-20)
    (5.6234132519e-20 4.1756766995e-20)
    (5.8780160723e-20 6.1430204964e-20)
    (6.1441461614e-20 8.8346922277e-20)
    (6.4223254222e-20 1.2481719841e-19)
    (6.7130993868e-20 1.7333240874e-19)
    (7.0170382867e-20 2.3672871864e-19)
    (7.3347381708e-20 3.1896666312e-19)
    (7.6668220745e-20 4.2188334912e-19)
    (8.0139412415e-20 5.4975560986e-19)
    (8.3767764007e-20 7.0619406580e-19)
    (8.7560391014e-20 8.9476333953e-19)
    (9.1524731088e-20 1.1214282211e-18)
    (9.5668558622e-20 1.3843929554e-18)
    (1.0000000000e-19 1.6888214287e-18)
    (1.0452754953e-19 2.0371051951e-18)
    (1.0926008611e-19 2.4320212835e-18)
    (1.1420689063e-19 2.8733489017e-18)
    (1.1937766417e-19 3.3629538855e-18)
    (1.2478254705e-19 3.9014238882e-18)
    (1.3043213867e-19 4.4889597945e-18)
    (1.3633751836e-19 5.1281651288e-18)
    (1.4251026703e-19 5.8126304463e-18)
    (1.4896248996e-19 6.5449430374e-18)
    (1.5570684048e-19 7.3243071882e-18)
    (1.6275654480e-19 8.1498079873e-18)
    (1.7012542799e-19 9.0215447683e-18)
    (1.7782794100e-19 9.9360057069e-18)
    (1.8587918911e-19 1.0893543176e-17)
    (1.9429496147e-19 1.1893103000e-17)
    (2.0309176209e-19 1.2933636373e-17)
    (2.1228684221e-19 1.4014101674e-17)
    (2.2189823415e-19 1.5133459782e-17)
    (2.3194478661e-19 1.6290664423e-17)
    (2.4244620171e-19 1.7482004416e-17)
    (2.5342307358e-19 1.8711656301e-17)
    (2.6489692876e-19 1.9973806059e-17)
    (2.7689026842e-19 2.1271195444e-17)
    (2.8942661247e-19 2.2600533355e-17)
    (3.0253054571e-19 2.3960334140e-17)
    (3.1622776602e-19 2.5347229476e-17)
    (3.3054513476e-19 2.6762712679e-17)
    (3.4551072946e-19 2.8203309645e-17)
    (3.6115389887e-19 2.9677193440e-17)
    (3.7750532053e-19 3.1160586717e-17)
    (3.9459706091e-19 3.2662042603e-17)
    (4.1246263829e-19 3.4178793172e-17)
    (4.3113708854e-19 3.5707871250e-17)
    (4.5065703377e-19 3.7246118271e-17)
    (4.7106075420e-19 3.8778123332e-17)
    (4.9238826317e-19 4.0324973413e-17)
    (5.1468138568e-19 4.1870500322e-17)
    (5.3798384034e-19 4.3410966128e-17)
    (5.6234132519e-19 4.4934149884e-17)
    (5.8780160723e-19 4.6453038386e-17)
    (6.1441461614e-19 4.7954947566e-17)
    (6.4223254222e-19 5.2664812264e-17)
    (6.7130993868e-19 5.4235492506e-17)
    (7.0170382867e-19 5.5769547378e-17)
    (7.3347381708e-19 5.7253822426e-17)
    (7.6668220745e-19 5.8682219179e-17)
    (8.0139412415e-19 6.0040914772e-17)
    (8.3767764007e-19 6.1339835077e-17)
    (8.7560391014e-19 6.2548872732e-17)
    (9.1524731088e-19 6.3697752411e-17)
    (9.5668558622e-19 6.4763663772e-17)
    (1.0000000000e-18 6.5731933474e-17)
    (1.0452754953e-18 6.6619047510e-17)
    (1.0926008611e-18 6.7411042747e-17)
    (1.1420689063e-18 6.8096606928e-17)
    (1.1937766417e-18 6.8688810942e-17)
    (1.2478254705e-18 6.9177826061e-17)
    (1.3043213867e-18 6.9561756878e-17)
    (1.3633751836e-18 6.9817704862e-17)
    (1.4251026703e-18 6.9989876213e-17)
    (1.4896248996e-18 7.0054741667e-17)
    (1.5570684048e-18 6.9995881023e-17)
    (1.6275654480e-18 6.9848760528e-17)
    (1.7012542799e-18 6.9596705157e-17)
    (1.7782794100e-18 6.9240394237e-17)
    (1.8587918911e-18 6.8767169243e-17)
    (1.9429496147e-18 6.8213711593e-17)
    (2.0309176209e-18 6.7563519297e-17)
    (2.1228684221e-18 6.6813680569e-17)
    (2.2189823415e-18 6.5985175208e-17)
    (2.3194478661e-18 6.5070496520e-17)
    (2.4244620171e-18 6.4063482057e-17)
    (2.5342307358e-18 6.2996472081e-17)
    (2.6489692876e-18 6.1838378304e-17)
    (2.7689026842e-18 6.0545699219e-17)
    (2.8942661247e-18 5.9373389876e-17)
    (3.0253054571e-18 5.8038038628e-17)
    (3.1622776602e-18 5.6605434382e-17)
    (3.3054513476e-18 5.5252644235e-17)
    (3.4551072946e-18 5.3754718203e-17)
    (3.6115389887e-18 5.2300266090e-17)
    (3.7750532053e-18 5.0762989025e-17)
    (3.9459706091e-18 4.9134970099e-17)
    (4.1246263829e-18 4.7634484364e-17)
    (4.3113708854e-18 4.6003847713e-17)
    (4.5065703377e-18 4.4451002032e-17)
    (4.7106075420e-18 4.2835161545e-17)
    (4.9238826317e-18 4.1227133492e-17)
    (5.1468138568e-18 3.9610329488e-17)
    (5.3798384034e-18 3.8008096591e-17)
    (5.6234132519e-18 3.6402677923e-17)
    (5.8780160723e-18 3.4822217956e-17)
    (6.1441461614e-18 3.3243656724e-17)
    (6.4223254222e-18 3.1698306869e-17)
    (6.7130993868e-18 3.0173412312e-17)
    (7.0170382867e-18 2.8672042250e-17)
    (7.3347381708e-18 2.7199820829e-17)
    (7.6668220745e-18 2.5707302927e-17)
    (8.0139412415e-18 2.4295035124e-17)
    (8.3767764007e-18 2.2930292548e-17)
    (8.7560391014e-18 2.1613744045e-17)
    (9.1524731088e-18 2.0247163672e-17)
    (9.5668558622e-18 1.9048220221e-17)
    (1.0000000000e-17 1.7763308099e-17)
);
