// k[EI_O2_EXC_O2_8_4EV] [m^3/s] vs mean energy [eV]; air_plasma [94c490be646f8872], T_gas = 300.000000 K
(
    (0 0.0000000000e+00)
    (1.3716749438e-01 0.0000000000e+00)
    (1.4076979314e-01 0.0000000000e+00)
    (1.4397604008e-01 0.0000000000e+00)
    (1.4684113805e-01 0.0000000000e+00)
    (1.4941204783e-01 0.0000000000e+00)
    (1.5172864004e-01 0.0000000000e+00)
    (1.5382482203e-01 0.0000000000e+00)
    (1.5572964088e-01 0.0000000000e+00)
    (1.5746824649e-01 0.0000000000e+00)
    (1.5906268561e-01 0.0000000000e+00)
    (1.6040186980e-01 0.0000000000e+00)
    (1.6189539494e-01 0.0000000000e+00)
    (1.6316727128e-01 0.0000000000e+00)
    (1.6436286366e-01 0.0000000000e+00)
    (1.6549578572e-01 0.0000000000e+00)
    (1.6657873020e-01 0.0000000000e+00)
    (1.6762359287e-01 0.0000000000e+00)
    (1.6865359887e-01 0.0000000000e+00)
    (1.6965539117e-01 0.0000000000e+00)
    (1.7065096866e-01 0.0000000000e+00)
    (1.7163702901e-01 0.0000000000e+00)
    (1.7264762429e-01 0.0000000000e+00)
    (1.7367878080e-01 0.0000000000e+00)
    (1.7473849913e-01 0.0000000000e+00)
    (1.7583432821e-01 0.0000000000e+00)
    (1.7697337833e-01 0.0000000000e+00)
    (1.7816233417e-01 0.0000000000e+00)
    (1.7940746844e-01 0.0000000000e+00)
    (1.8071465956e-01 0.0000000000e+00)
    (1.8208941158e-01 0.0000000000e+00)
    (1.8353687952e-01 0.0000000000e+00)
    (1.8506190021e-01 0.0000000000e+00)
    (1.8666902928e-01 0.0000000000e+00)
    (1.8836258474e-01 0.0000000000e+00)
    (1.9014669747e-01 0.0000000000e+00)
    (1.9202536831e-01 0.0000000000e+00)
    (1.9400253175e-01 0.0000000000e+00)
    (1.9608212573e-01 0.0000000000e+00)
    (1.9826816696e-01 0.0000000000e+00)
    (2.0056483136e-01 0.0000000000e+00)
    (2.0297653896e-01 0.0000000000e+00)
    (2.0550804255e-01 0.0000000000e+00)
    (2.0816451961e-01 0.0000000000e+00)
    (2.1095166654e-01 0.0000000000e+00)
    (2.1387579417e-01 0.0000000000e+00)
    (2.1694256551e-01 0.0000000000e+00)
    (2.2014788174e-01 0.0000000000e+00)
    (2.2353446165e-01 0.0000000000e+00)
    (2.2709477487e-01 0.0000000000e+00)
    (2.3084127841e-01 0.0000000000e+00)
    (2.3479833990e-01 0.0000000000e+00)
    (2.3896131204e-01 0.0000000000e+00)
    (2.4336011410e-01 0.0000000000e+00)
    (2.4801612280e-01 0.0000000000e+00)
    (2.5295360836e-01 0.0000000000e+00)
    (2.5819915170e-01 0.0000000000e+00)
    (2.6378576428e-01 0.0000000000e+00)
    (2.6974626976e-01 0.0000000000e+00)
    (2.7611829297e-01 0.0000000000e+00)
    (2.8294269841e-01 0.0000000000e+00)
    (2.9026321198e-01 0.0000000000e+00)
    (2.9812580887e-01 0.0000000000e+00)
    (3.0657783145e-01 0.0000000000e+00)
    (3.1566682518e-01 0.0000000000e+00)
    (3.2543909275e-01 0.0000000000e+00)
    (3.3590887576e-01 0.0000000000e+00)
    (3.4717223366e-01 0.0000000000e+00)
    (3.5923184525e-01 0.0000000000e+00)
    (3.7211014051e-01 0.0000000000e+00)
    (3.8581860584e-01 0.0000000000e+00)
    (4.0035610545e-01 0.0000000000e+00)
    (4.1570760906e-01 0.0000000000e+00)
    (4.3184344429e-01 0.0000000000e+00)
    (4.4871916534e-01 0.0000000000e+00)
    (4.6627608546e-01 0.0000000000e+00)
    (4.8444246122e-01 0.0000000000e+00)
    (5.0313526437e-01 0.0000000000e+00)
    (5.2226243543e-01 0.0000000000e+00)
    (5.4172546688e-01 0.0000000000e+00)
    (5.6142215538e-01 0.0000000000e+00)
    (5.8124935489e-01 0.0000000000e+00)
    (6.0110557847e-01 0.0000000000e+00)
    (6.2089332763e-01 0.0000000000e+00)
    (6.4052105642e-01 0.0000000000e+00)
    (6.5990472218e-01 0.0000000000e+00)
    (6.7896890624e-01 0.0000000000e+00)
    (6.9764751934e-01 0.0000000000e+00)
    (7.1588412933e-01 0.0000000000e+00)
    (7.3358637930e-01 0.0000000000e+00)
    (7.5079958278e-01 0.0000000000e+00)
    (7.6745534914e-01 0.0000000000e+00)
    (7.8353257443e-01 0.0000000000e+00)
    (7.9901752925e-01 0.0000000000e+00)
    (8.1390306874e-01 0.0000000000e+00)
    (8.2818782881e-01 0.0000000000e+00)
    (8.4187543928e-01 0.0000000000e+00)
    (8.5497377065e-01 0.0000000000e+00)
    (8.6749423532e-01 0.0000000000e+00)
    (8.7945114959e-01 0.0000000000e+00)
    (8.9086116369e-01 0.0000000000e+00)
    (9.0174276209e-01 0.0000000000e+00)
    (9.1211583392e-01 0.0000000000e+00)
    (9.2200131124e-01 0.0000000000e+00)
    (9.3142087166e-01 0.0000000000e+00)
    (9.4039670018e-01 0.0000000000e+00)
    (9.4895130466e-01 0.0000000000e+00)
    (9.5710737851e-01 0.0000000000e+00)
    (9.6488770504e-01 0.0000000000e+00)
    (9.7229590480e-01 0.0000000000e+00)
    (9.7938516806e-01 0.0000000000e+00)
    (9.8616493157e-01 0.0000000000e+00)
    (9.9265725541e-01 0.0000000000e+00)
    (9.9888405066e-01 0.0000000000e+00)
    (1.0048670871e+00 0.0000000000e+00)
    (1.0106280072e+00 0.0000000000e+00)
    (1.0161883436e+00 0.0000000000e+00)
    (1.0215695406e+00 0.0000000000e+00)
    (1.0267929771e+00 0.0000000000e+00)
    (1.0318799906e+00 0.0000000000e+00)
    (1.0368231653e+00 0.0000000000e+00)
    (1.0417033545e+00 0.0000000000e+00)
    (1.0465120906e+00 0.0000000000e+00)
    (1.0510868807e+00 0.0000000000e+00)
    (1.0558591909e+00 0.0000000000e+00)
    (1.0606532018e+00 0.0000000000e+00)
    (1.0655074201e+00 0.0000000000e+00)
    (1.0704684874e+00 0.0000000000e+00)
    (1.0751997678e+00 2.5173885384e-20)
    (1.0804337622e+00 5.1847164076e-20)
    (1.0860944541e+00 9.2372028858e-20)
    (1.0921800386e+00 1.6077348086e-19)
    (1.0986620881e+00 2.7189288206e-19)
    (1.1060807530e+00 4.5168101289e-19)
    (1.1144567565e+00 7.3499662462e-19)
    (1.1240549778e+00 1.1725575543e-18)
    (1.1350476813e+00 1.8399509901e-18)
    (1.1481500998e+00 2.8228445133e-18)
    (1.1636258816e+00 4.2554199266e-18)
    (1.1819885903e+00 6.3073357497e-18)
    (1.2038177970e+00 9.1970818794e-18)
    (1.2301634392e+00 1.3303809700e-17)
    (1.2609969547e+00 1.8785109547e-17)
    (1.2973623011e+00 2.6136031927e-17)
    (1.3400043219e+00 3.5845232497e-17)
    (1.3902463434e+00 4.8655373384e-17)
    (1.4476740790e+00 6.4884584780e-17)
    (1.5134371389e+00 8.5391983033e-17)
    (1.5880617832e+00 1.1094313766e-16)
    (1.6719409936e+00 1.4234236360e-16)
    (1.7660607111e+00 1.8082783866e-16)
    (1.8689224012e+00 2.2638050150e-16)
    (1.9811674971e+00 2.8018342589e-16)
    (2.1024762205e+00 3.4295545442e-16)
    (2.2323544682e+00 4.1533297782e-16)
    (2.3723894733e+00 4.9900278223e-16)
    (2.5173051548e+00 5.9211763598e-16)
    (2.6685098830e+00 6.9608234579e-16)
    (2.8251127850e+00 8.1107673375e-16)
    (2.9864403851e+00 9.3749122973e-16)
    (3.1511716909e+00 1.0746247787e-15)
    (3.3187345269e+00 1.2226881193e-15)
    (3.4884072290e+00 1.3814820650e-15)
    (3.6595680233e+00 1.5507510101e-15)
    (3.8329812664e+00 1.7311540136e-15)
    (4.0054036496e+00 1.9202871548e-15)
    (4.1781426577e+00 2.1189436129e-15)
    (4.3510158693e+00 2.3267843288e-15)
    (4.5239369987e+00 2.5434720936e-15)
    (4.6971621124e+00 2.7690574688e-15)
    (4.8701409956e+00 3.0023659319e-15)
    (5.0433978981e+00 3.2435731879e-15)
    (5.2171246269e+00 3.4923835993e-15)
    (5.3915564385e+00 3.7485126507e-15)
    (5.5669629672e+00 4.0116857586e-15)
    (5.7436400437e+00 4.2816366269e-15)
    (5.9219025873e+00 4.5581055022e-15)
    (6.1010979378e+00 4.8400670940e-15)
    (6.2835570480e+00 5.1288162266e-15)
    (6.4679920424e+00 5.4228345143e-15)
    (6.6560078498e+00 5.7228825212e-15)
    (6.8473428105e+00 6.0282376276e-15)
    (7.0423340173e+00 6.3386528031e-15)
    (7.2409465160e+00 6.6534635267e-15)
    (7.4442081971e+00 6.9731976081e-15)
    (7.6521663603e+00 7.2972798294e-15)
    (7.8676105911e+00 7.6283485524e-15)
    (8.0858487204e+00 7.9602194383e-15)
    (8.3098278045e+00 8.2957369148e-15)
    (8.5398932951e+00 8.6346655670e-15)
    (8.7763949131e+00 8.9767714931e-15)
    (9.0196879697e+00 9.3218223615e-15)
    (9.2670974767e+00 9.6663347720e-15)
    (9.5251096886e+00 1.0016660329e-14)
    (9.7910839770e+00 1.0369257266e-14)
    (1.0065371630e+01 1.0723888774e-14)
    (1.0346344593e+01 1.1078201334e-14)
    (1.0638438926e+01 1.1436254095e-14)
    (1.0940187398e+01 1.1795689642e-14)
    (1.1925355136e+01 1.2949242727e-14)
    (1.2308824412e+01 1.3355449798e-14)
    (1.2709276652e+01 1.3764353013e-14)
    (1.3126439691e+01 1.4173952358e-14)
    (1.3561263285e+01 1.4583891843e-14)
    (1.4012493747e+01 1.4991667352e-14)
    (1.4484291915e+01 1.5400711215e-14)
    (1.4973992379e+01 1.5805198462e-14)
    (1.5487666223e+01 1.6212309987e-14)
    (1.6023909695e+01 1.6617804149e-14)
    (1.6583468512e+01 1.7019116580e-14)
    (1.7168941463e+01 1.7420384366e-14)
    (1.7781023452e+01 1.7818991628e-14)
    (1.8422151615e+01 1.8213156086e-14)
    (1.9092649339e+01 1.8605426149e-14)
    (1.9794733945e+01 1.8994028429e-14)
    (2.0530664058e+01 1.9378670720e-14)
    (2.1299508263e+01 1.9753728294e-14)
    (2.2109288431e+01 2.0129652316e-14)
    (2.2959485968e+01 2.0500521139e-14)
    (2.3850104879e+01 2.0860700904e-14)
    (2.4788921536e+01 2.1220578274e-14)
    (2.5776295005e+01 2.1574197463e-14)
    (2.6817698048e+01 2.1921262980e-14)
    (2.7909067436e+01 2.2257003575e-14)
    (2.9061538888e+01 2.2589221762e-14)
    (3.0279874265e+01 2.2913398365e-14)
    (3.1556757395e+01 2.3224811417e-14)
    (3.2908931845e+01 2.3530845086e-14)
    (3.4342348823e+01 2.3827047794e-14)
    (3.5842127009e+01 2.4107339861e-14)
    (3.7437719791e+01 2.4381982032e-14)
    (3.9117090489e+01 2.4637374289e-14)
    (4.0644106575e+01 2.4829687922e-14)
    (4.2796040127e+01 2.5125395720e-14)
    (4.4789131155e+01 2.5341807124e-14)
    (4.6589221150e+01 2.5495556095e-14)
    (4.9179324484e+01 2.5744105714e-14)
    (5.1201199815e+01 2.5874140794e-14)
    (5.4099126670e+01 2.6075623817e-14)
    (5.6778858337e+01 2.6209790458e-14)
    (5.9117854096e+01 2.6274879967e-14)
    (6.2718461942e+01 2.6434979319e-14)
    (6.5410085846e+01 2.6477685810e-14)
    (6.9496742822e+01 2.6587423238e-14)
    (7.3180976752e+01 2.6624245561e-14)
    (7.7182577491e+01 2.6648752418e-14)
    (8.1420085225e+01 2.6644297872e-14)
    (8.6011788405e+01 2.6625277414e-14)
    (9.0867763137e+01 2.6574886074e-14)
    (9.6165388139e+01 2.6511184763e-14)
    (1.0177823578e+02 2.6416335822e-14)
    (1.0792309375e+02 2.6306992711e-14)
    (1.1458604701e+02 2.6173812802e-14)
    (1.2160542734e+02 2.6010075991e-14)
    (1.2939531717e+02 2.5831227686e-14)
    (1.3542361118e+02 2.5577548018e-14)
    (1.4388362195e+02 2.5333424182e-14)
    (1.5371740495e+02 2.5096207765e-14)
    (1.6736124994e+02 2.4877261166e-14)
    (1.7556818514e+02 2.4526155097e-14)
    (1.9180551086e+02 2.4268911040e-14)
    (2.0148427830e+02 2.3878868151e-14)
);
