// k[EI_N2_EXC_N2_A3_V10] [m^3/s] vs mean energy [eV]; air_plasma [94c490be646f8872], T_gas = 300.000000 K
(
    (0 0.0000000000e+00)
    (1.3716736877e-01 0.0000000000e+00)
    (1.4076967004e-01 0.0000000000e+00)
    (1.4397591983e-01 0.0000000000e+00)
    (1.4684102077e-01 0.0000000000e+00)
    (1.4941193350e-01 0.0000000000e+00)
    (1.5172852860e-01 0.0000000000e+00)
    (1.5382471337e-01 0.0000000000e+00)
    (1.5572953486e-01 0.0000000000e+00)
    (1.5746814299e-01 0.0000000000e+00)
    (1.5906258451e-01 0.0000000000e+00)
    (1.6040177321e-01 0.0000000000e+00)
    (1.6189529828e-01 0.0000000000e+00)
    (1.6316717670e-01 0.0000000000e+00)
    (1.6436277106e-01 0.0000000000e+00)
    (1.6549569504e-01 0.0000000000e+00)
    (1.6657864137e-01 0.0000000000e+00)
    (1.6762350584e-01 0.0000000000e+00)
    (1.6865351356e-01 0.0000000000e+00)
    (1.6965530759e-01 0.0000000000e+00)
    (1.7065088677e-01 0.0000000000e+00)
    (1.7163694874e-01 0.0000000000e+00)
    (1.7264754568e-01 0.0000000000e+00)
    (1.7367870384e-01 0.0000000000e+00)
    (1.7473842382e-01 0.0000000000e+00)
    (1.7583425455e-01 0.0000000000e+00)
    (1.7697330632e-01 0.0000000000e+00)
    (1.7816226381e-01 0.0000000000e+00)
    (1.7940739973e-01 0.0000000000e+00)
    (1.8071459251e-01 0.0000000000e+00)
    (1.8208934620e-01 0.0000000000e+00)
    (1.8353681581e-01 0.0000000000e+00)
    (1.8506183817e-01 0.0000000000e+00)
    (1.8666896889e-01 0.0000000000e+00)
    (1.8836252602e-01 0.0000000000e+00)
    (1.9014664040e-01 0.0000000000e+00)
    (1.9202531289e-01 0.0000000000e+00)
    (1.9400247796e-01 0.0000000000e+00)
    (1.9608207355e-01 0.0000000000e+00)
    (1.9826811637e-01 0.0000000000e+00)
    (2.0056478234e-01 0.0000000000e+00)
    (2.0297649148e-01 0.0000000000e+00)
    (2.0550799658e-01 0.0000000000e+00)
    (2.0816447512e-01 0.0000000000e+00)
    (2.1095162348e-01 0.0000000000e+00)
    (2.1387575250e-01 0.0000000000e+00)
    (2.1694252519e-01 0.0000000000e+00)
    (2.2014784268e-01 0.0000000000e+00)
    (2.2353442384e-01 0.0000000000e+00)
    (2.2709473824e-01 0.0000000000e+00)
    (2.3084124291e-01 0.0000000000e+00)
    (2.3479830546e-01 0.0000000000e+00)
    (2.3896127860e-01 0.0000000000e+00)
    (2.4336008158e-01 0.0000000000e+00)
    (2.4801609114e-01 0.0000000000e+00)
    (2.5295357748e-01 0.0000000000e+00)
    (2.5819912151e-01 0.0000000000e+00)
    (2.6378573470e-01 0.0000000000e+00)
    (2.6974624072e-01 0.0000000000e+00)
    (2.7611826438e-01 0.0000000000e+00)
    (2.8294267020e-01 0.0000000000e+00)
    (2.9026318406e-01 0.0000000000e+00)
    (2.9812578117e-01 0.0000000000e+00)
    (3.0657780390e-01 0.0000000000e+00)
    (3.1566679772e-01 0.0000000000e+00)
    (3.2543906532e-01 0.0000000000e+00)
    (3.3590884834e-01 0.0000000000e+00)
    (3.4717220621e-01 0.0000000000e+00)
    (3.5923181777e-01 0.0000000000e+00)
    (3.7211011301e-01 0.0000000000e+00)
    (3.8581857835e-01 0.0000000000e+00)
    (4.0035607801e-01 0.0000000000e+00)
    (4.1570758173e-01 0.0000000000e+00)
    (4.3184341715e-01 0.0000000000e+00)
    (4.4871913847e-01 0.0000000000e+00)
    (4.6627605897e-01 0.0000000000e+00)
    (4.8444243519e-01 0.0000000000e+00)
    (5.0313523891e-01 0.0000000000e+00)
    (5.2226241062e-01 0.0000000000e+00)
    (5.4172544282e-01 0.0000000000e+00)
    (5.6142213216e-01 0.0000000000e+00)
    (5.8124933256e-01 0.0000000000e+00)
    (6.0110555710e-01 0.0000000000e+00)
    (6.2089330726e-01 0.0000000000e+00)
    (6.4052103707e-01 0.0000000000e+00)
    (6.5990470387e-01 0.0000000000e+00)
    (6.7896888897e-01 0.0000000000e+00)
    (6.9764750311e-01 0.0000000000e+00)
    (7.1588411412e-01 0.0000000000e+00)
    (7.3358636508e-01 0.0000000000e+00)
    (7.5079956951e-01 0.0000000000e+00)
    (7.6745533679e-01 0.0000000000e+00)
    (7.8353256295e-01 0.0000000000e+00)
    (7.9901751861e-01 0.0000000000e+00)
    (8.1390305888e-01 0.0000000000e+00)
    (8.2818781969e-01 0.0000000000e+00)
    (8.4187543085e-01 0.0000000000e+00)
    (8.5497376287e-01 0.0000000000e+00)
    (8.6749422815e-01 0.0000000000e+00)
    (8.7945114297e-01 0.0000000000e+00)
    (8.9086115759e-01 0.0000000000e+00)
    (9.0174275648e-01 0.0000000000e+00)
    (9.1211582875e-01 0.0000000000e+00)
    (9.2200130648e-01 0.0000000000e+00)
    (9.3142086729e-01 0.0000000000e+00)
    (9.4039669615e-01 0.0000000000e+00)
    (9.4895130096e-01 0.0000000000e+00)
    (9.5710737510e-01 0.0000000000e+00)
    (9.6488770191e-01 0.0000000000e+00)
    (9.7229590192e-01 0.0000000000e+00)
    (9.7938516542e-01 0.0000000000e+00)
    (9.8616492913e-01 0.0000000000e+00)
    (9.9265725317e-01 0.0000000000e+00)
    (9.9888404860e-01 0.0000000000e+00)
    (1.0048670852e+00 0.0000000000e+00)
    (1.0106280054e+00 0.0000000000e+00)
    (1.0161883420e+00 0.0000000000e+00)
    (1.0215695391e+00 0.0000000000e+00)
    (1.0267929757e+00 0.0000000000e+00)
    (1.0318799893e+00 0.0000000000e+00)
    (1.0368231641e+00 0.0000000000e+00)
    (1.0417033534e+00 0.0000000000e+00)
    (1.0465120896e+00 0.0000000000e+00)
    (1.0510868798e+00 0.0000000000e+00)
    (1.0558591901e+00 0.0000000000e+00)
    (1.0606532011e+00 0.0000000000e+00)
    (1.0655074194e+00 0.0000000000e+00)
    (1.0704684867e+00 0.0000000000e+00)
    (1.0751997672e+00 6.0730078688e-22)
    (1.0804337616e+00 1.3838592508e-21)
    (1.0860944535e+00 2.4626096048e-21)
    (1.0921800381e+00 4.2846357828e-21)
    (1.0986620877e+00 7.4745454790e-21)
    (1.1060807526e+00 1.2489297251e-20)
    (1.1144567561e+00 2.0459035859e-20)
    (1.1240549775e+00 3.2882916152e-20)
    (1.1350476809e+00 5.1966856419e-20)
    (1.1481500995e+00 8.0439524933e-20)
    (1.1636258812e+00 1.2242020649e-19)
    (1.1819885899e+00 1.8328442689e-19)
    (1.2038177966e+00 2.7009410287e-19)
    (1.2301634388e+00 3.9487090664e-19)
    (1.2609969543e+00 5.6392028648e-19)
    (1.2973623006e+00 7.9381565327e-19)
    (1.3400043215e+00 1.1018464706e-18)
    (1.3902463429e+00 1.5139385855e-18)
    (1.4476740785e+00 2.0442841928e-18)
    (1.5134371384e+00 2.7247558508e-18)
    (1.5880617826e+00 3.5859033380e-18)
    (1.6719409929e+00 4.6610791532e-18)
    (1.7660607105e+00 5.9995635060e-18)
    (1.8689224005e+00 7.6110302351e-18)
    (1.9811674964e+00 9.5463140688e-18)
    (2.1024762198e+00 1.1842709248e-17)
    (2.2323544675e+00 1.4536302487e-17)
    (2.3723894726e+00 1.7701652456e-17)
    (2.5173051541e+00 2.1290492161e-17)
    (2.6685098823e+00 2.5369227098e-17)
    (2.8251127843e+00 2.9962097549e-17)
    (2.9864403845e+00 3.5101694454e-17)
    (3.1511716903e+00 4.0779957944e-17)
    (3.3187345263e+00 4.7022423288e-17)
    (3.4884072284e+00 5.3838784953e-17)
    (3.6595680228e+00 6.1235669803e-17)
    (3.8329812660e+00 6.9255237520e-17)
    (4.0054036492e+00 7.7815655232e-17)
    (4.1781426573e+00 8.6960811062e-17)
    (4.3510158689e+00 9.6687761874e-17)
    (4.5239369983e+00 1.0699150843e-16)
    (4.6971621121e+00 1.1788092899e-16)
    (4.8701409953e+00 1.2931110524e-16)
    (5.0433978978e+00 1.4129101295e-16)
    (5.2171246267e+00 1.5380722888e-16)
    (5.3915564382e+00 1.6684398047e-16)
    (5.5669629670e+00 1.8038304232e-16)
    (5.7436400435e+00 1.9440364822e-16)
    (5.9219025871e+00 2.0888243382e-16)
    (6.1010979376e+00 2.2376222485e-16)
    (6.2835570479e+00 2.3907851351e-16)
    (6.4679920423e+00 2.5474596555e-16)
    (6.6560078497e+00 2.7077744414e-16)
    (6.8473428104e+00 2.8711559782e-16)
    (7.0423340172e+00 3.0372341519e-16)
    (7.2409465159e+00 3.2054254295e-16)
    (7.4442081970e+00 3.3756978395e-16)
    (7.6521663603e+00 3.5474809155e-16)
    (7.8676105910e+00 3.7216631786e-16)
    (8.0858487204e+00 3.8951141732e-16)
    (8.3098278044e+00 4.0688256064e-16)
    (8.5398932950e+00 4.2423792426e-16)
    (8.7763949131e+00 4.4153610348e-16)
    (9.0196879697e+00 4.5873633200e-16)
    (9.2670974766e+00 4.7564783625e-16)
    (9.5251096885e+00 4.9253733691e-16)
    (9.7910839770e+00 5.0921079832e-16)
    (1.0065371630e+01 5.2563198382e-16)
    (1.0346344593e+01 5.4166589472e-16)
    (1.0638438926e+01 5.5748055062e-16)
    (1.0940187398e+01 5.7293855780e-16)
    (1.1925355136e+01 6.2138438024e-16)
    (1.2308824412e+01 6.3686908695e-16)
    (1.2709276652e+01 6.5184048977e-16)
    (1.3126439691e+01 6.6616337770e-16)
    (1.3561263285e+01 6.7979523141e-16)
    (1.4012493747e+01 6.9261168077e-16)
    (1.4484291915e+01 7.0474804914e-16)
    (1.4973992379e+01 7.1589058026e-16)
    (1.5487666223e+01 7.2640129304e-16)
    (1.6023909695e+01 7.3604558696e-16)
    (1.6583468512e+01 7.4468293035e-16)
    (1.7168941463e+01 7.5251258479e-16)
    (1.7781023451e+01 7.5939913379e-16)
    (1.8422151615e+01 7.6522433213e-16)
    (1.9092649339e+01 7.7016093642e-16)
    (1.9794733945e+01 7.7410245150e-16)
    (2.0530664058e+01 7.7703515869e-16)
    (2.1299508263e+01 7.7872206104e-16)
    (2.2109288431e+01 7.7963054435e-16)
    (2.2959485968e+01 7.7951168914e-16)
    (2.3850104879e+01 7.7814827863e-16)
    (2.4788921536e+01 7.7599620059e-16)
    (2.5776295005e+01 7.7282741152e-16)
    (2.6817698048e+01 7.6864016902e-16)
    (2.7909067436e+01 7.6330970306e-16)
    (2.9061538888e+01 7.5717697828e-16)
    (3.0279874265e+01 7.5007313295e-16)
    (3.1556757395e+01 7.4195181538e-16)
    (3.2908931845e+01 7.3303085323e-16)
    (3.4342348823e+01 7.2321273949e-16)
    (3.5842127009e+01 7.1242505161e-16)
    (3.7437719791e+01 7.0098978141e-16)
    (3.9117090489e+01 6.8856412541e-16)
    (4.0644106575e+01 6.7467414143e-16)
    (4.2796040127e+01 6.6205243018e-16)
    (4.4789131155e+01 6.4763233107e-16)
    (4.6589221150e+01 6.3192464654e-16)
    (4.9179324484e+01 6.1742983430e-16)
    (5.1201199815e+01 6.0095432297e-16)
    (5.4099126670e+01 5.8516587932e-16)
    (5.6778858337e+01 5.6835963483e-16)
    (5.9117854096e+01 5.5050256798e-16)
    (6.2718461942e+01 5.3381620707e-16)
    (6.5410085846e+01 5.1587288673e-16)
    (6.9496742822e+01 4.9852273311e-16)
    (7.3180976752e+01 4.8057109883e-16)
    (7.7182577491e+01 4.6261634143e-16)
    (8.1420085225e+01 4.4446329242e-16)
    (8.6011788405e+01 4.2649889638e-16)
    (9.0867763137e+01 4.0850950044e-16)
    (9.6165388139e+01 3.9071820419e-16)
    (1.0177823578e+02 3.7294915077e-16)
    (1.0792309375e+02 3.5550404920e-16)
    (1.1458604701e+02 3.3827334651e-16)
    (1.2160542734e+02 3.2127503843e-16)
    (1.2939531717e+02 3.0462181170e-16)
    (1.3542361118e+02 2.8766546654e-16)
    (1.4388362195e+02 2.7165401639e-16)
    (1.5371740495e+02 2.5622117769e-16)
    (1.6736124994e+02 2.4142232593e-16)
    (1.7556818514e+02 2.2590877390e-16)
    (1.9180551086e+02 2.1243938539e-16)
    (2.0148427830e+02 1.9791390943e-16)
);
