// k[EI_O2_EXC_O2_ROT] [m^3/s] vs mean energy [eV]; air_plasma [94c490be646f8872], T_gas = 300.000000 K
(
    (0 2.5384964403e-18)
    (1.3716736877e-01 2.5384964403e-18)
    (1.4076967004e-01 2.6361018300e-18)
    (1.4397591983e-01 2.7261122830e-18)
    (1.4684102077e-01 2.8096678865e-18)
    (1.4941193350e-01 2.8877928374e-18)
    (1.5172852860e-01 2.9613989500e-18)
    (1.5382471337e-01 3.0312975149e-18)
    (1.5572953486e-01 3.0982129765e-18)
    (1.5746814299e-01 3.1627957236e-18)
    (1.5906258451e-01 3.2256331690e-18)
    (1.6040177321e-01 3.3002751786e-18)
    (1.6189529828e-01 3.3481615006e-18)
    (1.6316717670e-01 3.4087893951e-18)
    (1.6436277106e-01 3.4695585642e-18)
    (1.6549569504e-01 3.5308567666e-18)
    (1.6657864137e-01 3.5930483284e-18)
    (1.6762350584e-01 3.6564782648e-18)
    (1.6865351356e-01 3.7209846056e-18)
    (1.6965530759e-01 3.7877758678e-18)
    (1.7065088677e-01 3.8567378919e-18)
    (1.7163694874e-01 3.9281437119e-18)
    (1.7264754568e-01 4.0023547073e-18)
    (1.7367870384e-01 4.0796116387e-18)
    (1.7473842382e-01 4.1601977112e-18)
    (1.7583425455e-01 4.2443945339e-18)
    (1.7697330632e-01 4.3324831068e-18)
    (1.7816226381e-01 4.4247447106e-18)
    (1.7940739973e-01 4.5214617526e-18)
    (1.8071459251e-01 4.6229186860e-18)
    (1.8208934620e-01 4.7294030075e-18)
    (1.8353681581e-01 4.8412064432e-18)
    (1.8506183817e-01 4.9586263579e-18)
    (1.8666896889e-01 5.0819674341e-18)
    (1.8836252602e-01 5.2115436530e-18)
    (1.9014664040e-01 5.3476805931e-18)
    (1.9202531289e-01 5.4907180508e-18)
    (1.9400247796e-01 5.6410129715e-18)
    (1.9608207355e-01 5.7989426641e-18)
    (1.9826811637e-01 5.9649082587e-18)
    (2.0056478234e-01 6.1393383524e-18)
    (2.0297649148e-01 6.3226927766e-18)
    (2.0550799658e-01 6.5154664056e-18)
    (2.0816447512e-01 6.7181929083e-18)
    (2.1095162348e-01 6.9314483218e-18)
    (2.1387575250e-01 7.1558542936e-18)
    (2.1694252519e-01 7.3930812919e-18)
    (2.2014784268e-01 7.6421442903e-18)
    (2.2353442384e-01 7.9050004364e-18)
    (2.2709473824e-01 8.1823455216e-18)
    (2.3084124291e-01 8.4751940477e-18)
    (2.3479830546e-01 8.7858466200e-18)
    (2.3896127860e-01 9.1131041618e-18)
    (2.4336008158e-01 9.4595135195e-18)
    (2.4801609114e-01 9.8264950876e-18)
    (2.5295357748e-01 1.0215572853e-17)
    (2.5819912151e-01 1.0630009079e-17)
    (2.6378573470e-01 1.1068223860e-17)
    (2.6974624072e-01 1.1533630294e-17)
    (2.7611826438e-01 1.2028021251e-17)
    (2.8294267020e-01 1.2553170559e-17)
    (2.9026318406e-01 1.3110773683e-17)
    (2.9812578117e-01 1.3702374398e-17)
    (3.0657780390e-01 1.4329277660e-17)
    (3.1566679772e-01 1.4992450640e-17)
    (3.2543906532e-01 1.5692415244e-17)
    (3.3590884834e-01 1.6429869891e-17)
    (3.4717220621e-01 1.7202685386e-17)
    (3.5923181777e-01 1.8010113133e-17)
    (3.7211011301e-01 1.8849867473e-17)
    (3.8581857835e-01 1.9718782799e-17)
    (4.0035607801e-01 2.0612804527e-17)
    (4.1570758173e-01 2.1527023073e-17)
    (4.3184341715e-01 2.2455753304e-17)
    (4.4871913847e-01 2.3392658618e-17)
    (4.6627605897e-01 2.4330914450e-17)
    (4.8444243519e-01 2.5263402501e-17)
    (5.0313523891e-01 2.6182923944e-17)
    (5.2226241062e-01 2.7082418223e-17)
    (5.4172544282e-01 2.7955173593e-17)
    (5.6142213216e-01 2.8795016839e-17)
    (5.8124933256e-01 2.9596471831e-17)
    (6.0110555710e-01 3.0354879768e-17)
    (6.2089330726e-01 3.1066477454e-17)
    (6.4052103707e-01 3.1728433451e-17)
    (6.5990470387e-01 3.2338844874e-17)
    (6.7896888897e-01 3.2896699897e-17)
    (6.9764750311e-01 3.3401812491e-17)
    (7.1588411412e-01 3.3854736595e-17)
    (7.3358636508e-01 3.4257140131e-17)
    (7.5079956951e-01 3.4609993514e-17)
    (7.6745533679e-01 3.4915830799e-17)
    (7.8353256295e-01 3.5177160630e-17)
    (7.9901751861e-01 3.5396726536e-17)
    (8.1390305888e-01 3.5577420749e-17)
    (8.2818781969e-01 3.5722208662e-17)
    (8.4187543085e-01 3.5834064517e-17)
    (8.5497376287e-01 3.5915918162e-17)
    (8.6749422815e-01 3.5970612414e-17)
    (8.7945114297e-01 3.6000870063e-17)
    (8.9086115759e-01 3.6009269489e-17)
    (9.0174275648e-01 3.5998227722e-17)
    (9.1211582875e-01 3.5969989785e-17)
    (9.2200130648e-01 3.5926623201e-17)
    (9.3142086729e-01 3.5870016634e-17)
    (9.4039669615e-01 3.5801881749e-17)
    (9.4895130096e-01 3.5723757496e-17)
    (9.5710737510e-01 3.5637016153e-17)
    (9.6488770191e-01 3.5542870579e-17)
    (9.7229590192e-01 3.5442444417e-17)
    (9.7938516542e-01 3.5336538199e-17)
    (9.8616492913e-01 3.5226009507e-17)
    (9.9265725317e-01 3.5111522936e-17)
    (9.9888404860e-01 3.4993628239e-17)
    (1.0048670852e+00 3.4872769090e-17)
    (1.0106280054e+00 3.4749291624e-17)
    (1.0161883420e+00 3.4623452702e-17)
    (1.0215695391e+00 3.4495427876e-17)
    (1.0267929757e+00 3.4365319012e-17)
    (1.0318799893e+00 3.4233161586e-17)
    (1.0368231641e+00 3.4098544880e-17)
    (1.0417033534e+00 3.3962132120e-17)
    (1.0465120896e+00 3.3823426863e-17)
    (1.0510868798e+00 3.3679166898e-17)
    (1.0558591901e+00 3.3534775266e-17)
    (1.0606532011e+00 3.3387217177e-17)
    (1.0655074194e+00 3.3236072946e-17)
    (1.0704684867e+00 3.3080826826e-17)
    (1.0751997672e+00 3.2915287965e-17)
    (1.0804337616e+00 3.2751424059e-17)
    (1.0860944535e+00 3.2579854531e-17)
    (1.0921800381e+00 3.2401126476e-17)
    (1.0986620877e+00 3.2205974120e-17)
    (1.1060807526e+00 3.2009065872e-17)
    (1.1144567561e+00 3.1800475377e-17)
    (1.1240549775e+00 3.1578144341e-17)
    (1.1350476809e+00 3.1338829758e-17)
    (1.1481500995e+00 3.1080901142e-17)
    (1.1636258812e+00 3.0801125944e-17)
    (1.1819885899e+00 3.0496184833e-17)
    (1.2038177966e+00 3.0162527663e-17)
    (1.2301634388e+00 2.9785311173e-17)
    (1.2609969543e+00 2.9382552967e-17)
    (1.2973623006e+00 2.8940093988e-17)
    (1.3400043215e+00 2.8454654134e-17)
    (1.3902463429e+00 2.7907098641e-17)
    (1.4476740785e+00 2.7327918726e-17)
    (1.5134371384e+00 2.6699844076e-17)
    (1.5880617826e+00 2.6022791081e-17)
    (1.6719409929e+00 2.5297894351e-17)
    (1.7660607105e+00 2.4520928933e-17)
    (1.8689224005e+00 2.3709551138e-17)
    (1.9811674964e+00 2.2861578798e-17)
    (2.1024762198e+00 2.1983043823e-17)
    (2.2323544675e+00 2.1080843087e-17)
    (2.3723894726e+00 2.0136932491e-17)
    (2.5173051541e+00 1.9211415196e-17)
    (2.6685098823e+00 1.8285413431e-17)
    (2.8251127843e+00 1.7366404546e-17)
    (2.9864403845e+00 1.6455992843e-17)
    (3.1511716903e+00 1.5571160963e-17)
    (3.3187345263e+00 1.4711894574e-17)
    (3.4884072284e+00 1.3882620664e-17)
    (3.6595680228e+00 1.3086811215e-17)
    (3.8329812660e+00 1.2308914036e-17)
    (4.0054036492e+00 1.1589450575e-17)
    (4.1781426573e+00 1.0908245305e-17)
    (4.3510158689e+00 1.0265519678e-17)
    (4.5239369983e+00 9.6609233261e-18)
    (4.6971621121e+00 9.0857755504e-18)
    (4.8701409953e+00 8.5556255254e-18)
    (5.0433978978e+00 8.0600241161e-18)
    (5.2171246267e+00 7.5973311835e-18)
    (5.3915564382e+00 7.1657808298e-18)
    (5.5669629670e+00 6.7635388285e-18)
    (5.7436400435e+00 6.3887493513e-18)
    (5.9219025871e+00 6.0395720170e-18)
    (6.1010979376e+00 5.7147108776e-18)
    (6.2835570479e+00 5.4114778947e-18)
    (6.4679920423e+00 5.1256631944e-18)
    (6.6560078497e+00 4.8619959119e-18)
    (6.8473428104e+00 4.6156936852e-18)
    (7.0423340172e+00 4.3853937445e-18)
    (7.2409465159e+00 4.1658789572e-18)
    (7.4442081970e+00 3.9642334591e-18)
    (7.6521663603e+00 3.7750510312e-18)
    (7.8676105910e+00 3.5872224451e-18)
    (8.0858487204e+00 3.4210891571e-18)
    (8.3098278044e+00 3.2645842325e-18)
    (8.5398932950e+00 3.1169650765e-18)
    (8.7763949131e+00 2.9775538297e-18)
    (9.0196879697e+00 2.8457322820e-18)
    (9.2670974766e+00 2.7231012492e-18)
    (9.5251096885e+00 2.6046315682e-18)
    (9.7910839770e+00 2.4922236114e-18)
    (1.0065371630e+01 2.3854465796e-18)
    (1.0346344593e+01 2.2840748926e-18)
    (1.0638438926e+01 2.1874191496e-18)
    (1.0940187398e+01 2.0953210748e-18)
    (1.1925355136e+01 1.7988777234e-18)
    (1.2308824412e+01 1.7125454985e-18)
    (1.2709276652e+01 1.6297878742e-18)
    (1.3126439691e+01 1.5509290962e-18)
    (1.3561263285e+01 1.4757583304e-18)
    (1.4012493747e+01 1.4008932644e-18)
    (1.4484291915e+01 1.3329737794e-18)
    (1.4973992379e+01 1.2717642630e-18)
    (1.5487666223e+01 1.2094745612e-18)
    (1.6023909695e+01 1.1500483128e-18)
    (1.6583468512e+01 1.0904318517e-18)
    (1.7168941463e+01 1.0366674927e-18)
    (1.7781023451e+01 9.8533558799e-19)
    (1.8422151615e+01 9.3425609213e-19)
    (1.9092649339e+01 8.8770583755e-19)
    (1.9794733945e+01 8.4324206366e-19)
    (2.0530664058e+01 8.0076852420e-19)
    (2.1299508263e+01 7.6277084910e-19)
    (2.2109288431e+01 7.2368731138e-19)
    (2.2959485968e+01 6.8639370741e-19)
    (2.3850104879e+01 6.5079353324e-19)
    (2.4788921536e+01 6.1684354951e-19)
    (2.5776295005e+01 5.8445826106e-19)
    (2.6817698048e+01 5.5355457733e-19)
    (2.7909067436e+01 5.2271389785e-19)
    (2.9061538888e+01 4.9481737036e-19)
    (3.0279874265e+01 4.6819476163e-19)
    (3.1556757395e+01 4.4149632764e-19)
    (3.2908931845e+01 4.1752996806e-19)
    (3.4342348823e+01 3.9465589044e-19)
    (3.5842127009e+01 3.7332582254e-19)
    (3.7437719791e+01 3.5251261195e-19)
    (3.9117090489e+01 3.3415793891e-19)
    (4.0644106575e+01 3.1204124881e-19)
    (4.2796040127e+01 2.9690940072e-19)
    (4.4789131155e+01 2.7981044239e-19)
    (4.6589221150e+01 2.6109752878e-19)
    (4.9179324484e+01 2.4778643279e-19)
    (5.1201199815e+01 2.3154182210e-19)
    (5.4099126670e+01 2.1860460879e-19)
    (5.6778858337e+01 2.0516764496e-19)
    (5.9117854096e+01 1.9224622206e-19)
    (6.2718461942e+01 1.8053213098e-19)
    (6.5410085846e+01 1.6939280226e-19)
    (6.9496742822e+01 1.5871643278e-19)
    (7.3180976752e+01 1.4874048684e-19)
    (7.7182577491e+01 1.3921770407e-19)
    (8.1420085225e+01 1.3016434013e-19)
    (8.6011788405e+01 1.2164955543e-19)
    (9.0867763137e+01 1.1365269297e-19)
    (9.6165388139e+01 1.0604031123e-19)
    (1.0177823578e+02 9.8840755548e-20)
    (1.0792309375e+02 9.2057130890e-20)
    (1.1458604701e+02 8.5653498693e-20)
    (1.2160542734e+02 7.9659936068e-20)
    (1.2939531717e+02 7.3969902412e-20)
    (1.3542361118e+02 6.8783111377e-20)
    (1.4388362195e+02 6.3752281548e-20)
    (1.5371740495e+02 5.9015214587e-20)
    (1.6736124994e+02 5.4363545353e-20)
    (1.7556818514e+02 5.0116809125e-20)
    (1.9180551086e+02 4.6284499273e-20)
    (2.0148427830e+02 4.2420378260e-20)
);
