// k[EI_N2_EXC_N2_V2] [m^3/s] vs reducedE [V m^2]; air_plasma [94c490be646f8872], T_gas = 300.000000 K
(
    (0 0.0000000000e+00)
    (1.0000000000e-22 0.0000000000e+00)
    (1.0452754953e-22 0.0000000000e+00)
    (1.0926008611e-22 0.0000000000e+00)
    (1.1420689063e-22 0.0000000000e+00)
    (1.1937766417e-22 0.0000000000e+00)
    (1.2478254705e-22 0.0000000000e+00)
    (1.3043213867e-22 0.0000000000e+00)
    (1.3633751836e-22 0.0000000000e+00)
    (1.4251026703e-22 0.0000000000e+00)
    (1.4896248996e-22 0.0000000000e+00)
    (1.5570684048e-22 0.0000000000e+00)
    (1.6275654480e-22 0.0000000000e+00)
    (1.7012542799e-22 0.0000000000e+00)
    (1.7782794100e-22 0.0000000000e+00)
    (1.8587918911e-22 0.0000000000e+00)
    (1.9429496147e-22 0.0000000000e+00)
    (2.0309176209e-22 0.0000000000e+00)
    (2.1228684221e-22 0.0000000000e+00)
    (2.2189823415e-22 0.0000000000e+00)
    (2.3194478661e-22 0.0000000000e+00)
    (2.4244620171e-22 0.0000000000e+00)
    (2.5342307358e-22 0.0000000000e+00)
    (2.6489692876e-22 0.0000000000e+00)
    (2.7689026842e-22 0.0000000000e+00)
    (2.8942661247e-22 0.0000000000e+00)
    (3.0253054571e-22 0.0000000000e+00)
    (3.1622776602e-22 0.0000000000e+00)
    (3.3054513476e-22 0.0000000000e+00)
    (3.4551072946e-22 0.0000000000e+00)
    (3.6115389887e-22 0.0000000000e+00)
    (3.7750532053e-22 0.0000000000e+00)
    (3.9459706091e-22 0.0000000000e+00)
    (4.1246263829e-22 0.0000000000e+00)
    (4.3113708854e-22 0.0000000000e+00)
    (4.5065703377e-22 0.0000000000e+00)
    (4.7106075420e-22 0.0000000000e+00)
    (4.9238826317e-22 0.0000000000e+00)
    (5.1468138568e-22 0.0000000000e+00)
    (5.3798384034e-22 0.0000000000e+00)
    (5.6234132519e-22 0.0000000000e+00)
    (5.8780160723e-22 0.0000000000e+00)
    (6.1441461614e-22 0.0000000000e+00)
    (6.4223254222e-22 0.0000000000e+00)
    (6.7130993868e-22 0.0000000000e+00)
    (7.0170382867e-22 0.0000000000e+00)
    (7.3347381708e-22 0.0000000000e+00)
    (7.6668220745e-22 0.0000000000e+00)
    (8.0139412415e-22 0.0000000000e+00)
    (8.3767764007e-22 0.0000000000e+00)
    (8.7560391014e-22 0.0000000000e+00)
    (9.1524731088e-22 0.0000000000e+00)
    (9.5668558622e-22 0.0000000000e+00)
    (1.0000000000e-21 0.0000000000e+00)
    (1.0452754953e-21 0.0000000000e+00)
    (1.0926008611e-21 0.0000000000e+00)
    (1.1420689063e-21 4.3403017696e-24)
    (1.1937766417e-21 4.5674623587e-24)
    (1.2478254705e-21 5.5866923378e-24)
    (1.3043213867e-21 8.0155595291e-24)
    (1.3633751836e-21 1.2938559020e-23)
    (1.4251026703e-21 2.2199228411e-23)
    (1.4896248996e-21 3.8846762508e-23)
    (1.5570684048e-21 6.7778835070e-23)
    (1.6275654480e-21 1.1664791810e-22)
    (1.7012542799e-21 1.9708682028e-22)
    (1.7782794100e-21 1.1043929354e-21)
    (1.8587918911e-21 1.9461093405e-21)
    (1.9429496147e-21 3.3604524588e-21)
    (2.0309176209e-21 5.6877711187e-21)
    (2.1228684221e-21 9.4370792813e-21)
    (2.2189823415e-21 1.5357025071e-20)
    (2.3194478661e-21 2.4517317675e-20)
    (2.4244620171e-21 3.8425566899e-20)
    (2.5342307358e-21 5.9127844657e-20)
    (2.6489692876e-21 8.9367759239e-20)
    (2.7689026842e-21 1.3274738673e-19)
    (2.8942661247e-21 1.9389571558e-19)
    (3.0253054571e-21 2.7864670683e-19)
    (3.1622776602e-21 3.9421620395e-19)
    (3.3054513476e-21 5.4937170172e-19)
    (3.4551072946e-21 7.5458793507e-19)
    (3.6115389887e-21 1.0221819472e-18)
    (3.7750532053e-21 1.3664246069e-18)
    (3.9459706091e-21 1.8036239258e-18)
    (4.1246263829e-21 2.3521806953e-18)
    (4.3113708854e-21 3.0326166100e-18)
    (4.5065703377e-21 3.8675770896e-18)
    (4.7106075420e-21 4.8818119573e-18)
    (4.9238826317e-21 6.0491057095e-18)
    (5.1468138568e-21 7.4827804615e-18)
    (5.3798384034e-21 9.1754723348e-18)
    (5.6234132519e-21 1.1158506604e-17)
    (5.8780160723e-21 1.3464979256e-17)
    (6.1441461614e-21 1.6129750409e-17)
    (6.4223254222e-21 1.9189453793e-17)
    (6.7130993868e-21 2.2682523949e-17)
    (7.0170382867e-21 2.6649229352e-17)
    (7.3347381708e-21 3.1131710774e-17)
    (7.6668220745e-21 3.6174017479e-17)
    (8.0139412415e-21 4.1822133759e-17)
    (8.3767764007e-21 4.8123988559e-17)
    (8.7560391014e-21 5.5129441435e-17)
    (9.1524731088e-21 6.2890239256e-17)
    (9.5668558622e-21 7.1459939717e-17)
    (1.0000000000e-20 8.0893799772e-17)
    (1.0452754953e-20 9.1248629392e-17)
    (1.0926008611e-20 1.0258261351e-16)
    (1.1420689063e-20 1.1495510758e-16)
    (1.1937766417e-20 1.2844913372e-16)
    (1.2478254705e-20 1.4308706592e-16)
    (1.3043213867e-20 1.5894968835e-16)
    (1.3633751836e-20 1.7610013053e-16)
    (1.4251026703e-20 1.9460199018e-16)
    (1.4896248996e-20 2.1451924259e-16)
    (1.5570684048e-20 2.3591619496e-16)
    (1.6275654480e-20 2.5885749113e-16)
    (1.7012542799e-20 2.8340816940e-16)
    (1.7782794100e-20 3.0963377467e-16)
    (1.8587918911e-20 3.3760052102e-16)
    (1.9429496147e-20 3.6727661413e-16)
    (2.0309176209e-20 3.9893029032e-16)
    (2.1228684221e-20 4.3253289838e-16)
    (2.2189823415e-20 4.6758300533e-16)
    (2.3194478661e-20 5.0529463289e-16)
    (2.4244620171e-20 5.4518112751e-16)
    (2.5342307358e-20 5.8732191855e-16)
    (2.6489692876e-20 6.3179866605e-16)
    (2.7689026842e-20 6.7727986934e-16)
    (2.8942661247e-20 7.2617731357e-16)
    (3.0253054571e-20 7.7817453731e-16)
    (3.1622776602e-20 8.3284837521e-16)
    (3.3054513476e-20 8.8939785305e-16)
    (3.4551072946e-20 9.4964351030e-16)
    (3.6115389887e-20 1.0127566002e-15)
    (3.7750532053e-20 1.0787635812e-15)
    (3.9459706091e-20 1.1451007455e-15)
    (4.1246263829e-20 1.2169079071e-15)
    (4.3113708854e-20 1.2914667502e-15)
    (4.5065703377e-20 1.3686190292e-15)
    (4.7106075420e-20 1.4481327546e-15)
    (4.9238826317e-20 1.5291653911e-15)
    (5.1468138568e-20 1.6123310985e-15)
    (5.3798384034e-20 1.6966166593e-15)
    (5.6234132519e-20 1.7814060662e-15)
    (5.8780160723e-20 1.8647898567e-15)
    (6.1441461614e-20 1.9484322190e-15)
    (6.4223254222e-20 2.0301596463e-15)
    (6.7130993868e-20 2.1090329982e-15)
    (7.0170382867e-20 2.1840889496e-15)
    (7.3347381708e-20 2.2496051005e-15)
    (7.6668220745e-20 2.3143492679e-15)
    (8.0139412415e-20 2.3726189060e-15)
    (8.3767764007e-20 2.4237095809e-15)
    (8.7560391014e-20 2.4670625512e-15)
    (9.1524731088e-20 2.5009735307e-15)
    (9.5668558622e-20 2.5278887764e-15)
    (1.0000000000e-19 2.5464183048e-15)
    (1.0452754953e-19 2.5566905667e-15)
    (1.0926008611e-19 2.5559884575e-15)
    (1.1420689063e-19 2.5510495136e-15)
    (1.1937766417e-19 2.5390148611e-15)
    (1.2478254705e-19 2.5204681336e-15)
    (1.3043213867e-19 2.4960404938e-15)
    (1.3633751836e-19 2.4656384241e-15)
    (1.4251026703e-19 2.4314890492e-15)
    (1.4896248996e-19 2.3934091789e-15)
    (1.5570684048e-19 2.3520036166e-15)
    (1.6275654480e-19 2.3078379406e-15)
    (1.7012542799e-19 2.2604129885e-15)
    (1.7782794100e-19 2.2123642571e-15)
    (1.8587918911e-19 2.1629531960e-15)
    (1.9429496147e-19 2.1125528841e-15)
    (2.0309176209e-19 2.0614894405e-15)
    (2.1228684221e-19 2.0100450729e-15)
    (2.2189823415e-19 1.9584617067e-15)
    (2.3194478661e-19 1.9069449014e-15)
    (2.4244620171e-19 1.8547856288e-15)
    (2.5342307358e-19 1.8039982005e-15)
    (2.6489692876e-19 1.7534614243e-15)
    (2.7689026842e-19 1.7037849900e-15)
    (2.8942661247e-19 1.6547765272e-15)
    (3.0253054571e-19 1.6065029315e-15)
    (3.1622776602e-19 1.5579286995e-15)
    (3.3054513476e-19 1.5114058448e-15)
    (3.4551072946e-19 1.4657312541e-15)
    (3.6115389887e-19 1.4187625710e-15)
    (3.7750532053e-19 1.3749935523e-15)
    (3.9459706091e-19 1.3321279561e-15)
    (4.1246263829e-19 1.2901759791e-15)
    (4.3113708854e-19 1.2491439592e-15)
    (4.5065703377e-19 1.2090349884e-15)
    (4.7106075420e-19 1.1704705606e-15)
    (4.9238826317e-19 1.1321758184e-15)
    (5.1468138568e-19 1.0947981234e-15)
    (5.3798384034e-19 1.0583315221e-15)
    (5.6234132519e-19 1.0229408213e-15)
    (5.8780160723e-19 9.8824309530e-16)
    (6.1441461614e-19 9.5443548697e-16)
    (6.4223254222e-19 8.4091018514e-16)
    (6.7130993868e-19 8.0578413607e-16)
    (7.0170382867e-19 7.7264039383e-16)
    (7.3347381708e-19 7.4049003528e-16)
    (7.6668220745e-19 7.0932453591e-16)
    (8.0139412415e-19 6.8002288708e-16)
    (8.3767764007e-19 6.5072615067e-16)
    (8.7560391014e-19 6.2146130178e-16)
    (9.1524731088e-19 5.9418874954e-16)
    (9.5668558622e-19 5.6784051512e-16)
    (1.0000000000e-18 5.4261840855e-16)
    (1.0452754953e-18 5.1803397618e-16)
    (1.0926008611e-18 4.9433036134e-16)
    (1.1420689063e-18 4.7137565787e-16)
    (1.1937766417e-18 4.4938305826e-16)
    (1.2478254705e-18 4.2821185013e-16)
    (1.3043213867e-18 4.0783967703e-16)
    (1.3633751836e-18 3.8763909434e-16)
    (1.4251026703e-18 3.6888554014e-16)
    (1.4896248996e-18 3.5086287863e-16)
    (1.5570684048e-18 3.3400288546e-16)
    (1.6275654480e-18 3.1732242600e-16)
    (1.7012542799e-18 3.0132340694e-16)
    (1.7782794100e-18 2.8597765751e-16)
    (1.8587918911e-18 2.7144059245e-16)
    (1.9429496147e-18 2.5733775201e-16)
    (2.0309176209e-18 2.4383234640e-16)
    (2.1228684221e-18 2.3045738188e-16)
    (2.2189823415e-18 2.1818275486e-16)
    (2.3194478661e-18 2.0643789954e-16)
    (2.4244620171e-18 1.9505853394e-16)
    (2.5342307358e-18 1.8437784651e-16)
    (2.6489692876e-18 1.7434512282e-16)
    (2.7689026842e-18 1.6422051486e-16)
    (2.8942661247e-18 1.5529131429e-16)
    (3.0253054571e-18 1.4653816946e-16)
    (3.1622776602e-18 1.3765519772e-16)
    (3.3054513476e-18 1.3001780861e-16)
    (3.4551072946e-18 1.2210507362e-16)
    (3.6115389887e-18 1.1501101789e-16)
    (3.7750532053e-18 1.0807313027e-16)
    (3.9459706091e-18 1.0150252761e-16)
    (4.1246263829e-18 9.5177719278e-17)
    (4.3113708854e-18 8.9437834586e-17)
    (4.5065703377e-18 8.3712286115e-17)
    (4.7106075420e-18 7.8472307464e-17)
    (4.9238826317e-18 7.3457013770e-17)
    (5.1468138568e-18 6.8698904772e-17)
    (5.3798384034e-18 6.4208719397e-17)
    (5.6234132519e-18 6.0001194299e-17)
    (5.8780160723e-18 5.5983585739e-17)
    (6.1441461614e-18 5.2189471625e-17)
    (6.4223254222e-18 4.8607807577e-17)
    (6.7130993868e-18 4.5226742788e-17)
    (7.0170382867e-18 4.2063300350e-17)
    (7.3347381708e-18 3.9058758713e-17)
    (7.6668220745e-18 3.6319947211e-17)
    (8.0139412415e-18 3.3663488814e-17)
    (8.3767764007e-18 3.1162147736e-17)
    (8.7560391014e-18 2.8705899718e-17)
    (9.1524731088e-18 2.6463470834e-17)
    (9.5668558622e-18 2.4439873926e-17)
    (1.0000000000e-17 2.2399479585e-17)
);
