// k[EI_N2_EXC_N2_V3] [m^3/s] vs mean energy [eV]; air_plasma [94c490be646f8872], T_gas = 300.000000 K
(
    (0 0.0000000000e+00)
    (1.3716749438e-01 0.0000000000e+00)
    (1.4076979314e-01 0.0000000000e+00)
    (1.4397604008e-01 0.0000000000e+00)
    (1.4684113805e-01 0.0000000000e+00)
    (1.4941204783e-01 0.0000000000e+00)
    (1.5172864004e-01 0.0000000000e+00)
    (1.5382482203e-01 0.0000000000e+00)
    (1.5572964088e-01 0.0000000000e+00)
    (1.5746824649e-01 0.0000000000e+00)
    (1.5906268561e-01 0.0000000000e+00)
    (1.6040186980e-01 0.0000000000e+00)
    (1.6189539494e-01 0.0000000000e+00)
    (1.6316727128e-01 0.0000000000e+00)
    (1.6436286366e-01 0.0000000000e+00)
    (1.6549578572e-01 0.0000000000e+00)
    (1.6657873020e-01 0.0000000000e+00)
    (1.6762359287e-01 0.0000000000e+00)
    (1.6865359887e-01 0.0000000000e+00)
    (1.6965539117e-01 0.0000000000e+00)
    (1.7065096866e-01 0.0000000000e+00)
    (1.7163702901e-01 0.0000000000e+00)
    (1.7264762429e-01 0.0000000000e+00)
    (1.7367878080e-01 0.0000000000e+00)
    (1.7473849913e-01 0.0000000000e+00)
    (1.7583432821e-01 0.0000000000e+00)
    (1.7697337833e-01 0.0000000000e+00)
    (1.7816233417e-01 0.0000000000e+00)
    (1.7940746844e-01 0.0000000000e+00)
    (1.8071465956e-01 0.0000000000e+00)
    (1.8208941158e-01 0.0000000000e+00)
    (1.8353687952e-01 0.0000000000e+00)
    (1.8506190021e-01 0.0000000000e+00)
    (1.8666902928e-01 0.0000000000e+00)
    (1.8836258474e-01 0.0000000000e+00)
    (1.9014669747e-01 0.0000000000e+00)
    (1.9202536831e-01 0.0000000000e+00)
    (1.9400253175e-01 0.0000000000e+00)
    (1.9608212573e-01 0.0000000000e+00)
    (1.9826816696e-01 0.0000000000e+00)
    (2.0056483136e-01 0.0000000000e+00)
    (2.0297653896e-01 0.0000000000e+00)
    (2.0550804255e-01 0.0000000000e+00)
    (2.0816451961e-01 0.0000000000e+00)
    (2.1095166654e-01 0.0000000000e+00)
    (2.1387579417e-01 0.0000000000e+00)
    (2.1694256551e-01 0.0000000000e+00)
    (2.2014788174e-01 0.0000000000e+00)
    (2.2353446165e-01 0.0000000000e+00)
    (2.2709477487e-01 0.0000000000e+00)
    (2.3084127841e-01 0.0000000000e+00)
    (2.3479833990e-01 0.0000000000e+00)
    (2.3896131204e-01 0.0000000000e+00)
    (2.4336011410e-01 0.0000000000e+00)
    (2.4801612280e-01 0.0000000000e+00)
    (2.5295360836e-01 0.0000000000e+00)
    (2.5819915170e-01 0.0000000000e+00)
    (2.6378576428e-01 0.0000000000e+00)
    (2.6974626976e-01 0.0000000000e+00)
    (2.7611829297e-01 0.0000000000e+00)
    (2.8294269841e-01 0.0000000000e+00)
    (2.9026321198e-01 0.0000000000e+00)
    (2.9812580887e-01 0.0000000000e+00)
    (3.0657783145e-01 0.0000000000e+00)
    (3.1566682518e-01 0.0000000000e+00)
    (3.2543909275e-01 0.0000000000e+00)
    (3.3590887576e-01 6.8347786592e-24)
    (3.4717223366e-01 1.3894201986e-23)
    (3.5923184525e-01 2.7908906913e-23)
    (3.7211014051e-01 5.5341753541e-23)
    (3.8581860584e-01 1.0694761140e-22)
    (4.0035610545e-01 2.0289009309e-22)
    (4.1570760906e-01 3.7605122224e-22)
    (4.3184344429e-01 6.8600690270e-22)
    (4.4871916534e-01 1.2177874761e-21)
    (4.6627608546e-01 2.1061434487e-21)
    (4.8444246122e-01 3.5585455005e-21)
    (5.0313526437e-01 5.8833441531e-21)
    (5.2226243543e-01 9.5285959217e-21)
    (5.4172546688e-01 1.5130668399e-20)
    (5.6142215538e-01 2.3574079533e-20)
    (5.8124935489e-01 3.6062964767e-20)
    (6.0110557847e-01 5.4203921573e-20)
    (6.2089332763e-01 8.0100188613e-20)
    (6.4052105642e-01 1.1645481178e-19)
    (6.5990472218e-01 1.6668122283e-19)
    (6.7896890624e-01 2.3501794492e-19)
    (6.9764751934e-01 3.2664377444e-19)
    (7.1588412933e-01 4.4778925205e-19)
    (7.3358637930e-01 5.8759449104e-19)
    (7.5079958278e-01 7.8500910205e-19)
    (7.6745534914e-01 1.0368956920e-18)
    (7.8353257443e-01 1.3549540765e-18)
    (7.9901752925e-01 1.7526650557e-18)
    (8.1390306874e-01 2.2454423822e-18)
    (8.2818782881e-01 2.8507920642e-18)
    (8.4187543928e-01 3.5884809549e-18)
    (8.5497377065e-01 4.4807037271e-18)
    (8.6749423532e-01 5.5522550303e-18)
    (8.7945114959e-01 6.8307048072e-18)
    (8.9086116369e-01 8.3465749644e-18)
    (9.0174276209e-01 1.0133515563e-17)
    (9.1211583392e-01 1.2228478198e-17)
    (9.2200131124e-01 1.4671883910e-17)
    (9.3142087166e-01 1.7507782828e-17)
    (9.4039670018e-01 2.0784002726e-17)
    (9.4895130466e-01 2.4552283866e-17)
    (9.5710737851e-01 2.8868397872e-17)
    (9.6488770504e-01 3.3792248308e-17)
    (9.7229590480e-01 3.9339846921e-17)
    (9.7938516806e-01 4.5643579470e-17)
    (9.8616493157e-01 5.2745548423e-17)
    (9.9265725541e-01 6.0717378536e-17)
    (9.9888405066e-01 6.9633468590e-17)
    (1.0048670871e+00 7.9570664492e-17)
    (1.0106280072e+00 9.0607892151e-17)
    (1.0161883436e+00 1.0282575841e-16)
    (1.0215695406e+00 1.1630612980e-16)
    (1.0267929771e+00 1.3113169976e-16)
    (1.0318799906e+00 1.4738555610e-16)
    (1.0368231653e+00 1.6510409656e-16)
    (1.0417033545e+00 1.8445466852e-16)
    (1.0465120906e+00 2.0547905215e-16)
    (1.0510868807e+00 2.2820950559e-16)
    (1.0558591909e+00 2.5280132524e-16)
    (1.0606532018e+00 2.7930104849e-16)
    (1.0655074201e+00 3.0778287750e-16)
    (1.0704684874e+00 3.3831808105e-16)
    (1.0751997678e+00 3.7056331954e-16)
    (1.0804337622e+00 4.0525710476e-16)
    (1.0860944541e+00 4.4229477638e-16)
    (1.0921800386e+00 4.8162974297e-16)
    (1.0986620881e+00 5.2294587998e-16)
    (1.1060807530e+00 5.6696887116e-16)
    (1.1144567565e+00 6.1337448386e-16)
    (1.1240549778e+00 6.6215464446e-16)
    (1.1350476813e+00 7.1184336402e-16)
    (1.1481500998e+00 7.6524022863e-16)
    (1.1636258816e+00 8.2080574716e-16)
    (1.1819885903e+00 8.7838372384e-16)
    (1.2038177970e+00 9.3776242956e-16)
    (1.2301634392e+00 9.9844877228e-16)
    (1.2609969547e+00 1.0604982490e-15)
    (1.2973623011e+00 1.1233152073e-15)
    (1.3400043219e+00 1.1864114527e-15)
    (1.3902463434e+00 1.2480497786e-15)
    (1.4476740790e+00 1.3100248195e-15)
    (1.5134371389e+00 1.3704314829e-15)
    (1.5880617832e+00 1.4285684175e-15)
    (1.6719409936e+00 1.4837247665e-15)
    (1.7660607111e+00 1.5324416376e-15)
    (1.8689224012e+00 1.5796507607e-15)
    (1.9811674971e+00 1.6219689888e-15)
    (2.1024762205e+00 1.6589061156e-15)
    (2.2323544682e+00 1.6900838746e-15)
    (2.3723894733e+00 1.7142767516e-15)
    (2.5173051548e+00 1.7333272284e-15)
    (2.6685098830e+00 1.7462536142e-15)
    (2.8251127850e+00 1.7531842875e-15)
    (2.9864403851e+00 1.7521041314e-15)
    (3.1511716909e+00 1.7480924777e-15)
    (3.3187345269e+00 1.7390179771e-15)
    (3.4884072290e+00 1.7253256658e-15)
    (3.6595680233e+00 1.7074904182e-15)
    (3.8329812664e+00 1.6852956473e-15)
    (4.0054036496e+00 1.6607039059e-15)
    (4.1781426577e+00 1.6334072098e-15)
    (4.3510158693e+00 1.6038449332e-15)
    (4.5239369987e+00 1.5724250965e-15)
    (4.6971621124e+00 1.5387656583e-15)
    (4.8701409956e+00 1.5048028696e-15)
    (5.0433978981e+00 1.4699779753e-15)
    (5.2171246269e+00 1.4345526939e-15)
    (5.3915564385e+00 1.3987541174e-15)
    (5.5669629672e+00 1.3627772168e-15)
    (5.7436400437e+00 1.3267877112e-15)
    (5.9219025873e+00 1.2909250942e-15)
    (6.1010979378e+00 1.2547910445e-15)
    (6.2835570480e+00 1.2195765977e-15)
    (6.4679920424e+00 1.1846372544e-15)
    (6.6560078498e+00 1.1503216982e-15)
    (6.8473428105e+00 1.1165282567e-15)
    (7.0423340173e+00 1.0832984839e-15)
    (7.2409465160e+00 1.0502299825e-15)
    (7.4442081971e+00 1.0182764144e-15)
    (7.6521663603e+00 9.8695432216e-16)
    (7.8676105911e+00 9.5476620505e-16)
    (8.0858487204e+00 9.2483974193e-16)
    (8.3098278045e+00 8.9557036737e-16)
    (8.5398932951e+00 8.6696141893e-16)
    (8.7763949131e+00 8.3901380677e-16)
    (9.0196879697e+00 8.1172643271e-16)
    (9.2670974767e+00 7.8567230599e-16)
    (9.5251096886e+00 7.5965740797e-16)
    (9.7910839770e+00 7.3429210440e-16)
    (1.0065371630e+01 7.0956971844e-16)
    (1.0346344593e+01 6.8547437491e-16)
    (1.0638438926e+01 6.6200576478e-16)
    (1.0940187398e+01 6.3915797372e-16)
    (1.1925355136e+01 5.6257287907e-16)
    (1.2308824412e+01 5.3878009582e-16)
    (1.2709276652e+01 5.1647443065e-16)
    (1.3126439691e+01 4.9485041740e-16)
    (1.3561263285e+01 4.7390101300e-16)
    (1.4012493747e+01 4.5433443048e-16)
    (1.4484291915e+01 4.3464780807e-16)
    (1.4973992379e+01 4.1488289353e-16)
    (1.5487666223e+01 3.9659099638e-16)
    (1.6023909695e+01 3.7892730689e-16)
    (1.6583468512e+01 3.6204834575e-16)
    (1.7168941463e+01 3.4557795624e-16)
    (1.7781023452e+01 3.2970460954e-16)
    (1.8422151615e+01 3.1440391041e-16)
    (1.9092649339e+01 2.9968155200e-16)
    (1.9794733945e+01 2.8551463701e-16)
    (2.0530664058e+01 2.7188753054e-16)
    (2.1299508263e+01 2.5831043860e-16)
    (2.2109288431e+01 2.4578333796e-16)
    (2.2959485968e+01 2.3374784468e-16)
    (2.3850104879e+01 2.2251537084e-16)
    (2.4788921536e+01 2.1137899588e-16)
    (2.5776295005e+01 2.0070033725e-16)
    (2.6817698048e+01 1.9046021157e-16)
    (2.7909067436e+01 1.8077931631e-16)
    (2.9061538888e+01 1.7136990923e-16)
    (3.0279874265e+01 1.6236118450e-16)
    (3.1556757395e+01 1.5341668827e-16)
    (3.2908931845e+01 1.4523644665e-16)
    (3.4342348823e+01 1.3741036970e-16)
    (3.5842127009e+01 1.2982325017e-16)
    (3.7437719791e+01 1.2270924909e-16)
    (3.9117090489e+01 1.1603920780e-16)
    (4.0644106575e+01 1.0929616205e-16)
    (4.2796040127e+01 1.0334767453e-16)
    (4.4789131155e+01 9.7520337895e-17)
    (4.6589221150e+01 9.1605435789e-17)
    (4.9179324484e+01 8.6518550221e-17)
    (5.1201199815e+01 8.1252627675e-17)
    (5.4099126670e+01 7.6524718385e-17)
    (5.6778858337e+01 7.1905749716e-17)
    (5.9117854096e+01 6.7529703472e-17)
    (6.2718461942e+01 6.3324495529e-17)
    (6.5410085846e+01 5.9502241116e-17)
    (6.9496742822e+01 5.5694296851e-17)
    (7.3180976752e+01 5.2209449476e-17)
    (7.7182577491e+01 4.8871873187e-17)
    (8.1420085225e+01 4.5706341696e-17)
    (8.6011788405e+01 4.2718407612e-17)
    (9.0867763137e+01 3.9918530987e-17)
    (9.6165388139e+01 3.7245310372e-17)
    (1.0177823578e+02 3.4719879537e-17)
    (1.0792309375e+02 3.2337013779e-17)
    (1.1458604701e+02 3.0087623070e-17)
    (1.2160542734e+02 2.7982412592e-17)
    (1.2939531717e+02 2.5983655408e-17)
    (1.3542361118e+02 2.4161673947e-17)
    (1.4388362195e+02 2.2394477500e-17)
    (1.5371740495e+02 2.0730472120e-17)
    (1.6736124994e+02 1.9096464686e-17)
    (1.7556818514e+02 1.7604699425e-17)
    (1.9180551086e+02 1.6258511106e-17)
    (2.0148427830e+02 1.4901148373e-17)
);
