// k[EI_O2_EXC_O2_V2] [m^3/s] vs reducedE [V m^2]; air_plasma [94c490be646f8872], T_gas = 300.000000 K
(
    (0 1.1608345565e-21)
    (1.0000000000e-22 1.1608345565e-21)
    (1.0452754953e-22 1.1328756194e-21)
    (1.0926008611e-22 1.1263491771e-21)
    (1.1420689063e-22 1.1397557843e-21)
    (1.1937766417e-22 1.1722697081e-21)
    (1.2478254705e-22 1.2237663799e-21)
    (1.3043213867e-22 1.2948025076e-21)
    (1.3633751836e-22 1.3866671734e-21)
    (1.4251026703e-22 1.5014753021e-21)
    (1.4896248996e-22 1.6423241410e-21)
    (1.5570684048e-22 0.0000000000e+00)
    (1.6275654480e-22 2.0207998962e-21)
    (1.7012542799e-22 2.2719267762e-21)
    (1.7782794100e-22 2.5769909565e-21)
    (1.8587918911e-22 2.9491581164e-21)
    (1.9429496147e-22 3.4054399867e-21)
    (2.0309176209e-22 3.9676598504e-21)
    (2.1228684221e-22 3.5493885972e-21)
    (2.2189823415e-22 4.2404330931e-21)
    (2.3194478661e-22 5.1032134342e-21)
    (2.4244620171e-22 8.8245631764e-21)
    (2.5342307358e-22 1.0260234288e-20)
    (2.6489692876e-22 1.2076215894e-20)
    (2.7689026842e-22 1.4371832876e-20)
    (2.8942661247e-22 1.7270688601e-20)
    (3.0253054571e-22 2.0925980502e-20)
    (3.1622776602e-22 2.5526898545e-20)
    (3.3054513476e-22 3.1306165407e-20)
    (3.4551072946e-22 3.8549269906e-20)
    (3.6115389887e-22 4.7605196715e-20)
    (3.7750532053e-22 5.8899270376e-20)
    (3.9459706091e-22 7.2948288041e-20)
    (4.1246263829e-22 9.0378305195e-20)
    (4.3113708854e-22 1.1194544427e-19)
    (4.5065703377e-22 1.3856012012e-19)
    (4.7106075420e-22 1.7131509215e-19)
    (4.9238826317e-22 2.1151775453e-19)
    (5.1468138568e-22 2.6072705289e-19)
    (5.3798384034e-22 3.2079536120e-19)
    (5.6234132519e-22 3.9391556529e-19)
    (5.8780160723e-22 4.8267347124e-19)
    (6.1441461614e-22 5.9010546579e-19)
    (6.4223254222e-22 7.1976107947e-19)
    (6.7130993868e-22 8.7576973429e-19)
    (7.0170382867e-22 1.0629104903e-18)
    (7.3347381708e-22 1.2924021540e-18)
    (7.6668220745e-22 1.5589530885e-18)
    (8.0139412415e-22 1.8783657764e-18)
    (8.3767764007e-22 2.2571130950e-18)
    (8.7560391014e-22 2.7046792955e-18)
    (9.1524731088e-22 3.2370052117e-18)
    (9.5668558622e-22 3.8557185281e-18)
    (1.0000000000e-21 4.5786663145e-18)
    (1.0452754953e-21 5.4199588048e-18)
    (1.0926008611e-21 6.3947626193e-18)
    (1.1420689063e-21 7.5219690629e-18)
    (1.1937766417e-21 8.8130012480e-18)
    (1.2478254705e-21 1.0287585258e-17)
    (1.3043213867e-21 1.1962882073e-17)
    (1.3633751836e-21 1.3855560789e-17)
    (1.4251026703e-21 1.5981213833e-17)
    (1.4896248996e-21 1.8353685293e-17)
    (1.5570684048e-21 2.0984327466e-17)
    (1.6275654480e-21 2.3881213091e-17)
    (1.7012542799e-21 2.7048339753e-17)
    (1.7782794100e-21 3.0489245466e-17)
    (1.8587918911e-21 3.4188844357e-17)
    (1.9429496147e-21 3.8139229841e-17)
    (2.0309176209e-21 4.2321790988e-17)
    (2.1228684221e-21 4.6711583718e-17)
    (2.2189823415e-21 5.1277593568e-17)
    (2.3194478661e-21 5.5983313933e-17)
    (2.4244620171e-21 6.0787630135e-17)
    (2.5342307358e-21 6.5645974374e-17)
    (2.6489692876e-21 7.0511689792e-17)
    (2.7689026842e-21 7.5337522115e-17)
    (2.8942661247e-21 8.0077144532e-17)
    (3.0253054571e-21 8.4686618967e-17)
    (3.1622776602e-21 8.9125704034e-17)
    (3.3054513476e-21 9.3358936650e-17)
    (3.4551072946e-21 9.7356436582e-17)
    (3.6115389887e-21 1.0109440916e-16)
    (3.7750532053e-21 1.0455534610e-16)
    (3.9459706091e-21 1.0772794729e-16)
    (4.1246263829e-21 1.1060680257e-16)
    (4.3113708854e-21 1.1319188335e-16)
    (4.5065703377e-21 1.1548789865e-16)
    (4.7106075420e-21 1.1750356912e-16)
    (4.9238826317e-21 1.1925384251e-16)
    (5.1468138568e-21 1.2074813170e-16)
    (5.3798384034e-21 1.2200521794e-16)
    (5.6234132519e-21 1.2304264138e-16)
    (5.8780160723e-21 1.2387855086e-16)
    (6.1441461614e-21 1.2453122430e-16)
    (6.4223254222e-21 1.2501867501e-16)
    (6.7130993868e-21 1.2535834073e-16)
    (7.0170382867e-21 1.2556684853e-16)
    (7.3347381708e-21 1.2565984736e-16)
    (7.6668220745e-21 1.2565189849e-16)
    (8.0139412415e-21 1.2555641429e-16)
    (8.3767764007e-21 1.2538563593e-16)
    (8.7560391014e-21 1.2515064147e-16)
    (9.1524731088e-21 1.2486137661e-16)
    (9.5668558622e-21 1.2452670168e-16)
    (1.0000000000e-20 1.2415444913e-16)
    (1.0452754953e-20 1.2375148743e-16)
    (1.0926008611e-20 1.2332378771e-16)
    (1.1420689063e-20 1.2287649061e-16)
    (1.1937766417e-20 1.2241646157e-16)
    (1.2478254705e-20 1.2194263686e-16)
    (1.3043213867e-20 1.2146046283e-16)
    (1.3633751836e-20 1.2097243723e-16)
    (1.4251026703e-20 1.2048053728e-16)
    (1.4896248996e-20 1.1998626970e-16)
    (1.5570684048e-20 1.1949071721e-16)
    (1.6275654480e-20 1.1899458166e-16)
    (1.7012542799e-20 1.1849822413e-16)
    (1.7782794100e-20 1.1800170187e-16)
    (1.8587918911e-20 1.1750480281e-16)
    (1.9429496147e-20 1.1700599435e-16)
    (2.0309176209e-20 1.1650660783e-16)
    (2.1228684221e-20 1.1600480732e-16)
    (2.2189823415e-20 1.1550057650e-16)
    (2.3194478661e-20 1.1498820724e-16)
    (2.4244620171e-20 1.1446910619e-16)
    (2.5342307358e-20 1.1394137303e-16)
    (2.6489692876e-20 1.1340277720e-16)
    (2.7689026842e-20 1.1284346576e-16)
    (2.8942661247e-20 1.1229573448e-16)
    (3.0253054571e-20 1.1170616275e-16)
    (3.1622776602e-20 1.1109354864e-16)
    (3.3054513476e-20 1.1041979880e-16)
    (3.4551072946e-20 1.0974744859e-16)
    (3.6115389887e-20 1.0903521211e-16)
    (3.7750532053e-20 1.0827567570e-16)
    (3.9459706091e-20 1.0746411252e-16)
    (4.1246263829e-20 1.0658057206e-16)
    (4.3113708854e-20 1.0562107826e-16)
    (4.5065703377e-20 1.0457400132e-16)
    (4.7106075420e-20 1.0342695719e-16)
    (4.9238826317e-20 1.0214128105e-16)
    (5.1468138568e-20 1.0075293919e-16)
    (5.3798384034e-20 9.9226625447e-17)
    (5.6234132519e-20 9.7551069486e-17)
    (5.8780160723e-20 9.5656267056e-17)
    (6.1441461614e-20 9.3656249180e-17)
    (6.4223254222e-20 9.1486938620e-17)
    (6.7130993868e-20 8.9148241591e-17)
    (7.0170382867e-20 8.6644288416e-17)
    (7.3347381708e-20 8.3965231576e-17)
    (7.6668220745e-20 8.1162475455e-17)
    (8.0139412415e-20 7.8234033784e-17)
    (8.3767764007e-20 7.5200916537e-17)
    (8.7560391014e-20 7.2087091315e-17)
    (9.1524731088e-20 6.8840994067e-17)
    (9.5668558622e-20 6.5647925214e-17)
    (1.0000000000e-19 6.2454521383e-17)
    (1.0452754953e-19 5.9286601992e-17)
    (1.0926008611e-19 5.6148282773e-17)
    (1.1420689063e-19 5.3101026601e-17)
    (1.1937766417e-19 5.0143198291e-17)
    (1.2478254705e-19 4.7289977617e-17)
    (1.3043213867e-19 4.4553235174e-17)
    (1.3633751836e-19 4.1878394388e-17)
    (1.4251026703e-19 3.9406697082e-17)
    (1.4896248996e-19 3.7067679730e-17)
    (1.5570684048e-19 3.4861987081e-17)
    (1.6275654480e-19 3.2788297777e-17)
    (1.7012542799e-19 3.0818147158e-17)
    (1.7782794100e-19 2.9001732940e-17)
    (1.8587918911e-19 2.7304704895e-17)
    (1.9429496147e-19 2.5721327797e-17)
    (2.0309176209e-19 2.4245442395e-17)
    (2.1228684221e-19 2.2870662986e-17)
    (2.2189823415e-19 2.1590537901e-17)
    (2.3194478661e-19 2.0398676522e-17)
    (2.4244620171e-19 1.9291136570e-17)
    (2.5342307358e-19 1.8257421361e-17)
    (2.6489692876e-19 1.7283606096e-17)
    (2.7689026842e-19 1.6386019283e-17)
    (2.8942661247e-19 1.5548133977e-17)
    (3.0253054571e-19 1.4765235672e-17)
    (3.1622776602e-19 1.4021345040e-17)
    (3.3054513476e-19 1.3336588643e-17)
    (3.4551072946e-19 1.2694617212e-17)
    (3.6115389887e-19 1.2057995193e-17)
    (3.7750532053e-19 1.1495038204e-17)
    (3.9459706091e-19 1.0965072162e-17)
    (4.1246263829e-19 1.0465532456e-17)
    (4.3113708854e-19 9.9940789054e-18)
    (4.5065703377e-19 9.5485780476e-18)
    (4.7106075420e-19 9.1333834519e-18)
    (4.9238826317e-19 8.7335987463e-18)
    (5.1468138568e-19 8.3544869835e-18)
    (5.3798384034e-19 7.9945646958e-18)
    (5.6234132519e-19 7.6541604332e-18)
    (5.8780160723e-19 7.3285690147e-18)
    (6.1441461614e-19 7.0184888598e-18)
    (6.4223254222e-19 6.0191984295e-18)
    (6.7130993868e-19 5.7287032676e-18)
    (7.0170382867e-19 5.4507733657e-18)
    (7.3347381708e-19 5.1860511196e-18)
    (7.6668220745e-19 4.9338123130e-18)
    (8.0139412415e-19 4.6830928597e-18)
    (8.3767764007e-19 4.4553108803e-18)
    (8.7560391014e-19 4.2501637083e-18)
    (9.1524731088e-19 4.0414008511e-18)
    (9.5668558622e-19 3.8422994932e-18)
    (1.0000000000e-18 3.6422197944e-18)
    (1.0452754953e-18 3.4622384426e-18)
    (1.0926008611e-18 3.2904444020e-18)
    (1.1420689063e-18 3.1189979484e-18)
    (1.1937766417e-18 2.9633415476e-18)
    (1.2478254705e-18 2.8146900808e-18)
    (1.3043213867e-18 2.6727175816e-18)
    (1.3633751836e-18 2.5455700000e-18)
    (1.4251026703e-18 2.4149917962e-18)
    (1.4896248996e-18 2.2904101835e-18)
    (1.5570684048e-18 2.1718175283e-18)
    (1.6275654480e-18 2.0583946623e-18)
    (1.7012542799e-18 1.9502137986e-18)
    (1.7782794100e-18 1.8469952019e-18)
    (1.8587918911e-18 1.7443638052e-18)
    (1.9429496147e-18 1.6511632096e-18)
    (2.0309176209e-18 1.5622317336e-18)
    (2.1228684221e-18 1.4733398800e-18)
    (2.2189823415e-18 1.3932654743e-18)
    (2.3194478661e-18 1.3168526756e-18)
    (2.4244620171e-18 1.2458280201e-18)
    (2.5342307358e-18 1.1762891178e-18)
    (2.6489692876e-18 1.1150666054e-18)
    (2.7689026842e-18 1.0405851597e-18)
    (2.8942661247e-18 9.9063767380e-19)
    (3.0253054571e-18 9.3334999676e-19)
    (3.1622776602e-18 8.7069967420e-19)
    (3.3054513476e-18 8.2647777918e-19)
    (3.4551072946e-18 7.7213825043e-19)
    (3.6115389887e-18 7.2902393194e-19)
    (3.7750532053e-18 6.8418811691e-19)
    (3.9459706091e-18 6.4109654234e-19)
    (4.1246263829e-18 6.0203276670e-19)
    (4.3113708854e-18 5.6488569013e-19)
    (4.5065703377e-18 5.2928247525e-19)
    (4.7106075420e-18 4.9601501033e-19)
    (4.9238826317e-18 4.6425873943e-19)
    (5.1468138568e-18 4.3406787138e-19)
    (5.3798384034e-18 4.0567304017e-19)
    (5.6234132519e-18 3.7900535942e-19)
    (5.8780160723e-18 3.5361983268e-19)
    (6.1441461614e-18 3.2961098504e-19)
    (6.4223254222e-18 3.0698917086e-19)
    (6.7130993868e-18 2.8563454336e-19)
    (7.0170382867e-18 2.6564740274e-19)
    (7.3347381708e-18 2.4667246079e-19)
    (7.6668220745e-18 2.2937571622e-19)
    (8.0139412415e-18 2.1259906608e-19)
    (8.3767764007e-18 1.9680204694e-19)
    (8.7560391014e-18 1.8128980940e-19)
    (9.1524731088e-18 1.6712792948e-19)
    (9.5668558622e-18 1.5434806536e-19)
    (1.0000000000e-17 1.4146211840e-19)
);
