// k[EI_N2_ION_N2_B2SIGMA] [m^3/s] vs mean energy [eV]; air_plasma [94c490be646f8872], T_gas = 300.000000 K
(
    (0 0.0000000000e+00)
    (1.3716736877e-01 0.0000000000e+00)
    (1.4076967004e-01 0.0000000000e+00)
    (1.4397591983e-01 0.0000000000e+00)
    (1.4684102077e-01 0.0000000000e+00)
    (1.4941193350e-01 0.0000000000e+00)
    (1.5172852860e-01 0.0000000000e+00)
    (1.5382471337e-01 0.0000000000e+00)
    (1.5572953486e-01 0.0000000000e+00)
    (1.5746814299e-01 0.0000000000e+00)
    (1.5906258451e-01 0.0000000000e+00)
    (1.6040177321e-01 0.0000000000e+00)
    (1.6189529828e-01 0.0000000000e+00)
    (1.6316717670e-01 0.0000000000e+00)
    (1.6436277106e-01 0.0000000000e+00)
    (1.6549569504e-01 0.0000000000e+00)
    (1.6657864137e-01 0.0000000000e+00)
    (1.6762350584e-01 0.0000000000e+00)
    (1.6865351356e-01 0.0000000000e+00)
    (1.6965530759e-01 0.0000000000e+00)
    (1.7065088677e-01 0.0000000000e+00)
    (1.7163694874e-01 0.0000000000e+00)
    (1.7264754568e-01 0.0000000000e+00)
    (1.7367870384e-01 0.0000000000e+00)
    (1.7473842382e-01 0.0000000000e+00)
    (1.7583425455e-01 0.0000000000e+00)
    (1.7697330632e-01 0.0000000000e+00)
    (1.7816226381e-01 0.0000000000e+00)
    (1.7940739973e-01 0.0000000000e+00)
    (1.8071459251e-01 0.0000000000e+00)
    (1.8208934620e-01 0.0000000000e+00)
    (1.8353681581e-01 0.0000000000e+00)
    (1.8506183817e-01 0.0000000000e+00)
    (1.8666896889e-01 0.0000000000e+00)
    (1.8836252602e-01 0.0000000000e+00)
    (1.9014664040e-01 0.0000000000e+00)
    (1.9202531289e-01 0.0000000000e+00)
    (1.9400247796e-01 0.0000000000e+00)
    (1.9608207355e-01 0.0000000000e+00)
    (1.9826811637e-01 0.0000000000e+00)
    (2.0056478234e-01 0.0000000000e+00)
    (2.0297649148e-01 0.0000000000e+00)
    (2.0550799658e-01 0.0000000000e+00)
    (2.0816447512e-01 0.0000000000e+00)
    (2.1095162348e-01 0.0000000000e+00)
    (2.1387575250e-01 0.0000000000e+00)
    (2.1694252519e-01 0.0000000000e+00)
    (2.2014784268e-01 0.0000000000e+00)
    (2.2353442384e-01 0.0000000000e+00)
    (2.2709473824e-01 0.0000000000e+00)
    (2.3084124291e-01 0.0000000000e+00)
    (2.3479830546e-01 0.0000000000e+00)
    (2.3896127860e-01 0.0000000000e+00)
    (2.4336008158e-01 0.0000000000e+00)
    (2.4801609114e-01 0.0000000000e+00)
    (2.5295357748e-01 0.0000000000e+00)
    (2.5819912151e-01 0.0000000000e+00)
    (2.6378573470e-01 0.0000000000e+00)
    (2.6974624072e-01 0.0000000000e+00)
    (2.7611826438e-01 0.0000000000e+00)
    (2.8294267020e-01 0.0000000000e+00)
    (2.9026318406e-01 0.0000000000e+00)
    (2.9812578117e-01 0.0000000000e+00)
    (3.0657780390e-01 0.0000000000e+00)
    (3.1566679772e-01 0.0000000000e+00)
    (3.2543906532e-01 0.0000000000e+00)
    (3.3590884834e-01 0.0000000000e+00)
    (3.4717220621e-01 0.0000000000e+00)
    (3.5923181777e-01 0.0000000000e+00)
    (3.7211011301e-01 0.0000000000e+00)
    (3.8581857835e-01 0.0000000000e+00)
    (4.0035607801e-01 0.0000000000e+00)
    (4.1570758173e-01 0.0000000000e+00)
    (4.3184341715e-01 0.0000000000e+00)
    (4.4871913847e-01 0.0000000000e+00)
    (4.6627605897e-01 0.0000000000e+00)
    (4.8444243519e-01 0.0000000000e+00)
    (5.0313523891e-01 0.0000000000e+00)
    (5.2226241062e-01 0.0000000000e+00)
    (5.4172544282e-01 0.0000000000e+00)
    (5.6142213216e-01 0.0000000000e+00)
    (5.8124933256e-01 0.0000000000e+00)
    (6.0110555710e-01 0.0000000000e+00)
    (6.2089330726e-01 0.0000000000e+00)
    (6.4052103707e-01 0.0000000000e+00)
    (6.5990470387e-01 0.0000000000e+00)
    (6.7896888897e-01 0.0000000000e+00)
    (6.9764750311e-01 0.0000000000e+00)
    (7.1588411412e-01 0.0000000000e+00)
    (7.3358636508e-01 0.0000000000e+00)
    (7.5079956951e-01 0.0000000000e+00)
    (7.6745533679e-01 0.0000000000e+00)
    (7.8353256295e-01 0.0000000000e+00)
    (7.9901751861e-01 0.0000000000e+00)
    (8.1390305888e-01 0.0000000000e+00)
    (8.2818781969e-01 0.0000000000e+00)
    (8.4187543085e-01 0.0000000000e+00)
    (8.5497376287e-01 0.0000000000e+00)
    (8.6749422815e-01 0.0000000000e+00)
    (8.7945114297e-01 0.0000000000e+00)
    (8.9086115759e-01 0.0000000000e+00)
    (9.0174275648e-01 0.0000000000e+00)
    (9.1211582875e-01 0.0000000000e+00)
    (9.2200130648e-01 0.0000000000e+00)
    (9.3142086729e-01 0.0000000000e+00)
    (9.4039669615e-01 0.0000000000e+00)
    (9.4895130096e-01 0.0000000000e+00)
    (9.5710737510e-01 0.0000000000e+00)
    (9.6488770191e-01 0.0000000000e+00)
    (9.7229590192e-01 0.0000000000e+00)
    (9.7938516542e-01 0.0000000000e+00)
    (9.8616492913e-01 0.0000000000e+00)
    (9.9265725317e-01 0.0000000000e+00)
    (9.9888404860e-01 0.0000000000e+00)
    (1.0048670852e+00 0.0000000000e+00)
    (1.0106280054e+00 0.0000000000e+00)
    (1.0161883420e+00 0.0000000000e+00)
    (1.0215695391e+00 0.0000000000e+00)
    (1.0267929757e+00 0.0000000000e+00)
    (1.0318799893e+00 0.0000000000e+00)
    (1.0368231641e+00 0.0000000000e+00)
    (1.0417033534e+00 0.0000000000e+00)
    (1.0465120896e+00 0.0000000000e+00)
    (1.0510868798e+00 0.0000000000e+00)
    (1.0558591901e+00 0.0000000000e+00)
    (1.0606532011e+00 0.0000000000e+00)
    (1.0655074194e+00 0.0000000000e+00)
    (1.0704684867e+00 0.0000000000e+00)
    (1.0751997672e+00 0.0000000000e+00)
    (1.0804337616e+00 0.0000000000e+00)
    (1.0860944535e+00 0.0000000000e+00)
    (1.0921800381e+00 0.0000000000e+00)
    (1.0986620877e+00 0.0000000000e+00)
    (1.1060807526e+00 0.0000000000e+00)
    (1.1144567561e+00 0.0000000000e+00)
    (1.1240549775e+00 0.0000000000e+00)
    (1.1350476809e+00 0.0000000000e+00)
    (1.1481500995e+00 0.0000000000e+00)
    (1.1636258812e+00 0.0000000000e+00)
    (1.1819885899e+00 0.0000000000e+00)
    (1.2038177966e+00 0.0000000000e+00)
    (1.2301634388e+00 0.0000000000e+00)
    (1.2609969543e+00 0.0000000000e+00)
    (1.2973623006e+00 0.0000000000e+00)
    (1.3400043215e+00 0.0000000000e+00)
    (1.3902463429e+00 9.1688052888e-26)
    (1.4476740785e+00 2.2437905535e-25)
    (1.5134371384e+00 4.7568312795e-25)
    (1.5880617826e+00 9.3622029006e-25)
    (1.6719409929e+00 1.7538082371e-24)
    (1.7660607105e+00 1.9929340710e-22)
    (1.8689224005e+00 3.5766069417e-22)
    (1.9811674964e+00 6.3437833185e-22)
    (2.1024762198e+00 1.1054159325e-21)
    (2.2323544675e+00 1.8865429414e-21)
    (2.3723894726e+00 3.6006133948e-21)
    (2.5173051541e+00 5.9742760251e-21)
    (2.6685098823e+00 9.7116659385e-21)
    (2.8251127843e+00 1.5470399476e-20)
    (2.9864403845e+00 2.4355957650e-20)
    (3.1511716903e+00 3.7477533154e-20)
    (3.3187345263e+00 5.6625584275e-20)
    (3.4884072284e+00 8.4092874465e-20)
    (3.6595680228e+00 1.2285759879e-19)
    (3.8329812660e+00 1.7672713711e-19)
    (4.0054036492e+00 2.5067629218e-19)
    (4.1781426573e+00 3.5073787331e-19)
    (4.3510158689e+00 4.8439991247e-19)
    (4.5239369983e+00 6.6077876329e-19)
    (4.6971621121e+00 8.9190997974e-19)
    (4.8701409953e+00 1.1892909166e-18)
    (5.0433978978e+00 1.5692348600e-18)
    (5.2171246267e+00 2.0499541117e-18)
    (5.3915564382e+00 2.6525558607e-18)
    (5.5669629670e+00 3.4012824521e-18)
    (5.7436400435e+00 4.3237187564e-18)
    (5.9219025871e+00 5.4509774669e-18)
    (6.1010979376e+00 6.8150729766e-18)
    (6.2835570479e+00 8.4626995703e-18)
    (6.4679920423e+00 1.0430067617e-17)
    (6.6560078497e+00 1.2768708356e-17)
    (6.8473428104e+00 1.5531598822e-17)
    (7.0423340172e+00 1.8773505450e-17)
    (7.2409465159e+00 2.2551600568e-17)
    (7.4442081970e+00 2.6931480926e-17)
    (7.6521663603e+00 3.1984698777e-17)
    (7.8676105910e+00 3.7851159662e-17)
    (8.0858487204e+00 4.4481690832e-17)
    (8.3098278044e+00 5.2016840532e-17)
    (8.5398932950e+00 6.0541247267e-17)
    (8.7763949131e+00 7.0142977060e-17)
    (9.0196879697e+00 8.0913293130e-17)
    (9.2670974766e+00 9.2848636499e-17)
    (9.5251096885e+00 1.0623133332e-16)
    (9.7910839770e+00 1.2108116426e-16)
    (1.0065371630e+01 1.3749341737e-16)
    (1.0346344593e+01 1.5550939556e-16)
    (1.0638438926e+01 1.7534176308e-16)
    (1.0940187398e+01 1.9706211077e-16)
    (1.1925355136e+01 2.7047565180e-16)
    (1.2308824412e+01 3.0395272956e-16)
    (1.2709276652e+01 3.4051348503e-16)
    (1.3126439691e+01 3.8034806330e-16)
    (1.3561263285e+01 4.2363321703e-16)
    (1.4012493747e+01 4.7038380648e-16)
    (1.4484291915e+01 5.2091827769e-16)
    (1.4973992379e+01 5.7534215882e-16)
    (1.5487666223e+01 6.3383143059e-16)
    (1.6023909695e+01 6.9652982720e-16)
    (1.6583468512e+01 7.6362767696e-16)
    (1.7168941463e+01 8.3520277377e-16)
    (1.7781023451e+01 9.1141386948e-16)
    (1.8422151615e+01 9.9255497911e-16)
    (1.9092649339e+01 1.0784702278e-15)
    (1.9794733945e+01 1.1693919725e-15)
    (2.0530664058e+01 1.2654642011e-15)
    (2.1299508263e+01 1.3665879752e-15)
    (2.2109288431e+01 1.4732148390e-15)
    (2.2959485968e+01 1.5852584783e-15)
    (2.3850104879e+01 1.7025401257e-15)
    (2.4788921536e+01 1.8255960996e-15)
    (2.5776295005e+01 1.9542380267e-15)
    (2.6817698048e+01 2.0886801403e-15)
    (2.7909067436e+01 2.2282539244e-15)
    (2.9061538888e+01 2.3737578314e-15)
    (3.0279874265e+01 2.5251190031e-15)
    (3.1556757395e+01 2.6812418373e-15)
    (3.2908931845e+01 2.8434908834e-15)
    (3.4342348823e+01 3.0115479949e-15)
    (3.5842127009e+01 3.1838066483e-15)
    (3.7437719791e+01 3.3622971285e-15)
    (3.9117090489e+01 3.5448714291e-15)
    (4.0644106575e+01 3.7146870836e-15)
    (4.2796040127e+01 3.9273818994e-15)
    (4.4789131155e+01 4.1245113811e-15)
    (4.6589221150e+01 4.3067471867e-15)
    (4.9179324484e+01 4.5353032374e-15)
    (5.1201199815e+01 4.7258624613e-15)
    (5.4099126670e+01 4.9605947410e-15)
    (5.6778858337e+01 5.1769838140e-15)
    (5.9117854096e+01 5.3721594828e-15)
    (6.2718461942e+01 5.6243912222e-15)
    (6.5410085846e+01 5.8280913047e-15)
    (6.9496742822e+01 6.0844888534e-15)
    (7.3180976752e+01 6.3142814669e-15)
    (7.7182577491e+01 6.5497246006e-15)
    (8.1420085225e+01 6.7839183039e-15)
    (8.6011788405e+01 7.0219101711e-15)
    (9.0867763137e+01 7.2563343822e-15)
    (9.6165388139e+01 7.4953333255e-15)
    (1.0177823578e+02 7.7300039276e-15)
    (1.0792309375e+02 7.9682083313e-15)
    (1.1458604701e+02 8.2052890584e-15)
    (1.2160542734e+02 8.4356267179e-15)
    (1.2939531717e+02 8.6688446782e-15)
    (1.3542361118e+02 8.8572702886e-15)
    (1.4388362195e+02 9.0722129634e-15)
    (1.5371740495e+02 9.2990891693e-15)
    (1.6736124994e+02 9.5589369711e-15)
    (1.7556818514e+02 9.7303645130e-15)
    (1.9180551086e+02 9.9737118756e-15)
    (2.0148427830e+02 1.0132672899e-14)
);
