// k[EI_O2_EXC_O2_4_5EV] [m^3/s] vs reducedE [V m^2]; air_plasma [94c490be646f8872], T_gas = 300.000000 K
(
    (0 0.0000000000e+00)
    (1.0000000000e-22 0.0000000000e+00)
    (1.0452754953e-22 0.0000000000e+00)
    (1.0926008611e-22 0.0000000000e+00)
    (1.1420689063e-22 0.0000000000e+00)
    (1.1937766417e-22 0.0000000000e+00)
    (1.2478254705e-22 0.0000000000e+00)
    (1.3043213867e-22 0.0000000000e+00)
    (1.3633751836e-22 0.0000000000e+00)
    (1.4251026703e-22 0.0000000000e+00)
    (1.4896248996e-22 0.0000000000e+00)
    (1.5570684048e-22 0.0000000000e+00)
    (1.6275654480e-22 0.0000000000e+00)
    (1.7012542799e-22 0.0000000000e+00)
    (1.7782794100e-22 0.0000000000e+00)
    (1.8587918911e-22 0.0000000000e+00)
    (1.9429496147e-22 0.0000000000e+00)
    (2.0309176209e-22 0.0000000000e+00)
    (2.1228684221e-22 0.0000000000e+00)
    (2.2189823415e-22 0.0000000000e+00)
    (2.3194478661e-22 0.0000000000e+00)
    (2.4244620171e-22 0.0000000000e+00)
    (2.5342307358e-22 0.0000000000e+00)
    (2.6489692876e-22 0.0000000000e+00)
    (2.7689026842e-22 0.0000000000e+00)
    (2.8942661247e-22 0.0000000000e+00)
    (3.0253054571e-22 0.0000000000e+00)
    (3.1622776602e-22 0.0000000000e+00)
    (3.3054513476e-22 0.0000000000e+00)
    (3.4551072946e-22 0.0000000000e+00)
    (3.6115389887e-22 0.0000000000e+00)
    (3.7750532053e-22 0.0000000000e+00)
    (3.9459706091e-22 0.0000000000e+00)
    (4.1246263829e-22 0.0000000000e+00)
    (4.3113708854e-22 0.0000000000e+00)
    (4.5065703377e-22 0.0000000000e+00)
    (4.7106075420e-22 0.0000000000e+00)
    (4.9238826317e-22 0.0000000000e+00)
    (5.1468138568e-22 0.0000000000e+00)
    (5.3798384034e-22 0.0000000000e+00)
    (5.6234132519e-22 0.0000000000e+00)
    (5.8780160723e-22 0.0000000000e+00)
    (6.1441461614e-22 0.0000000000e+00)
    (6.4223254222e-22 0.0000000000e+00)
    (6.7130993868e-22 0.0000000000e+00)
    (7.0170382867e-22 0.0000000000e+00)
    (7.3347381708e-22 0.0000000000e+00)
    (7.6668220745e-22 0.0000000000e+00)
    (8.0139412415e-22 0.0000000000e+00)
    (8.3767764007e-22 0.0000000000e+00)
    (8.7560391014e-22 0.0000000000e+00)
    (9.1524731088e-22 0.0000000000e+00)
    (9.5668558622e-22 0.0000000000e+00)
    (1.0000000000e-21 0.0000000000e+00)
    (1.0452754953e-21 0.0000000000e+00)
    (1.0926008611e-21 0.0000000000e+00)
    (1.1420689063e-21 0.0000000000e+00)
    (1.1937766417e-21 0.0000000000e+00)
    (1.2478254705e-21 0.0000000000e+00)
    (1.3043213867e-21 0.0000000000e+00)
    (1.3633751836e-21 0.0000000000e+00)
    (1.4251026703e-21 0.0000000000e+00)
    (1.4896248996e-21 0.0000000000e+00)
    (1.5570684048e-21 0.0000000000e+00)
    (1.6275654480e-21 0.0000000000e+00)
    (1.7012542799e-21 0.0000000000e+00)
    (1.7782794100e-21 0.0000000000e+00)
    (1.8587918911e-21 0.0000000000e+00)
    (1.9429496147e-21 0.0000000000e+00)
    (2.0309176209e-21 0.0000000000e+00)
    (2.1228684221e-21 0.0000000000e+00)
    (2.2189823415e-21 0.0000000000e+00)
    (2.3194478661e-21 0.0000000000e+00)
    (2.4244620171e-21 0.0000000000e+00)
    (2.5342307358e-21 0.0000000000e+00)
    (2.6489692876e-21 0.0000000000e+00)
    (2.7689026842e-21 0.0000000000e+00)
    (2.8942661247e-21 0.0000000000e+00)
    (3.0253054571e-21 0.0000000000e+00)
    (3.1622776602e-21 0.0000000000e+00)
    (3.3054513476e-21 0.0000000000e+00)
    (3.4551072946e-21 0.0000000000e+00)
    (3.6115389887e-21 0.0000000000e+00)
    (3.7750532053e-21 0.0000000000e+00)
    (3.9459706091e-21 0.0000000000e+00)
    (4.1246263829e-21 0.0000000000e+00)
    (4.3113708854e-21 0.0000000000e+00)
    (4.5065703377e-21 0.0000000000e+00)
    (4.7106075420e-21 0.0000000000e+00)
    (4.9238826317e-21 0.0000000000e+00)
    (5.1468138568e-21 0.0000000000e+00)
    (5.3798384034e-21 0.0000000000e+00)
    (5.6234132519e-21 0.0000000000e+00)
    (5.8780160723e-21 0.0000000000e+00)
    (6.1441461614e-21 0.0000000000e+00)
    (6.4223254222e-21 0.0000000000e+00)
    (6.7130993868e-21 0.0000000000e+00)
    (7.0170382867e-21 0.0000000000e+00)
    (7.3347381708e-21 0.0000000000e+00)
    (7.6668220745e-21 0.0000000000e+00)
    (8.0139412415e-21 0.0000000000e+00)
    (8.3767764007e-21 0.0000000000e+00)
    (8.7560391014e-21 0.0000000000e+00)
    (9.1524731088e-21 0.0000000000e+00)
    (9.5668558622e-21 0.0000000000e+00)
    (1.0000000000e-20 0.0000000000e+00)
    (1.0452754953e-20 0.0000000000e+00)
    (1.0926008611e-20 0.0000000000e+00)
    (1.1420689063e-20 0.0000000000e+00)
    (1.1937766417e-20 0.0000000000e+00)
    (1.2478254705e-20 0.0000000000e+00)
    (1.3043213867e-20 0.0000000000e+00)
    (1.3633751836e-20 0.0000000000e+00)
    (1.4251026703e-20 0.0000000000e+00)
    (1.4896248996e-20 0.0000000000e+00)
    (1.5570684048e-20 0.0000000000e+00)
    (1.6275654480e-20 0.0000000000e+00)
    (1.7012542799e-20 0.0000000000e+00)
    (1.7782794100e-20 0.0000000000e+00)
    (1.8587918911e-20 0.0000000000e+00)
    (1.9429496147e-20 0.0000000000e+00)
    (2.0309176209e-20 0.0000000000e+00)
    (2.1228684221e-20 0.0000000000e+00)
    (2.2189823415e-20 2.3367814029e-21)
    (2.3194478661e-20 4.3578367281e-21)
    (2.4244620171e-20 7.8561003501e-21)
    (2.5342307358e-20 1.3754423033e-20)
    (2.6489692876e-20 2.3449750983e-20)
    (2.7689026842e-20 6.2137728154e-20)
    (2.8942661247e-20 9.9937342912e-20)
    (3.0253054571e-20 1.6026193965e-19)
    (3.1622776602e-20 2.5188635041e-19)
    (3.3054513476e-20 3.9364709824e-19)
    (3.4551072946e-20 5.9491344070e-19)
    (3.6115389887e-20 8.8339117398e-19)
    (3.7750532053e-20 1.2897340478e-18)
    (3.9459706091e-20 1.8671756512e-18)
    (4.1246263829e-20 2.6381660456e-18)
    (4.3113708854e-20 3.6720963838e-18)
    (4.5065703377e-20 5.0377753666e-18)
    (4.7106075420e-20 6.8151707039e-18)
    (4.9238826317e-20 9.1703209656e-18)
    (5.1468138568e-20 1.2066539253e-17)
    (5.3798384034e-20 1.5676549168e-17)
    (5.6234132519e-20 2.0115156637e-17)
    (5.8780160723e-20 2.5592574598e-17)
    (6.1441461614e-20 3.2044422896e-17)
    (6.4223254222e-20 3.9662118400e-17)
    (6.7130993868e-20 4.8538893699e-17)
    (7.0170382867e-20 5.8749009261e-17)
    (7.3347381708e-20 7.0504375694e-17)
    (7.6668220745e-20 8.3495061709e-17)
    (8.0139412415e-20 9.7876361170e-17)
    (8.3767764007e-20 1.1360465816e-16)
    (8.7560391014e-20 1.3060351481e-16)
    (9.1524731088e-20 1.4911139622e-16)
    (9.5668558622e-20 1.6829715822e-16)
    (1.0000000000e-19 1.8835386826e-16)
    (1.0452754953e-19 2.0911047361e-16)
    (1.0926008611e-19 2.3047308000e-16)
    (1.1420689063e-19 2.5207862910e-16)
    (1.1937766417e-19 2.7383811339e-16)
    (1.2478254705e-19 2.9557651865e-16)
    (1.3043213867e-19 3.1712935725e-16)
    (1.3633751836e-19 3.3853329163e-16)
    (1.4251026703e-19 3.5923750586e-16)
    (1.4896248996e-19 3.7935263738e-16)
    (1.5570684048e-19 3.9877459729e-16)
    (1.6275654480e-19 4.1741480172e-16)
    (1.7012542799e-19 4.3526363463e-16)
    (1.7782794100e-19 4.5211510227e-16)
    (1.8587918911e-19 4.6800591863e-16)
    (1.9429496147e-19 4.8289975175e-16)
    (2.0309176209e-19 4.9677043751e-16)
    (2.1228684221e-19 5.0960084771e-16)
    (2.2189823415e-19 5.2138184066e-16)
    (2.3194478661e-19 5.3211129660e-16)
    (2.4244620171e-19 5.4169867733e-16)
    (2.5342307358e-19 5.5034199202e-16)
    (2.6489692876e-19 5.5790996728e-16)
    (2.7689026842e-19 5.6452219585e-16)
    (2.8942661247e-19 5.7014814437e-16)
    (3.0253054571e-19 5.7481197714e-16)
    (3.1622776602e-19 5.7850977836e-16)
    (3.3054513476e-19 5.8132649427e-16)
    (3.4551072946e-19 5.8326530720e-16)
    (3.6115389887e-19 5.8456586350e-16)
    (3.7750532053e-19 5.8481724844e-16)
    (3.9459706091e-19 5.8428705450e-16)
    (4.1246263829e-19 5.8300720678e-16)
    (4.3113708854e-19 5.8100973416e-16)
    (4.5065703377e-19 5.7832659770e-16)
    (4.7106075420e-19 5.7479850384e-16)
    (4.9238826317e-19 5.7085332985e-16)
    (5.1468138568e-19 5.6631531558e-16)
    (5.3798384034e-19 5.6121603170e-16)
    (5.6234132519e-19 5.5547781857e-16)
    (5.8780160723e-19 5.4935549869e-16)
    (6.1441461614e-19 5.4276034556e-16)
    (6.4223254222e-19 5.2412983154e-16)
    (6.7130993868e-19 5.1485657575e-16)
    (7.0170382867e-19 5.0522702778e-16)
    (7.3347381708e-19 4.9518697368e-16)
    (7.6668220745e-19 4.8477310323e-16)
    (8.0139412415e-19 4.7397033246e-16)
    (8.3767764007e-19 4.6293428544e-16)
    (8.7560391014e-19 4.5151687087e-16)
    (9.1524731088e-19 4.4001004101e-16)
    (9.5668558622e-19 4.2831507905e-16)
    (1.0000000000e-18 4.1639280247e-16)
    (1.0452754953e-18 4.0442790290e-16)
    (1.0926008611e-18 3.9237780339e-16)
    (1.1420689063e-18 3.8019950503e-16)
    (1.1937766417e-18 3.6807429099e-16)
    (1.2478254705e-18 3.5595721501e-16)
    (1.3043213867e-18 3.4387462731e-16)
    (1.3633751836e-18 3.3175122113e-16)
    (1.4251026703e-18 3.1982936276e-16)
    (1.4896248996e-18 3.0801743031e-16)
    (1.5570684048e-18 2.9624140420e-16)
    (1.6275654480e-18 2.8472554225e-16)
    (1.7012542799e-18 2.7338146228e-16)
    (1.7782794100e-18 2.6222032312e-16)
    (1.8587918911e-18 2.5121760124e-16)
    (1.9429496147e-18 2.4049497235e-16)
    (2.0309176209e-18 2.2999808880e-16)
    (2.1228684221e-18 2.1972800814e-16)
    (2.2189823415e-18 2.0973913122e-16)
    (2.3194478661e-18 2.0000487331e-16)
    (2.4244620171e-18 1.9047925453e-16)
    (2.5342307358e-18 1.8130639089e-16)
    (2.6489692876e-18 1.7234918085e-16)
    (2.7689026842e-18 1.6348929680e-16)
    (2.8942661247e-18 1.5543114794e-16)
    (3.0253054571e-18 1.4734584208e-16)
    (3.1622776602e-18 1.3932113868e-16)
    (3.3054513476e-18 1.3214825386e-16)
    (3.4551072946e-18 1.2477669958e-16)
    (3.6115389887e-18 1.1805035550e-16)
    (3.7750532053e-18 1.1147631041e-16)
    (3.9459706091e-18 1.0484196017e-16)
    (4.1246263829e-18 9.8943614512e-17)
    (4.3113708854e-18 9.3035567620e-17)
    (4.5065703377e-18 8.7603669882e-17)
    (4.7106075420e-18 8.2317382361e-17)
    (4.9238826317e-18 7.7271028227e-17)
    (5.1468138568e-18 7.2417366752e-17)
    (5.3798384034e-18 6.7846906956e-17)
    (5.6234132519e-18 6.3495038653e-17)
    (5.8780160723e-18 5.9367361952e-17)
    (6.1441461614e-18 5.5405742224e-17)
    (6.4223254222e-18 5.1695846863e-17)
    (6.7130993868e-18 4.8179468018e-17)
    (7.0170382867e-18 4.4842508926e-17)
    (7.3347381708e-18 4.1698288666e-17)
    (7.6668220745e-18 3.8740976860e-17)
    (8.0139412415e-18 3.6049846219e-17)
    (8.3767764007e-18 3.3396697281e-17)
    (8.7560391014e-18 3.0715657673e-17)
    (9.1524731088e-18 2.8482615801e-17)
    (9.5668558622e-18 2.6175823068e-17)
    (1.0000000000e-17 2.4186519607e-17)
);
