// meanEnergy vs reducedE [V m^2]; air_plasma [94c490be646f8872], T_gas = 300.000000 K
(
    (0 1.3716736877e-01)
    (1.0000000000e-22 1.3716736877e-01)
    (1.0452754953e-22 1.4076967004e-01)
    (1.0926008611e-22 1.4397591983e-01)
    (1.1420689063e-22 1.4684102077e-01)
    (1.1937766417e-22 1.4941193350e-01)
    (1.2478254705e-22 1.5172852860e-01)
    (1.3043213867e-22 1.5382471337e-01)
    (1.3633751836e-22 1.5572953486e-01)
    (1.4251026703e-22 1.5746814299e-01)
    (1.4896248996e-22 1.5906258451e-01)
    (1.5570684048e-22 1.6040177321e-01)
    (1.6275654480e-22 1.6189529828e-01)
    (1.7012542799e-22 1.6316717670e-01)
    (1.7782794100e-22 1.6436277106e-01)
    (1.8587918911e-22 1.6549569504e-01)
    (1.9429496147e-22 1.6657864137e-01)
    (2.0309176209e-22 1.6762350584e-01)
    (2.1228684221e-22 1.6865351356e-01)
    (2.2189823415e-22 1.6965530759e-01)
    (2.3194478661e-22 1.7065088677e-01)
    (2.4244620171e-22 1.7163694874e-01)
    (2.5342307358e-22 1.7264754568e-01)
    (2.6489692876e-22 1.7367870384e-01)
    (2.7689026842e-22 1.7473842382e-01)
    (2.8942661247e-22 1.7583425455e-01)
    (3.0253054571e-22 1.7697330632e-01)
    (3.1622776602e-22 1.7816226381e-01)
    (3.3054513476e-22 1.7940739973e-01)
    (3.4551072946e-22 1.8071459251e-01)
    (3.6115389887e-22 1.8208934620e-01)
    (3.7750532053e-22 1.8353681581e-01)
    (3.9459706091e-22 1.8506183817e-01)
    (4.1246263829e-22 1.8666896889e-01)
    (4.3113708854e-22 1.8836252602e-01)
    (4.5065703377e-22 1.9014664040e-01)
    (4.7106075420e-22 1.9202531289e-01)
    (4.9238826317e-22 1.9400247796e-01)
    (5.1468138568e-22 1.9608207355e-01)
    (5.3798384034e-22 1.9826811637e-01)
    (5.6234132519e-22 2.0056478234e-01)
    (5.8780160723e-22 2.0297649148e-01)
    (6.1441461614e-22 2.0550799658e-01)
    (6.4223254222e-22 2.0816447512e-01)
    (6.7130993868e-22 2.1095162348e-01)
    (7.0170382867e-22 2.1387575250e-01)
    (7.3347381708e-22 2.1694252519e-01)
    (7.6668220745e-22 2.2014784268e-01)
    (8.0139412415e-22 2.2353442384e-01)
    (8.3767764007e-22 2.2709473824e-01)
    (8.7560391014e-22 2.3084124291e-01)
    (9.1524731088e-22 2.3479830546e-01)
    (9.5668558622e-22 2.3896127860e-01)
    (1.0000000000e-21 2.4336008158e-01)
    (1.0452754953e-21 2.4801609114e-01)
    (1.0926008611e-21 2.5295357748e-01)
    (1.1420689063e-21 2.5819912151e-01)
    (1.1937766417e-21 2.6378573470e-01)
    (1.2478254705e-21 2.6974624072e-01)
    (1.3043213867e-21 2.7611826438e-01)
    (1.3633751836e-21 2.8294267020e-01)
    (1.4251026703e-21 2.9026318406e-01)
    (1.4896248996e-21 2.9812578117e-01)
    (1.5570684048e-21 3.0657780390e-01)
    (1.6275654480e-21 3.1566679772e-01)
    (1.7012542799e-21 3.2543906532e-01)
    (1.7782794100e-21 3.3590884834e-01)
    (1.8587918911e-21 3.4717220621e-01)
    (1.9429496147e-21 3.5923181777e-01)
    (2.0309176209e-21 3.7211011301e-01)
    (2.1228684221e-21 3.8581857835e-01)
    (2.2189823415e-21 4.0035607801e-01)
    (2.3194478661e-21 4.1570758173e-01)
    (2.4244620171e-21 4.3184341715e-01)
    (2.5342307358e-21 4.4871913847e-01)
    (2.6489692876e-21 4.6627605897e-01)
    (2.7689026842e-21 4.8444243519e-01)
    (2.8942661247e-21 5.0313523891e-01)
    (3.0253054571e-21 5.2226241062e-01)
    (3.1622776602e-21 5.4172544282e-01)
    (3.3054513476e-21 5.6142213216e-01)
    (3.4551072946e-21 5.8124933256e-01)
    (3.6115389887e-21 6.0110555710e-01)
    (3.7750532053e-21 6.2089330726e-01)
    (3.9459706091e-21 6.4052103707e-01)
    (4.1246263829e-21 6.5990470387e-01)
    (4.3113708854e-21 6.7896888897e-01)
    (4.5065703377e-21 6.9764750311e-01)
    (4.7106075420e-21 7.1588411412e-01)
    (4.9238826317e-21 7.3358636508e-01)
    (5.1468138568e-21 7.5079956951e-01)
    (5.3798384034e-21 7.6745533679e-01)
    (5.6234132519e-21 7.8353256295e-01)
    (5.8780160723e-21 7.9901751861e-01)
    (6.1441461614e-21 8.1390305888e-01)
    (6.4223254222e-21 8.2818781969e-01)
    (6.7130993868e-21 8.4187543085e-01)
    (7.0170382867e-21 8.5497376287e-01)
    (7.3347381708e-21 8.6749422815e-01)
    (7.6668220745e-21 8.7945114297e-01)
    (8.0139412415e-21 8.9086115759e-01)
    (8.3767764007e-21 9.0174275648e-01)
    (8.7560391014e-21 9.1211582875e-01)
    (9.1524731088e-21 9.2200130648e-01)
    (9.5668558622e-21 9.3142086729e-01)
    (1.0000000000e-20 9.4039669615e-01)
    (1.0452754953e-20 9.4895130096e-01)
    (1.0926008611e-20 9.5710737510e-01)
    (1.1420689063e-20 9.6488770191e-01)
    (1.1937766417e-20 9.7229590192e-01)
    (1.2478254705e-20 9.7938516542e-01)
    (1.3043213867e-20 9.8616492913e-01)
    (1.3633751836e-20 9.9265725317e-01)
    (1.4251026703e-20 9.9888404860e-01)
    (1.4896248996e-20 1.0048670852e+00)
    (1.5570684048e-20 1.0106280054e+00)
    (1.6275654480e-20 1.0161883420e+00)
    (1.7012542799e-20 1.0215695391e+00)
    (1.7782794100e-20 1.0267929757e+00)
    (1.8587918911e-20 1.0318799893e+00)
    (1.9429496147e-20 1.0368231641e+00)
    (2.0309176209e-20 1.0417033534e+00)
    (2.1228684221e-20 1.0465120896e+00)
    (2.2189823415e-20 1.0510868798e+00)
    (2.3194478661e-20 1.0558591901e+00)
    (2.4244620171e-20 1.0606532011e+00)
    (2.5342307358e-20 1.0655074194e+00)
    (2.6489692876e-20 1.0704684867e+00)
    (2.7689026842e-20 1.0751997672e+00)
    (2.8942661247e-20 1.0804337616e+00)
    (3.0253054571e-20 1.0860944535e+00)
    (3.1622776602e-20 1.0921800381e+00)
    (3.3054513476e-20 1.0986620877e+00)
    (3.4551072946e-20 1.1060807526e+00)
    (3.6115389887e-20 1.1144567561e+00)
    (3.7750532053e-20 1.1240549775e+00)
    (3.9459706091e-20 1.1350476809e+00)
    (4.1246263829e-20 1.1481500995e+00)
    (4.3113708854e-20 1.1636258812e+00)
    (4.5065703377e-20 1.1819885899e+00)
    (4.7106075420e-20 1.2038177966e+00)
    (4.9238826317e-20 1.2301634388e+00)
    (5.1468138568e-20 1.2609969543e+00)
    (5.3798384034e-20 1.2973623006e+00)
    (5.6234132519e-20 1.3400043215e+00)
    (5.8780160723e-20 1.3902463429e+00)
    (6.1441461614e-20 1.4476740785e+00)
    (6.4223254222e-20 1.5134371384e+00)
    (6.7130993868e-20 1.5880617826e+00)
    (7.0170382867e-20 1.6719409929e+00)
    (7.3347381708e-20 1.7660607105e+00)
    (7.6668220745e-20 1.8689224005e+00)
    (8.0139412415e-20 1.9811674964e+00)
    (8.3767764007e-20 2.1024762198e+00)
    (8.7560391014e-20 2.2323544675e+00)
    (9.1524731088e-20 2.3723894726e+00)
    (9.5668558622e-20 2.5173051541e+00)
    (1.0000000000e-19 2.6685098823e+00)
    (1.0452754953e-19 2.8251127843e+00)
    (1.0926008611e-19 2.9864403845e+00)
    (1.1420689063e-19 3.1511716903e+00)
    (1.1937766417e-19 3.3187345263e+00)
    (1.2478254705e-19 3.4884072284e+00)
    (1.3043213867e-19 3.6595680228e+00)
    (1.3633751836e-19 3.8329812660e+00)
    (1.4251026703e-19 4.0054036492e+00)
    (1.4896248996e-19 4.1781426573e+00)
    (1.5570684048e-19 4.3510158689e+00)
    (1.6275654480e-19 4.5239369983e+00)
    (1.7012542799e-19 4.6971621121e+00)
    (1.7782794100e-19 4.8701409953e+00)
    (1.8587918911e-19 5.0433978978e+00)
    (1.9429496147e-19 5.2171246267e+00)
    (2.0309176209e-19 5.3915564382e+00)
    (2.1228684221e-19 5.5669629670e+00)
    (2.2189823415e-19 5.7436400435e+00)
    (2.3194478661e-19 5.9219025871e+00)
    (2.4244620171e-19 6.1010979376e+00)
    (2.5342307358e-19 6.2835570479e+00)
    (2.6489692876e-19 6.4679920423e+00)
    (2.7689026842e-19 6.6560078497e+00)
    (2.8942661247e-19 6.8473428104e+00)
    (3.0253054571e-19 7.0423340172e+00)
    (3.1622776602e-19 7.2409465159e+00)
    (3.3054513476e-19 7.4442081970e+00)
    (3.4551072946e-19 7.6521663603e+00)
    (3.6115389887e-19 7.8676105910e+00)
    (3.7750532053e-19 8.0858487204e+00)
    (3.9459706091e-19 8.3098278044e+00)
    (4.1246263829e-19 8.5398932950e+00)
    (4.3113708854e-19 8.7763949131e+00)
    (4.5065703377e-19 9.0196879697e+00)
    (4.7106075420e-19 9.2670974766e+00)
    (4.9238826317e-19 9.5251096885e+00)
    (5.1468138568e-19 9.7910839770e+00)
    (5.3798384034e-19 1.0065371630e+01)
    (5.6234132519e-19 1.0346344593e+01)
    (5.8780160723e-19 1.0638438926e+01)
    (6.1441461614e-19 1.0940187398e+01)
    (6.4223254222e-19 1.1925355136e+01)
    (6.7130993868e-19 1.2308824412e+01)
    (7.0170382867e-19 1.2709276652e+01)
    (7.3347381708e-19 1.3126439691e+01)
    (7.6668220745e-19 1.3561263285e+01)
    (8.0139412415e-19 1.4012493747e+01)
    (8.3767764007e-19 1.4484291915e+01)
    (8.7560391014e-19 1.4973992379e+01)
    (9.1524731088e-19 1.5487666223e+01)
    (9.5668558622e-19 1.6023909695e+01)
    (1.0000000000e-18 1.6583468512e+01)
    (1.0452754953e-18 1.7168941463e+01)
    (1.0926008611e-18 1.7781023451e+01)
    (1.1420689063e-18 1.8422151615e+01)
    (1.1937766417e-18 1.9092649339e+01)
    (1.2478254705e-18 1.9794733945e+01)
    (1.3043213867e-18 2.0530664058e+01)
    (1.3633751836e-18 2.1299508263e+01)
    (1.4251026703e-18 2.2109288431e+01)
    (1.4896248996e-18 2.2959485968e+01)
    (1.5570684048e-18 2.3850104879e+01)
    (1.6275654480e-18 2.4788921536e+01)
    (1.7012542799e-18 2.5776295005e+01)
    (1.7782794100e-18 2.6817698048e+01)
    (1.8587918911e-18 2.7909067436e+01)
    (1.9429496147e-18 2.9061538888e+01)
    (2.0309176209e-18 3.0279874265e+01)
    (2.1228684221e-18 3.1556757395e+01)
    (2.2189823415e-18 3.2908931845e+01)
    (2.3194478661e-18 3.4342348823e+01)
    (2.4244620171e-18 3.5842127009e+01)
    (2.5342307358e-18 3.7437719791e+01)
    (2.6489692876e-18 3.9117090489e+01)
    (2.7689026842e-18 4.0644106575e+01)
    (2.8942661247e-18 4.2796040127e+01)
    (3.0253054571e-18 4.4789131155e+01)
    (3.1622776602e-18 4.6589221150e+01)
    (3.3054513476e-18 4.9179324484e+01)
    (3.4551072946e-18 5.1201199815e+01)
    (3.6115389887e-18 5.4099126670e+01)
    (3.7750532053e-18 5.6778858337e+01)
    (3.9459706091e-18 5.9117854096e+01)
    (4.1246263829e-18 6.2718461942e+01)
    (4.3113708854e-18 6.5410085846e+01)
    (4.5065703377e-18 6.9496742822e+01)
    (4.7106075420e-18 7.3180976752e+01)
    (4.9238826317e-18 7.7182577491e+01)
    (5.1468138568e-18 8.1420085225e+01)
    (5.3798384034e-18 8.6011788405e+01)
    (5.6234132519e-18 9.0867763137e+01)
    (5.8780160723e-18 9.6165388139e+01)
    (6.1441461614e-18 1.0177823578e+02)
    (6.4223254222e-18 1.0792309375e+02)
    (6.7130993868e-18 1.1458604701e+02)
    (7.0170382867e-18 1.2160542734e+02)
    (7.3347381708e-18 1.2939531717e+02)
    (7.6668220745e-18 1.3542361118e+02)
    (8.0139412415e-18 1.4388362195e+02)
    (8.3767764007e-18 1.5371740495e+02)
    (8.7560391014e-18 1.6736124994e+02)
    (9.1524731088e-18 1.7556818514e+02)
    (9.5668558622e-18 1.9180551086e+02)
    (1.0000000000e-17 2.0148427830e+02)
);
