// muN vs reducedE [V m^2]; air_plasma [94c490be646f8872], T_gas = 300.000000 K
(
    (0 1.0283045976e+25)
    (1.0000000000e-22 1.0283045976e+25)
    (1.0452754953e-22 9.8237532775e+24)
    (1.0926008611e-22 9.4330549244e+24)
    (1.1420689063e-22 9.0994228073e+24)
    (1.1937766417e-22 8.8134523787e+24)
    (1.2478254705e-22 8.5674999635e+24)
    (1.3043213867e-22 8.3553445601e+24)
    (1.3633751836e-22 8.1718998403e+24)
    (1.4251026703e-22 8.0129793652e+24)
    (1.4896248996e-22 7.8751093758e+24)
    (1.5570684048e-22 7.8007114373e+24)
    (1.6275654480e-22 7.6513352542e+24)
    (1.7012542799e-22 7.5608706718e+24)
    (1.7782794100e-22 7.4821739192e+24)
    (1.8587918911e-22 7.4136633057e+24)
    (1.9429496147e-22 7.3539453162e+24)
    (2.0309176209e-22 7.3017804074e+24)
    (2.1228684221e-22 7.2568787839e+24)
    (2.2189823415e-22 7.2167543622e+24)
    (2.3194478661e-22 7.1811928465e+24)
    (2.4244620171e-22 7.1524916912e+24)
    (2.5342307358e-22 7.1235526252e+24)
    (2.6489692876e-22 7.0969405115e+24)
    (2.7689026842e-22 7.0720242488e+24)
    (2.8942661247e-22 7.0482282919e+24)
    (3.0253054571e-22 7.0250298889e+24)
    (3.1622776602e-22 7.0019570340e+24)
    (3.3054513476e-22 6.9785869080e+24)
    (3.4551072946e-22 6.9545445230e+24)
    (3.6115389887e-22 6.9295014834e+24)
    (3.7750532053e-22 6.9031746497e+24)
    (3.9459706091e-22 6.8753246181e+24)
    (4.1246263829e-22 6.8457539317e+24)
    (4.3113708854e-22 6.8143049688e+24)
    (4.5065703377e-22 6.7808574818e+24)
    (4.7106075420e-22 6.7453257871e+24)
    (4.9238826317e-22 6.7076556206e+24)
    (5.1468138568e-22 6.6678206940e+24)
    (5.3798384034e-22 6.6258189921e+24)
    (5.6234132519e-22 6.5816688574e+24)
    (5.8780160723e-22 6.5354049043e+24)
    (6.1441461614e-22 6.4870737996e+24)
    (6.4223254222e-22 6.4367299347e+24)
    (6.7130993868e-22 6.3844310051e+24)
    (7.0170382867e-22 6.3302335037e+24)
    (7.3347381708e-22 6.2750806684e+24)
    (7.6668220745e-22 6.2177843528e+24)
    (8.0139412415e-22 6.1588212371e+24)
    (8.3767764007e-22 6.0983425364e+24)
    (8.7560391014e-22 6.0364064324e+24)
    (9.1524731088e-22 5.9726969021e+24)
    (9.5668558622e-22 5.9081522583e+24)
    (1.0000000000e-21 5.8423164168e+24)
    (1.0452754953e-21 5.7752114829e+24)
    (1.0926008611e-21 5.7068443617e+24)
    (1.1420689063e-21 5.6371093501e+24)
    (1.1937766417e-21 5.5662628085e+24)
    (1.2478254705e-21 5.4941321320e+24)
    (1.3043213867e-21 5.4206776025e+24)
    (1.3633751836e-21 5.3458484943e+24)
    (1.4251026703e-21 5.2695852192e+24)
    (1.4896248996e-21 5.1918221717e+24)
    (1.5570684048e-21 5.1124912756e+24)
    (1.6275654480e-21 5.0315261136e+24)
    (1.7012542799e-21 4.9488664724e+24)
    (1.7782794100e-21 4.8646189131e+24)
    (1.8587918911e-21 4.7786221452e+24)
    (1.9429496147e-21 4.6909356050e+24)
    (2.0309176209e-21 4.6016119983e+24)
    (2.1228684221e-21 4.5107432761e+24)
    (2.2189823415e-21 4.4184637108e+24)
    (2.3194478661e-21 4.3249510460e+24)
    (2.4244620171e-21 4.2304254734e+24)
    (2.5342307358e-21 4.1351464591e+24)
    (2.6489692876e-21 4.0394072835e+24)
    (2.7689026842e-21 3.9435277665e+24)
    (2.8942661247e-21 3.8478456036e+24)
    (3.0253054571e-21 3.7527068402e+24)
    (3.1622776602e-21 3.6584561227e+24)
    (3.3054513476e-21 3.5654273177e+24)
    (3.4551072946e-21 3.4739350273e+24)
    (3.6115389887e-21 3.3842674051e+24)
    (3.7750532053e-21 3.2966805245e+24)
    (3.9459706091e-21 3.2113944119e+24)
    (4.1246263829e-21 3.1285907094e+24)
    (4.3113708854e-21 3.0484118290e+24)
    (4.5065703377e-21 2.9709613847e+24)
    (4.7106075420e-21 2.8963056459e+24)
    (4.9238826317e-21 2.8249836859e+24)
    (5.1468138568e-21 2.7562343870e+24)
    (5.3798384034e-21 2.6903680283e+24)
    (5.6234132519e-21 2.6273533423e+24)
    (5.8780160723e-21 2.5671408089e+24)
    (6.1441461614e-21 2.5096660246e+24)
    (6.4223254222e-21 2.4548527919e+24)
    (6.7130993868e-21 2.4026158697e+24)
    (7.0170382867e-21 2.3528634256e+24)
    (7.3347381708e-21 2.3054991291e+24)
    (7.6668220745e-21 2.2604239166e+24)
    (8.0139412415e-21 2.2175374369e+24)
    (8.3767764007e-21 2.1767391990e+24)
    (8.7560391014e-21 2.1379294455e+24)
    (9.1524731088e-21 2.1010097736e+24)
    (9.5668558622e-21 2.0658835304e+24)
    (1.0000000000e-20 2.0324560037e+24)
    (1.0452754953e-20 2.0006344352e+24)
    (1.0926008611e-20 1.9703278791e+24)
    (1.1420689063e-20 1.9414469280e+24)
    (1.1937766417e-20 1.9140532046e+24)
    (1.2478254705e-20 1.8878925487e+24)
    (1.3043213867e-20 1.8629406008e+24)
    (1.3633751836e-20 1.8391240440e+24)
    (1.4251026703e-20 1.8163717858e+24)
    (1.4896248996e-20 1.7946147611e+24)
    (1.5570684048e-20 1.7737857270e+24)
    (1.6275654480e-20 1.7538190497e+24)
    (1.7012542799e-20 1.7346504798e+24)
    (1.7782794100e-20 1.7162169067e+24)
    (1.8587918911e-20 1.6984560998e+24)
    (1.9429496147e-20 1.6815550150e+24)
    (2.0309176209e-20 1.6650127120e+24)
    (2.1228684221e-20 1.6489840773e+24)
    (2.2189823415e-20 1.6331544114e+24)
    (2.3194478661e-20 1.6180226637e+24)
    (2.4244620171e-20 1.6032466070e+24)
    (2.5342307358e-20 1.5887738730e+24)
    (2.6489692876e-20 1.5745505902e+24)
    (2.7689026842e-20 1.5607500646e+24)
    (2.8942661247e-20 1.5474250767e+24)
    (3.0253054571e-20 1.5338688027e+24)
    (3.1622776602e-20 1.5204356036e+24)
    (3.3054513476e-20 1.5071165496e+24)
    (3.4551072946e-20 1.4938379249e+24)
    (3.6115389887e-20 1.4806001288e+24)
    (3.7750532053e-20 1.4673798203e+24)
    (3.9459706091e-20 1.4541241963e+24)
    (4.1246263829e-20 1.4408726627e+24)
    (4.3113708854e-20 1.4275959328e+24)
    (4.5065703377e-20 1.4142853383e+24)
    (4.7106075420e-20 1.4009358168e+24)
    (4.9238826317e-20 1.3874407206e+24)
    (5.1468138568e-20 1.3740350238e+24)
    (5.3798384034e-20 1.3606048625e+24)
    (5.6234132519e-20 1.3471622058e+24)
    (5.8780160723e-20 1.3328657977e+24)
    (6.1441461614e-20 1.3194876194e+24)
    (6.4223254222e-20 1.3061578824e+24)
    (6.7130993868e-20 1.2928986545e+24)
    (7.0170382867e-20 1.2797320147e+24)
    (7.3347381708e-20 1.2687566717e+24)
    (7.6668220745e-20 1.2557302843e+24)
    (8.0139412415e-20 1.2428604879e+24)
    (8.3767764007e-20 1.2301615599e+24)
    (8.7560391014e-20 1.2176433073e+24)
    (9.1524731088e-20 1.2050949380e+24)
    (9.5668558622e-20 1.1929708191e+24)
    (1.0000000000e-19 1.1810365892e+24)
    (1.0452754953e-19 1.1692857790e+24)
    (1.0926008611e-19 1.1570286032e+24)
    (1.1420689063e-19 1.1456583100e+24)
    (1.1937766417e-19 1.1344415649e+24)
    (1.2478254705e-19 1.1233638959e+24)
    (1.3043213867e-19 1.1124104928e+24)
    (1.3633751836e-19 1.1020191139e+24)
    (1.4251026703e-19 1.0912675496e+24)
    (1.4896248996e-19 1.0806036526e+24)
    (1.5570684048e-19 1.0700181927e+24)
    (1.6275654480e-19 1.0595031482e+24)
    (1.7012542799e-19 1.0486275108e+24)
    (1.7782794100e-19 1.0382911142e+24)
    (1.8587918911e-19 1.0280121205e+24)
    (1.9429496147e-19 1.0177888710e+24)
    (2.0309176209e-19 1.0076204225e+24)
    (2.1228684221e-19 9.9750619335e+23)
    (2.2189823415e-19 9.8744558398e+23)
    (2.3194478661e-19 9.7743755527e+23)
    (2.4244620171e-19 9.6783974099e+23)
    (2.5342307358e-19 9.5797221686e+23)
    (2.6489692876e-19 9.4822188676e+23)
    (2.7689026842e-19 9.3850794665e+23)
    (2.8942661247e-19 9.2887375998e+23)
    (3.0253054571e-19 9.1932255655e+23)
    (3.1622776602e-19 9.0995199663e+23)
    (3.3054513476e-19 9.0058974787e+23)
    (3.4551072946e-19 8.9132130277e+23)
    (3.6115389887e-19 8.8154455069e+23)
    (3.7750532053e-19 8.7250476967e+23)
    (3.9459706091e-19 8.6355754341e+23)
    (4.1246263829e-19 8.5470271889e+23)
    (4.3113708854e-19 8.4593943435e+23)
    (4.5065703377e-19 8.3726603383e+23)
    (4.7106075420e-19 8.2900582787e+23)
    (4.9238826317e-19 8.2050867551e+23)
    (5.1468138568e-19 8.1209800062e+23)
    (5.3798384034e-19 8.0377672583e+23)
    (5.6234132519e-19 7.9549511006e+23)
    (5.8780160723e-19 7.8737902546e+23)
    (6.1441461614e-19 7.7935118616e+23)
    (6.4223254222e-19 7.3791134935e+23)
    (6.7130993868e-19 7.2810897856e+23)
    (7.0170382867e-19 7.1837866131e+23)
    (7.3347381708e-19 7.0869149998e+23)
    (7.6668220745e-19 6.9901214280e+23)
    (8.0139412415e-19 6.8937486275e+23)
    (8.3767764007e-19 6.7988953698e+23)
    (8.7560391014e-19 6.7077455200e+23)
    (9.1524731088e-19 6.6138391260e+23)
    (9.5668558622e-19 6.5207452927e+23)
    (1.0000000000e-18 6.4250663963e+23)
    (1.0452754953e-18 6.3341058866e+23)
    (1.0926008611e-18 6.2440662245e+23)
    (1.1420689063e-18 6.1542319388e+23)
    (1.1937766417e-18 6.0661896358e+23)
    (1.2478254705e-18 5.9792255536e+23)
    (1.3043213867e-18 5.8933666290e+23)
    (1.3633751836e-18 5.8092337296e+23)
    (1.4251026703e-18 5.7256170875e+23)
    (1.4896248996e-18 5.6432437678e+23)
    (1.5570684048e-18 5.5613588270e+23)
    (1.6275654480e-18 5.4816142155e+23)
    (1.7012542799e-18 5.4031774253e+23)
    (1.7782794100e-18 5.3257856580e+23)
    (1.8587918911e-18 5.2495852667e+23)
    (1.9429496147e-18 5.1752196264e+23)
    (2.0309176209e-18 5.1018003755e+23)
    (2.1228684221e-18 5.0292693025e+23)
    (2.2189823415e-18 4.9590763497e+23)
    (2.3194478661e-18 4.8894792620e+23)
    (2.4244620171e-18 4.8216776745e+23)
    (2.5342307358e-18 4.7555054177e+23)
    (2.6489692876e-18 4.6902981203e+23)
    (2.7689026842e-18 4.6249792093e+23)
    (2.8942661247e-18 4.5644637805e+23)
    (3.0253054571e-18 4.5033587098e+23)
    (3.1622776602e-18 4.4408313049e+23)
    (3.3054513476e-18 4.3846727249e+23)
    (3.4551072946e-18 4.3262372868e+23)
    (3.6115389887e-18 4.2718756997e+23)
    (3.7750532053e-18 4.2179904411e+23)
    (3.9459706091e-18 4.1623255005e+23)
    (4.1246263829e-18 4.1125886426e+23)
    (4.3113708854e-18 4.0612001985e+23)
    (4.5065703377e-18 4.0137691645e+23)
    (4.7106075420e-18 3.9665212336e+23)
    (4.9238826317e-18 3.9208257230e+23)
    (5.1468138568e-18 3.8760252273e+23)
    (5.3798384034e-18 3.8335450604e+23)
    (5.6234132519e-18 3.7931312270e+23)
    (5.8780160723e-18 3.7539653927e+23)
    (6.1441461614e-18 3.7157813367e+23)
    (6.4223254222e-18 3.6802219864e+23)
    (6.7130993868e-18 3.6465213491e+23)
    (7.0170382867e-18 3.6149696977e+23)
    (7.3347381708e-18 3.5851637979e+23)
    (7.6668220745e-18 3.5518356203e+23)
    (8.0139412415e-18 3.5279664656e+23)
    (8.3767764007e-18 3.5046373322e+23)
    (8.7560391014e-18 3.4863952303e+23)
    (9.1524731088e-18 3.4612067898e+23)
    (9.5668558622e-18 3.4509117608e+23)
    (1.0000000000e-17 3.4322467364e+23)
);
