// muN vs mean energy [eV]; air_plasma [94c490be646f8872], T_gas = 300.000000 K
(
    (0 1.0283033244e+25)
    (1.3716749438e-01 1.0283033244e+25)
    (1.4076979314e-01 9.8237412378e+24)
    (1.4397604008e-01 9.4330435551e+24)
    (1.4684113805e-01 9.0994120678e+24)
    (1.4941204783e-01 8.8134422210e+24)
    (1.5172864004e-01 8.5674903382e+24)
    (1.5382482203e-01 8.3553354194e+24)
    (1.5572964088e-01 8.1718911403e+24)
    (1.5746824649e-01 8.0129710659e+24)
    (1.5906268561e-01 7.8751014420e+24)
    (1.6040186980e-01 7.8007040901e+24)
    (1.6189539494e-01 7.6513279620e+24)
    (1.6316727128e-01 7.5608636634e+24)
    (1.6436286366e-01 7.4821671745e+24)
    (1.6549578572e-01 7.4136568076e+24)
    (1.6657873020e-01 7.3539390502e+24)
    (1.6762359287e-01 7.3017743611e+24)
    (1.6865359887e-01 7.2568729489e+24)
    (1.6965539117e-01 7.2167487284e+24)
    (1.7065096866e-01 7.1811874070e+24)
    (1.7163702901e-01 7.1524864441e+24)
    (1.7264762429e-01 7.1235475620e+24)
    (1.7367878080e-01 7.0969356280e+24)
    (1.7473849913e-01 7.0720195417e+24)
    (1.7583432821e-01 7.0482237583e+24)
    (1.7697337833e-01 7.0250255263e+24)
    (1.7816233417e-01 7.0019528401e+24)
    (1.7940746844e-01 6.9785828807e+24)
    (1.8071465956e-01 6.9545406600e+24)
    (1.8208941158e-01 6.9294977827e+24)
    (1.8353687952e-01 6.9031711089e+24)
    (1.8506190021e-01 6.8753212348e+24)
    (1.8666902928e-01 6.8457507034e+24)
    (1.8836258474e-01 6.8143018926e+24)
    (1.9014669747e-01 6.7808545547e+24)
    (1.9202536831e-01 6.7453230057e+24)
    (1.9400253175e-01 6.7076529814e+24)
    (1.9608212573e-01 6.6678181932e+24)
    (1.9826816696e-01 6.6258166258e+24)
    (2.0056483136e-01 6.5816666213e+24)
    (2.0297653896e-01 6.5354027942e+24)
    (2.0550804255e-01 6.4870718109e+24)
    (2.0816451961e-01 6.4367280627e+24)
    (2.1095166654e-01 6.3844292451e+24)
    (2.1387579417e-01 6.3302318509e+24)
    (2.1694256551e-01 6.2750791208e+24)
    (2.2014788174e-01 6.2177829039e+24)
    (2.2353446165e-01 6.1588198813e+24)
    (2.2709477487e-01 6.0983412689e+24)
    (2.3084127841e-01 6.0364052485e+24)
    (2.3479833990e-01 5.9726957991e+24)
    (2.3896131204e-01 5.9081512299e+24)
    (2.4336011410e-01 5.8423154587e+24)
    (2.4801612280e-01 5.7752105907e+24)
    (2.5295360836e-01 5.7068435314e+24)
    (2.5819915170e-01 5.6371085786e+24)
    (2.6378576428e-01 5.5662620911e+24)
    (2.6974626976e-01 5.4941314651e+24)
    (2.7611829297e-01 5.4206769825e+24)
    (2.8294269841e-01 5.3458479180e+24)
    (2.9026321198e-01 5.2695846834e+24)
    (2.9812580887e-01 5.1918216734e+24)
    (3.0657783145e-01 5.1124908120e+24)
    (3.1566682518e-01 5.0315256820e+24)
    (3.2543909275e-01 4.9488660704e+24)
    (3.3590887576e-01 4.8646185392e+24)
    (3.4717223366e-01 4.7786217966e+24)
    (3.5923184525e-01 4.6909352797e+24)
    (3.7211014051e-01 4.6016116947e+24)
    (3.8581860584e-01 4.5107429926e+24)
    (4.0035610545e-01 4.4184634460e+24)
    (4.1570760906e-01 4.3249507987e+24)
    (4.3184344429e-01 4.2304252424e+24)
    (4.4871916534e-01 4.1351462435e+24)
    (4.6627608546e-01 4.0394070824e+24)
    (4.8444246122e-01 3.9435275790e+24)
    (5.0313526437e-01 3.8478454290e+24)
    (5.2226243543e-01 3.7527066779e+24)
    (5.4172546688e-01 3.6584559720e+24)
    (5.6142215538e-01 3.5654271778e+24)
    (5.8124935489e-01 3.4739348978e+24)
    (6.0110557847e-01 3.3842672853e+24)
    (6.2089332763e-01 3.2966804139e+24)
    (6.4052105642e-01 3.2113943099e+24)
    (6.5990472218e-01 3.1285906154e+24)
    (6.7896890624e-01 3.0484117426e+24)
    (6.9764751934e-01 2.9709613053e+24)
    (7.1588412933e-01 2.8963055730e+24)
    (7.3358637930e-01 2.8249836190e+24)
    (7.5079958278e-01 2.7562343258e+24)
    (7.6745534914e-01 2.6903679723e+24)
    (7.8353257443e-01 2.6273532910e+24)
    (7.9901752925e-01 2.5671407619e+24)
    (8.1390306874e-01 2.5096659817e+24)
    (8.2818782881e-01 2.4548527525e+24)
    (8.4187543928e-01 2.4026158337e+24)
    (8.5497377065e-01 2.3528633927e+24)
    (8.6749423532e-01 2.3054990990e+24)
    (8.7945114959e-01 2.2604238891e+24)
    (8.9086116369e-01 2.2175374117e+24)
    (9.0174276209e-01 2.1767391760e+24)
    (9.1211583392e-01 2.1379294244e+24)
    (9.2200131124e-01 2.1010097543e+24)
    (9.3142087166e-01 2.0658835127e+24)
    (9.4039670018e-01 2.0324559875e+24)
    (9.4895130466e-01 2.0006344204e+24)
    (9.5710737851e-01 1.9703278655e+24)
    (9.6488770504e-01 1.9414469155e+24)
    (9.7229590480e-01 1.9140531932e+24)
    (9.7938516806e-01 1.8878925382e+24)
    (9.8616493157e-01 1.8629405912e+24)
    (9.9265725541e-01 1.8391240352e+24)
    (9.9888405066e-01 1.8163717778e+24)
    (1.0048670871e+00 1.7946147536e+24)
    (1.0106280072e+00 1.7737857201e+24)
    (1.0161883436e+00 1.7538190435e+24)
    (1.0215695406e+00 1.7346504741e+24)
    (1.0267929771e+00 1.7162169014e+24)
    (1.0318799906e+00 1.6984560950e+24)
    (1.0368231653e+00 1.6815550106e+24)
    (1.0417033545e+00 1.6650127079e+24)
    (1.0465120906e+00 1.6489840736e+24)
    (1.0510868807e+00 1.6331544080e+24)
    (1.0558591909e+00 1.6180226606e+24)
    (1.0606532018e+00 1.6032466041e+24)
    (1.0655074201e+00 1.5887738703e+24)
    (1.0704684874e+00 1.5745505877e+24)
    (1.0751997678e+00 1.5607500624e+24)
    (1.0804337622e+00 1.5474250747e+24)
    (1.0860944541e+00 1.5338688008e+24)
    (1.0921800386e+00 1.5204356018e+24)
    (1.0986620881e+00 1.5071165480e+24)
    (1.1060807530e+00 1.4938379235e+24)
    (1.1144567565e+00 1.4806001275e+24)
    (1.1240549778e+00 1.4673798191e+24)
    (1.1350476813e+00 1.4541241952e+24)
    (1.1481500998e+00 1.4408726617e+24)
    (1.1636258816e+00 1.4275959318e+24)
    (1.1819885903e+00 1.4142853375e+24)
    (1.2038177970e+00 1.4009358160e+24)
    (1.2301634392e+00 1.3874407199e+24)
    (1.2609969547e+00 1.3740350231e+24)
    (1.2973623011e+00 1.3606048620e+24)
    (1.3400043219e+00 1.3471622053e+24)
    (1.3902463434e+00 1.3328657973e+24)
    (1.4476740790e+00 1.3194876190e+24)
    (1.5134371389e+00 1.3061578820e+24)
    (1.5880617832e+00 1.2928986542e+24)
    (1.6719409936e+00 1.2797320144e+24)
    (1.7660607111e+00 1.2687566714e+24)
    (1.8689224012e+00 1.2557302840e+24)
    (1.9811674971e+00 1.2428604877e+24)
    (2.1024762205e+00 1.2301615597e+24)
    (2.2323544682e+00 1.2176433071e+24)
    (2.3723894733e+00 1.2050949379e+24)
    (2.5173051548e+00 1.1929708189e+24)
    (2.6685098830e+00 1.1810365890e+24)
    (2.8251127850e+00 1.1692857789e+24)
    (2.9864403851e+00 1.1570286031e+24)
    (3.1511716909e+00 1.1456583099e+24)
    (3.3187345269e+00 1.1344415648e+24)
    (3.4884072290e+00 1.1233638958e+24)
    (3.6595680233e+00 1.1124104928e+24)
    (3.8329812664e+00 1.1020191139e+24)
    (4.0054036496e+00 1.0912675496e+24)
    (4.1781426577e+00 1.0806036526e+24)
    (4.3510158693e+00 1.0700181926e+24)
    (4.5239369987e+00 1.0595031482e+24)
    (4.6971621124e+00 1.0486275108e+24)
    (4.8701409956e+00 1.0382911142e+24)
    (5.0433978981e+00 1.0280121205e+24)
    (5.2171246269e+00 1.0177888710e+24)
    (5.3915564385e+00 1.0076204225e+24)
    (5.5669629672e+00 9.9750619333e+23)
    (5.7436400437e+00 9.8744558396e+23)
    (5.9219025873e+00 9.7743755526e+23)
    (6.1010979378e+00 9.6783974098e+23)
    (6.2835570480e+00 9.5797221685e+23)
    (6.4679920424e+00 9.4822188675e+23)
    (6.6560078498e+00 9.3850794665e+23)
    (6.8473428105e+00 9.2887375997e+23)
    (7.0423340173e+00 9.1932255654e+23)
    (7.2409465160e+00 9.0995199663e+23)
    (7.4442081971e+00 9.0058974786e+23)
    (7.6521663603e+00 8.9132130277e+23)
    (7.8676105911e+00 8.8154455069e+23)
    (8.0858487204e+00 8.7250476966e+23)
    (8.3098278045e+00 8.6355754340e+23)
    (8.5398932951e+00 8.5470271889e+23)
    (8.7763949131e+00 8.4593943434e+23)
    (9.0196879697e+00 8.3726603382e+23)
    (9.2670974767e+00 8.2900582787e+23)
    (9.5251096886e+00 8.2050867551e+23)
    (9.7910839770e+00 8.1209800062e+23)
    (1.0065371630e+01 8.0377672583e+23)
    (1.0346344593e+01 7.9549511006e+23)
    (1.0638438926e+01 7.8737902546e+23)
    (1.0940187398e+01 7.7935118616e+23)
    (1.1925355136e+01 7.3791134935e+23)
    (1.2308824412e+01 7.2810897856e+23)
    (1.2709276652e+01 7.1837866131e+23)
    (1.3126439691e+01 7.0869149998e+23)
    (1.3561263285e+01 6.9901214280e+23)
    (1.4012493747e+01 6.8937486275e+23)
    (1.4484291915e+01 6.7988953698e+23)
    (1.4973992379e+01 6.7077455200e+23)
    (1.5487666223e+01 6.6138391260e+23)
    (1.6023909695e+01 6.5207452927e+23)
    (1.6583468512e+01 6.4250663963e+23)
    (1.7168941463e+01 6.3341058866e+23)
    (1.7781023452e+01 6.2440662245e+23)
    (1.8422151615e+01 6.1542319388e+23)
    (1.9092649339e+01 6.0661896358e+23)
    (1.9794733945e+01 5.9792255536e+23)
    (2.0530664058e+01 5.8933666290e+23)
    (2.1299508263e+01 5.8092337296e+23)
    (2.2109288431e+01 5.7256170875e+23)
    (2.2959485968e+01 5.6432437678e+23)
    (2.3850104879e+01 5.5613588270e+23)
    (2.4788921536e+01 5.4816142155e+23)
    (2.5776295005e+01 5.4031774253e+23)
    (2.6817698048e+01 5.3257856580e+23)
    (2.7909067436e+01 5.2495852667e+23)
    (2.9061538888e+01 5.1752196264e+23)
    (3.0279874265e+01 5.1018003755e+23)
    (3.1556757395e+01 5.0292693025e+23)
    (3.2908931845e+01 4.9590763497e+23)
    (3.4342348823e+01 4.8894792620e+23)
    (3.5842127009e+01 4.8216776745e+23)
    (3.7437719791e+01 4.7555054176e+23)
    (3.9117090489e+01 4.6902981203e+23)
    (4.0644106575e+01 4.6249792093e+23)
    (4.2796040127e+01 4.5644637805e+23)
    (4.4789131155e+01 4.5033587098e+23)
    (4.6589221150e+01 4.4408313049e+23)
    (4.9179324484e+01 4.3846727249e+23)
    (5.1201199815e+01 4.3262372868e+23)
    (5.4099126670e+01 4.2718756997e+23)
    (5.6778858337e+01 4.2179904411e+23)
    (5.9117854096e+01 4.1623255005e+23)
    (6.2718461942e+01 4.1125886426e+23)
    (6.5410085846e+01 4.0612001985e+23)
    (6.9496742822e+01 4.0137691645e+23)
    (7.3180976752e+01 3.9665212336e+23)
    (7.7182577491e+01 3.9208257230e+23)
    (8.1420085225e+01 3.8760252273e+23)
    (8.6011788405e+01 3.8335450604e+23)
    (9.0867763137e+01 3.7931312270e+23)
    (9.6165388139e+01 3.7539653927e+23)
    (1.0177823578e+02 3.7157813367e+23)
    (1.0792309375e+02 3.6802219864e+23)
    (1.1458604701e+02 3.6465213491e+23)
    (1.2160542734e+02 3.6149696977e+23)
    (1.2939531717e+02 3.5851637979e+23)
    (1.3542361118e+02 3.5518356203e+23)
    (1.4388362195e+02 3.5279664656e+23)
    (1.5371740495e+02 3.5046373322e+23)
    (1.6736124994e+02 3.4863952303e+23)
    (1.7556818514e+02 3.4612067898e+23)
    (1.9180551086e+02 3.4509117608e+23)
    (2.0148427830e+02 3.4322467364e+23)
);
