// nuEffN vs mean energy [eV]; air_plasma [94c490be646f8872], T_gas = 300.000000 K
(
    (0 -3.2085970471e-18)
    (1.3716749438e-01 -3.2085970471e-18)
    (1.4076979314e-01 -3.1832961036e-18)
    (1.4397604008e-01 -3.1601810280e-18)
    (1.4684113805e-01 -3.1395030991e-18)
    (1.4941204783e-01 -3.1213534571e-18)
    (1.5172864004e-01 -3.1057203004e-18)
    (1.5382482203e-01 -3.0925243234e-18)
    (1.5572964088e-01 -3.0816408074e-18)
    (1.5746824649e-01 -3.0729136374e-18)
    (1.5906268561e-01 -3.0661644708e-18)
    (1.6040186980e-01 -3.0628963240e-18)
    (1.6189539494e-01 -3.0578115625e-18)
    (1.6316727128e-01 -3.0557885758e-18)
    (1.6436286366e-01 -3.0549115864e-18)
    (1.6549578572e-01 -3.0549597997e-18)
    (1.6657873020e-01 -3.0557124468e-18)
    (1.6762359287e-01 -3.0569509791e-18)
    (1.6865359887e-01 -3.0581595048e-18)
    (1.6965539117e-01 -3.0597334964e-18)
    (1.7065096866e-01 -3.0611710109e-18)
    (1.7163702901e-01 -3.0625022860e-18)
    (1.7264762429e-01 -3.0630682335e-18)
    (1.7367878080e-01 -3.0629638131e-18)
    (1.7473849913e-01 -3.0620356034e-18)
    (1.7583432821e-01 -3.0601446551e-18)
    (1.7697337833e-01 -3.0571672017e-18)
    (1.7816233417e-01 -3.0529951527e-18)
    (1.7940746844e-01 -3.0475363689e-18)
    (1.8071465956e-01 -3.0407147121e-18)
    (1.8208941158e-01 -3.0324698781e-18)
    (1.8353687952e-01 -3.0227570124e-18)
    (1.8506190021e-01 -3.0115461185e-18)
    (1.8666902928e-01 -2.9988212727e-18)
    (1.8836258474e-01 -2.9845796606e-18)
    (1.9014669747e-01 -2.9688304591e-18)
    (1.9202536831e-01 -2.9515935880e-18)
    (1.9400253175e-01 -2.9328983630e-18)
    (1.9608212573e-01 -2.9127820817e-18)
    (1.9826816696e-01 -2.8912885771e-18)
    (2.0056483136e-01 -2.8684667732e-18)
    (2.0297653896e-01 -2.8443692769e-18)
    (2.0550804255e-01 -2.8190510343e-18)
    (2.0816451961e-01 -2.7925680813e-18)
    (2.1095166654e-01 -2.7649764084e-18)
    (2.1387579417e-01 -2.7363309581e-18)
    (2.1694256551e-01 -2.7065449223e-18)
    (2.2014788174e-01 -2.6758795136e-18)
    (2.2353446165e-01 -2.6443781183e-18)
    (2.2709477487e-01 -2.6120122351e-18)
    (2.3084127841e-01 -2.5788185609e-18)
    (2.3479833990e-01 -2.5444063751e-18)
    (2.3896131204e-01 -2.5096745057e-18)
    (2.4336011410e-01 -2.4741905432e-18)
    (2.4801612280e-01 -2.4379680865e-18)
    (2.5295360836e-01 -2.4010145376e-18)
    (2.5819915170e-01 -2.3631938190e-18)
    (2.6378576428e-01 -2.3247746361e-18)
    (2.6974626976e-01 -2.2856116020e-18)
    (2.7611829297e-01 -2.2456899602e-18)
    (2.8294269841e-01 -2.2049914355e-18)
    (2.9026321198e-01 -2.1634957434e-18)
    (2.9812580887e-01 -2.1211825085e-18)
    (3.0657783145e-01 -2.0780336021e-18)
    (3.1566682518e-01 -2.0340358576e-18)
    (3.2543909275e-01 -1.9891840878e-18)
    (3.3590887576e-01 -1.9434621454e-18)
    (3.4717223366e-01 -1.8969358694e-18)
    (3.5923184525e-01 -1.8496208627e-18)
    (3.7211014051e-01 -1.8015751363e-18)
    (3.8581860584e-01 -1.7528786594e-18)
    (4.0035610545e-01 -1.7036343374e-18)
    (4.1570760906e-01 -1.6539678939e-18)
    (4.3184344429e-01 -1.6040265562e-18)
    (4.4871916534e-01 -1.5539765351e-18)
    (4.6627608546e-01 -1.5039993886e-18)
    (4.8444246122e-01 -1.4542874692e-18)
    (5.0313526437e-01 -1.4050387326e-18)
    (5.2226243543e-01 -1.3564512339e-18)
    (5.4172546688e-01 -1.3087176668e-18)
    (5.6142215538e-01 -1.2620202713e-18)
    (5.8124935489e-01 -1.2165263926e-18)
    (6.0110557847e-01 -1.1723848964e-18)
    (6.2089332763e-01 -1.1297235623e-18)
    (6.4052105642e-01 -1.0886474891e-18)
    (6.5990472218e-01 -1.0492384740e-18)
    (6.7896890624e-01 -1.0115552623e-18)
    (6.9764751934e-01 -9.7563452865e-19)
    (7.1588412933e-01 -9.4149242770e-19)
    (7.3358637930e-01 -9.0913312637e-19)
    (7.5079958278e-01 -8.7853556542e-19)
    (7.6745534914e-01 -8.4966488790e-19)
    (7.8353257443e-01 -8.2247745658e-19)
    (7.9901752925e-01 -7.9692032076e-19)
    (8.1390306874e-01 -7.7293331602e-19)
    (8.2818782881e-01 -7.5045097213e-19)
    (8.4187543928e-01 -7.2940420287e-19)
    (8.5497377065e-01 -7.0972177665e-19)
    (8.6749423532e-01 -6.9133156048e-19)
    (8.7945114959e-01 -6.7416155441e-19)
    (8.9086116369e-01 -6.5814072870e-19)
    (9.0174276209e-01 -6.4319968229e-19)
    (9.1211583392e-01 -6.2927114212e-19)
    (9.2200131124e-01 -6.1629032332e-19)
    (9.3142087166e-01 -6.0419516943e-19)
    (9.4039670018e-01 -5.9292649146e-19)
    (9.4895130466e-01 -5.8242802298e-19)
    (9.5710737851e-01 -5.7264640753e-19)
    (9.6488770504e-01 -5.6353113077e-19)
    (9.7229590480e-01 -5.5501524533e-19)
    (9.7938516806e-01 -5.4710341201e-19)
    (9.8616493157e-01 -5.3972459590e-19)
    (9.9265725541e-01 -5.3283920034e-19)
    (9.9888405066e-01 -5.2640990690e-19)
    (1.0048670871e+00 -5.2040152314e-19)
    (1.0106280072e+00 -5.1478083327e-19)
    (1.0161883436e+00 -5.0951645421e-19)
    (1.0215695406e+00 -5.0457869854e-19)
    (1.0267929771e+00 -4.9993944304e-19)
    (1.0318799906e+00 -4.9557200787e-19)
    (1.0368231653e+00 -4.9146388304e-19)
    (1.0417033545e+00 -4.8756424929e-19)
    (1.0465120906e+00 -4.8386404633e-19)
    (1.0510868807e+00 -4.8033802551e-19)
    (1.0558591909e+00 -4.7702274706e-19)
    (1.0606532018e+00 -4.7387767325e-19)
    (1.0655074201e+00 -4.7090548692e-19)
    (1.0704684874e+00 -4.6812102679e-19)
    (1.0751997678e+00 -4.6628521661e-19)
    (1.0804337622e+00 -4.6427263118e-19)
    (1.0860944541e+00 -4.6294736465e-19)
    (1.0921800386e+00 -4.6241596572e-19)
    (1.0986620881e+00 -4.6319954817e-19)
    (1.1060807530e+00 -4.6532467676e-19)
    (1.1144567565e+00 -4.6951295426e-19)
    (1.1240549778e+00 -4.7645092696e-19)
    (1.1350476813e+00 -4.8728281143e-19)
    (1.1481500998e+00 -5.0249884231e-19)
    (1.1636258816e+00 -5.2357298302e-19)
    (1.1819885903e+00 -5.5191670493e-19)
    (1.2038177970e+00 -5.8911636766e-19)
    (1.2301634392e+00 -6.3843687036e-19)
    (1.2609969547e+00 -6.9868897640e-19)
    (1.2973623011e+00 -7.7302716451e-19)
    (1.3400043219e+00 -8.6308033382e-19)
    (1.3902463434e+00 -9.7119282923e-19)
    (1.4476740790e+00 -1.0954699476e-18)
    (1.5134371389e+00 -1.2371466448e-18)
    (1.5880617832e+00 -1.3950393071e-18)
    (1.6719409936e+00 -1.5665554982e-18)
    (1.7660607111e+00 -1.7477729511e-18)
    (1.8689224012e+00 -1.9289096166e-18)
    (1.9811674971e+00 -2.1020342478e-18)
    (2.1024762205e+00 -2.2540826250e-18)
    (2.2323544682e+00 -2.3680885252e-18)
    (2.3723894733e+00 -2.4242950531e-18)
    (2.5173051548e+00 -2.3890496880e-18)
    (2.6685098830e+00 -2.2325754504e-18)
    (2.8251127850e+00 -1.9141139427e-18)
    (2.9864403851e+00 -1.3840316405e-18)
    (3.1511716909e+00 -5.8265320429e-19)
    (3.3187345269e+00 5.5905162062e-19)
    (3.4884072290e+00 2.1234176590e-18)
    (3.6595680233e+00 4.2068546561e-18)
    (3.8329812664e+00 6.9240669236e-18)
    (4.0054036496e+00 1.0401294011e-17)
    (4.1781426577e+00 1.4790935559e-17)
    (4.3510158693e+00 2.0265346944e-17)
    (4.5239369987e+00 2.7020911812e-17)
    (4.6971621124e+00 3.5296010850e-17)
    (4.8701409956e+00 4.5313205117e-17)
    (5.0433978981e+00 5.7368414077e-17)
    (5.2171246269e+00 7.1776296086e-17)
    (5.3915564385e+00 8.8885776975e-17)
    (5.5669629672e+00 1.0908160722e-16)
    (5.7436400437e+00 1.3278544878e-16)
    (5.9219025873e+00 1.6045668160e-16)
    (6.1010979378e+00 1.9253985313e-16)
    (6.2835570480e+00 2.2970345258e-16)
    (6.4679920424e+00 2.7242507459e-16)
    (6.6560078498e+00 3.2138845727e-16)
    (6.8473428105e+00 3.7727170827e-16)
    (7.0423340173e+00 4.4076394698e-16)
    (7.2409465160e+00 5.1256460146e-16)
    (7.4442081971e+00 5.9348681570e-16)
    (7.6521663603e+00 6.8438725365e-16)
    (7.8676105911e+00 7.8713479098e-16)
    (8.0858487204e+00 9.0073046332e-16)
    (8.3098278045e+00 1.0270268235e-15)
    (8.5398932951e+00 1.1670068806e-15)
    (8.7763949131e+00 1.3216897749e-15)
    (9.0196879697e+00 1.4921297797e-15)
    (9.2670974767e+00 1.6779772130e-15)
    (9.5251096886e+00 1.8831017596e-15)
    (9.7910839770e+00 2.1074640796e-15)
    (1.0065371630e+01 2.3521646871e-15)
    (1.0346344593e+01 2.6174800695e-15)
    (1.0638438926e+01 2.9063058990e-15)
    (1.0940187398e+01 3.2193563397e-15)
    (1.1925355136e+01 4.2668079524e-15)
    (1.2308824412e+01 4.7343215347e-15)
    (1.2709276652e+01 5.2412506104e-15)
    (1.3126439691e+01 5.7900471940e-15)
    (1.3561263285e+01 6.3830627916e-15)
    (1.4012493747e+01 7.0203838193e-15)
    (1.4484291915e+01 7.7065192552e-15)
    (1.4973992379e+01 8.4428634257e-15)
    (1.5487666223e+01 9.2321501069e-15)
    (1.6023909695e+01 1.0076445507e-14)
    (1.6583468512e+01 1.0978650611e-14)
    (1.7168941463e+01 1.1940127851e-14)
    (1.7781023452e+01 1.2963447278e-14)
    (1.8422151615e+01 1.4053151092e-14)
    (1.9092649339e+01 1.5207552515e-14)
    (1.9794733945e+01 1.6430434014e-14)
    (2.0530664058e+01 1.7724428147e-14)
    (2.1299508263e+01 1.9088940261e-14)
    (2.2109288431e+01 2.0530755435e-14)
    (2.2959485968e+01 2.2049544713e-14)
    (2.3850104879e+01 2.3643799768e-14)
    (2.4788921536e+01 2.5321463265e-14)
    (2.5776295005e+01 2.7080941054e-14)
    (2.6817698048e+01 2.8926198598e-14)
    (2.7909067436e+01 3.0848561765e-14)
    (2.9061538888e+01 3.2860126414e-14)
    (3.0279874265e+01 3.4960903231e-14)
    (3.1556757395e+01 3.7136164387e-14)
    (3.2908931845e+01 3.9405740417e-14)
    (3.4342348823e+01 4.1766307316e-14)
    (3.5842127009e+01 4.4195330500e-14)
    (3.7437719791e+01 4.6722555678e-14)
    (3.9117090489e+01 4.9318201395e-14)
    (4.0644106575e+01 5.1738492836e-14)
    (4.2796040127e+01 5.4788412100e-14)
    (4.4789131155e+01 5.7624019848e-14)
    (4.6589221150e+01 6.0254763973e-14)
    (4.9179324484e+01 6.3566082606e-14)
    (5.1201199815e+01 6.6338068095e-14)
    (5.4099126670e+01 6.9761810992e-14)
    (5.6778858337e+01 7.2930862620e-14)
    (5.9117854096e+01 7.5801034188e-14)
    (6.2718461942e+01 7.9511858850e-14)
    (6.5410085846e+01 8.2526531870e-14)
    (6.9496742822e+01 8.6318725189e-14)
    (7.3180976752e+01 8.9732974877e-14)
    (7.7182577491e+01 9.3238182746e-14)
    (8.1420085225e+01 9.6734798658e-14)
    (8.6011788405e+01 1.0029314031e-13)
    (9.0867763137e+01 1.0380679042e-13)
    (9.6165388139e+01 1.0739309553e-13)
    (1.0177823578e+02 1.1092197445e-13)
    (1.0792309375e+02 1.1450717627e-13)
    (1.1458604701e+02 1.1808049919e-13)
    (1.2160542734e+02 1.2155875811e-13)
    (1.2939531717e+02 1.2508282684e-13)
    (1.3542361118e+02 1.2795019005e-13)
    (1.4388362195e+02 1.3120458503e-13)
    (1.5371740495e+02 1.3464067425e-13)
    (1.6736124994e+02 1.3858946661e-13)
    (1.7556818514e+02 1.4120098060e-13)
    (1.9180551086e+02 1.4493364253e-13)
    (2.0148427830e+02 1.4735364826e-13)
);
