// nuEffN vs reducedE [V m^2]; air_plasma [94c490be646f8872], T_gas = 300.000000 K
(
    (0 -3.2085970471e-18)
    (1.0000000000e-22 -3.2085970471e-18)
    (1.0452754953e-22 -3.1832961036e-18)
    (1.0926008611e-22 -3.1601810280e-18)
    (1.1420689063e-22 -3.1395030991e-18)
    (1.1937766417e-22 -3.1213534571e-18)
    (1.2478254705e-22 -3.1057203004e-18)
    (1.3043213867e-22 -3.0925243234e-18)
    (1.3633751836e-22 -3.0816408074e-18)
    (1.4251026703e-22 -3.0729136374e-18)
    (1.4896248996e-22 -3.0661644708e-18)
    (1.5570684048e-22 -3.0628963240e-18)
    (1.6275654480e-22 -3.0578115625e-18)
    (1.7012542799e-22 -3.0557885758e-18)
    (1.7782794100e-22 -3.0549115864e-18)
    (1.8587918911e-22 -3.0549597997e-18)
    (1.9429496147e-22 -3.0557124468e-18)
    (2.0309176209e-22 -3.0569509791e-18)
    (2.1228684221e-22 -3.0581595048e-18)
    (2.2189823415e-22 -3.0597334964e-18)
    (2.3194478661e-22 -3.0611710109e-18)
    (2.4244620171e-22 -3.0625022860e-18)
    (2.5342307358e-22 -3.0630682335e-18)
    (2.6489692876e-22 -3.0629638131e-18)
    (2.7689026842e-22 -3.0620356034e-18)
    (2.8942661247e-22 -3.0601446551e-18)
    (3.0253054571e-22 -3.0571672017e-18)
    (3.1622776602e-22 -3.0529951527e-18)
    (3.3054513476e-22 -3.0475363689e-18)
    (3.4551072946e-22 -3.0407147121e-18)
    (3.6115389887e-22 -3.0324698781e-18)
    (3.7750532053e-22 -3.0227570124e-18)
    (3.9459706091e-22 -3.0115461185e-18)
    (4.1246263829e-22 -2.9988212727e-18)
    (4.3113708854e-22 -2.9845796606e-18)
    (4.5065703377e-22 -2.9688304591e-18)
    (4.7106075420e-22 -2.9515935880e-18)
    (4.9238826317e-22 -2.9328983630e-18)
    (5.1468138568e-22 -2.9127820817e-18)
    (5.3798384034e-22 -2.8912885771e-18)
    (5.6234132519e-22 -2.8684667732e-18)
    (5.8780160723e-22 -2.8443692769e-18)
    (6.1441461614e-22 -2.8190510343e-18)
    (6.4223254222e-22 -2.7925680813e-18)
    (6.7130993868e-22 -2.7649764084e-18)
    (7.0170382867e-22 -2.7363309581e-18)
    (7.3347381708e-22 -2.7065449223e-18)
    (7.6668220745e-22 -2.6758795136e-18)
    (8.0139412415e-22 -2.6443781183e-18)
    (8.3767764007e-22 -2.6120122351e-18)
    (8.7560391014e-22 -2.5788185609e-18)
    (9.1524731088e-22 -2.5444063751e-18)
    (9.5668558622e-22 -2.5096745057e-18)
    (1.0000000000e-21 -2.4741905432e-18)
    (1.0452754953e-21 -2.4379680865e-18)
    (1.0926008611e-21 -2.4010145376e-18)
    (1.1420689063e-21 -2.3631938190e-18)
    (1.1937766417e-21 -2.3247746361e-18)
    (1.2478254705e-21 -2.2856116020e-18)
    (1.3043213867e-21 -2.2456899602e-18)
    (1.3633751836e-21 -2.2049914355e-18)
    (1.4251026703e-21 -2.1634957434e-18)
    (1.4896248996e-21 -2.1211825085e-18)
    (1.5570684048e-21 -2.0780336021e-18)
    (1.6275654480e-21 -2.0340358576e-18)
    (1.7012542799e-21 -1.9891840878e-18)
    (1.7782794100e-21 -1.9434621454e-18)
    (1.8587918911e-21 -1.8969358694e-18)
    (1.9429496147e-21 -1.8496208627e-18)
    (2.0309176209e-21 -1.8015751363e-18)
    (2.1228684221e-21 -1.7528786594e-18)
    (2.2189823415e-21 -1.7036343374e-18)
    (2.3194478661e-21 -1.6539678939e-18)
    (2.4244620171e-21 -1.6040265562e-18)
    (2.5342307358e-21 -1.5539765351e-18)
    (2.6489692876e-21 -1.5039993886e-18)
    (2.7689026842e-21 -1.4542874692e-18)
    (2.8942661247e-21 -1.4050387326e-18)
    (3.0253054571e-21 -1.3564512339e-18)
    (3.1622776602e-21 -1.3087176668e-18)
    (3.3054513476e-21 -1.2620202713e-18)
    (3.4551072946e-21 -1.2165263926e-18)
    (3.6115389887e-21 -1.1723848964e-18)
    (3.7750532053e-21 -1.1297235623e-18)
    (3.9459706091e-21 -1.0886474891e-18)
    (4.1246263829e-21 -1.0492384740e-18)
    (4.3113708854e-21 -1.0115552623e-18)
    (4.5065703377e-21 -9.7563452865e-19)
    (4.7106075420e-21 -9.4149242770e-19)
    (4.9238826317e-21 -9.0913312637e-19)
    (5.1468138568e-21 -8.7853556542e-19)
    (5.3798384034e-21 -8.4966488790e-19)
    (5.6234132519e-21 -8.2247745658e-19)
    (5.8780160723e-21 -7.9692032076e-19)
    (6.1441461614e-21 -7.7293331602e-19)
    (6.4223254222e-21 -7.5045097213e-19)
    (6.7130993868e-21 -7.2940420287e-19)
    (7.0170382867e-21 -7.0972177665e-19)
    (7.3347381708e-21 -6.9133156048e-19)
    (7.6668220745e-21 -6.7416155441e-19)
    (8.0139412415e-21 -6.5814072870e-19)
    (8.3767764007e-21 -6.4319968229e-19)
    (8.7560391014e-21 -6.2927114212e-19)
    (9.1524731088e-21 -6.1629032332e-19)
    (9.5668558622e-21 -6.0419516943e-19)
    (1.0000000000e-20 -5.9292649146e-19)
    (1.0452754953e-20 -5.8242802298e-19)
    (1.0926008611e-20 -5.7264640753e-19)
    (1.1420689063e-20 -5.6353113077e-19)
    (1.1937766417e-20 -5.5501524533e-19)
    (1.2478254705e-20 -5.4710341201e-19)
    (1.3043213867e-20 -5.3972459590e-19)
    (1.3633751836e-20 -5.3283920034e-19)
    (1.4251026703e-20 -5.2640990690e-19)
    (1.4896248996e-20 -5.2040152314e-19)
    (1.5570684048e-20 -5.1478083327e-19)
    (1.6275654480e-20 -5.0951645421e-19)
    (1.7012542799e-20 -5.0457869854e-19)
    (1.7782794100e-20 -4.9993944304e-19)
    (1.8587918911e-20 -4.9557200787e-19)
    (1.9429496147e-20 -4.9146388304e-19)
    (2.0309176209e-20 -4.8756424929e-19)
    (2.1228684221e-20 -4.8386404633e-19)
    (2.2189823415e-20 -4.8033802551e-19)
    (2.3194478661e-20 -4.7702274706e-19)
    (2.4244620171e-20 -4.7387767325e-19)
    (2.5342307358e-20 -4.7090548692e-19)
    (2.6489692876e-20 -4.6812102679e-19)
    (2.7689026842e-20 -4.6628521661e-19)
    (2.8942661247e-20 -4.6427263118e-19)
    (3.0253054571e-20 -4.6294736465e-19)
    (3.1622776602e-20 -4.6241596572e-19)
    (3.3054513476e-20 -4.6319954817e-19)
    (3.4551072946e-20 -4.6532467676e-19)
    (3.6115389887e-20 -4.6951295426e-19)
    (3.7750532053e-20 -4.7645092696e-19)
    (3.9459706091e-20 -4.8728281143e-19)
    (4.1246263829e-20 -5.0249884231e-19)
    (4.3113708854e-20 -5.2357298302e-19)
    (4.5065703377e-20 -5.5191670493e-19)
    (4.7106075420e-20 -5.8911636766e-19)
    (4.9238826317e-20 -6.3843687036e-19)
    (5.1468138568e-20 -6.9868897640e-19)
    (5.3798384034e-20 -7.7302716451e-19)
    (5.6234132519e-20 -8.6308033382e-19)
    (5.8780160723e-20 -9.7119282923e-19)
    (6.1441461614e-20 -1.0954699476e-18)
    (6.4223254222e-20 -1.2371466448e-18)
    (6.7130993868e-20 -1.3950393071e-18)
    (7.0170382867e-20 -1.5665554982e-18)
    (7.3347381708e-20 -1.7477729511e-18)
    (7.6668220745e-20 -1.9289096166e-18)
    (8.0139412415e-20 -2.1020342478e-18)
    (8.3767764007e-20 -2.2540826250e-18)
    (8.7560391014e-20 -2.3680885252e-18)
    (9.1524731088e-20 -2.4242950531e-18)
    (9.5668558622e-20 -2.3890496880e-18)
    (1.0000000000e-19 -2.2325754504e-18)
    (1.0452754953e-19 -1.9141139427e-18)
    (1.0926008611e-19 -1.3840316405e-18)
    (1.1420689063e-19 -5.8265320429e-19)
    (1.1937766417e-19 5.5905162062e-19)
    (1.2478254705e-19 2.1234176590e-18)
    (1.3043213867e-19 4.2068546561e-18)
    (1.3633751836e-19 6.9240669236e-18)
    (1.4251026703e-19 1.0401294011e-17)
    (1.4896248996e-19 1.4790935559e-17)
    (1.5570684048e-19 2.0265346944e-17)
    (1.6275654480e-19 2.7020911812e-17)
    (1.7012542799e-19 3.5296010850e-17)
    (1.7782794100e-19 4.5313205117e-17)
    (1.8587918911e-19 5.7368414077e-17)
    (1.9429496147e-19 7.1776296086e-17)
    (2.0309176209e-19 8.8885776975e-17)
    (2.1228684221e-19 1.0908160722e-16)
    (2.2189823415e-19 1.3278544878e-16)
    (2.3194478661e-19 1.6045668160e-16)
    (2.4244620171e-19 1.9253985313e-16)
    (2.5342307358e-19 2.2970345258e-16)
    (2.6489692876e-19 2.7242507459e-16)
    (2.7689026842e-19 3.2138845727e-16)
    (2.8942661247e-19 3.7727170827e-16)
    (3.0253054571e-19 4.4076394698e-16)
    (3.1622776602e-19 5.1256460146e-16)
    (3.3054513476e-19 5.9348681570e-16)
    (3.4551072946e-19 6.8438725365e-16)
    (3.6115389887e-19 7.8713479098e-16)
    (3.7750532053e-19 9.0073046332e-16)
    (3.9459706091e-19 1.0270268235e-15)
    (4.1246263829e-19 1.1670068806e-15)
    (4.3113708854e-19 1.3216897749e-15)
    (4.5065703377e-19 1.4921297797e-15)
    (4.7106075420e-19 1.6779772130e-15)
    (4.9238826317e-19 1.8831017596e-15)
    (5.1468138568e-19 2.1074640796e-15)
    (5.3798384034e-19 2.3521646871e-15)
    (5.6234132519e-19 2.6174800695e-15)
    (5.8780160723e-19 2.9063058990e-15)
    (6.1441461614e-19 3.2193563397e-15)
    (6.4223254222e-19 4.2668079524e-15)
    (6.7130993868e-19 4.7343215347e-15)
    (7.0170382867e-19 5.2412506104e-15)
    (7.3347381708e-19 5.7900471940e-15)
    (7.6668220745e-19 6.3830627916e-15)
    (8.0139412415e-19 7.0203838193e-15)
    (8.3767764007e-19 7.7065192552e-15)
    (8.7560391014e-19 8.4428634257e-15)
    (9.1524731088e-19 9.2321501069e-15)
    (9.5668558622e-19 1.0076445507e-14)
    (1.0000000000e-18 1.0978650611e-14)
    (1.0452754953e-18 1.1940127851e-14)
    (1.0926008611e-18 1.2963447278e-14)
    (1.1420689063e-18 1.4053151092e-14)
    (1.1937766417e-18 1.5207552515e-14)
    (1.2478254705e-18 1.6430434014e-14)
    (1.3043213867e-18 1.7724428147e-14)
    (1.3633751836e-18 1.9088940261e-14)
    (1.4251026703e-18 2.0530755435e-14)
    (1.4896248996e-18 2.2049544713e-14)
    (1.5570684048e-18 2.3643799768e-14)
    (1.6275654480e-18 2.5321463265e-14)
    (1.7012542799e-18 2.7080941054e-14)
    (1.7782794100e-18 2.8926198598e-14)
    (1.8587918911e-18 3.0848561765e-14)
    (1.9429496147e-18 3.2860126414e-14)
    (2.0309176209e-18 3.4960903231e-14)
    (2.1228684221e-18 3.7136164387e-14)
    (2.2189823415e-18 3.9405740417e-14)
    (2.3194478661e-18 4.1766307316e-14)
    (2.4244620171e-18 4.4195330500e-14)
    (2.5342307358e-18 4.6722555678e-14)
    (2.6489692876e-18 4.9318201395e-14)
    (2.7689026842e-18 5.1738492836e-14)
    (2.8942661247e-18 5.4788412100e-14)
    (3.0253054571e-18 5.7624019848e-14)
    (3.1622776602e-18 6.0254763973e-14)
    (3.3054513476e-18 6.3566082606e-14)
    (3.4551072946e-18 6.6338068095e-14)
    (3.6115389887e-18 6.9761810992e-14)
    (3.7750532053e-18 7.2930862620e-14)
    (3.9459706091e-18 7.5801034188e-14)
    (4.1246263829e-18 7.9511858850e-14)
    (4.3113708854e-18 8.2526531870e-14)
    (4.5065703377e-18 8.6318725189e-14)
    (4.7106075420e-18 8.9732974877e-14)
    (4.9238826317e-18 9.3238182746e-14)
    (5.1468138568e-18 9.6734798658e-14)
    (5.3798384034e-18 1.0029314031e-13)
    (5.6234132519e-18 1.0380679042e-13)
    (5.8780160723e-18 1.0739309553e-13)
    (6.1441461614e-18 1.1092197445e-13)
    (6.4223254222e-18 1.1450717627e-13)
    (6.7130993868e-18 1.1808049919e-13)
    (7.0170382867e-18 1.2155875811e-13)
    (7.3347381708e-18 1.2508282684e-13)
    (7.6668220745e-18 1.2795019005e-13)
    (8.0139412415e-18 1.3120458503e-13)
    (8.3767764007e-18 1.3464067425e-13)
    (8.7560391014e-18 1.3858946661e-13)
    (9.1524731088e-18 1.4120098060e-13)
    (9.5668558622e-18 1.4493364253e-13)
    (1.0000000000e-17 1.4735364826e-13)
);
