// PelasticN vs reducedE [V m^2]; air_plasma [94c490be646f8872], T_gas = 300.000000 K
(
    (0 5.6647706749e-20)
    (1.0000000000e-22 5.6647706749e-20)
    (1.0452754953e-22 5.9408796404e-20)
    (1.0926008611e-22 6.1934191227e-20)
    (1.1420689063e-22 6.4253811357e-20)
    (1.1937766417e-22 6.6394049892e-20)
    (1.2478254705e-22 6.8377979368e-20)
    (1.3043213867e-22 7.0225827851e-20)
    (1.3633751836e-22 7.1955505284e-20)
    (1.4251026703e-22 7.3583083230e-20)
    (1.4896248996e-22 7.5123194964e-20)
    (1.5570684048e-22 7.6614076273e-20)
    (1.6275654480e-22 7.7994184097e-20)
    (1.7012542799e-22 7.9349622708e-20)
    (1.7782794100e-22 8.0667028318e-20)
    (1.8587918911e-22 8.1957287402e-20)
    (1.9429496147e-22 8.3230880640e-20)
    (2.0309176209e-22 8.4497933175e-20)
    (2.1228684221e-22 8.5788292893e-20)
    (2.2189823415e-22 8.7069199773e-20)
    (2.3194478661e-22 8.8372013256e-20)
    (2.4244620171e-22 8.9714777151e-20)
    (2.5342307358e-22 9.1084531067e-20)
    (2.6489692876e-22 9.2501767593e-20)
    (2.7689026842e-22 9.3974703051e-20)
    (2.8942661247e-22 9.5511361320e-20)
    (3.0253054571e-22 9.7119591742e-20)
    (3.1622776602e-22 9.8807089775e-20)
    (3.3054513476e-22 1.0058141861e-19)
    (3.4551072946e-22 1.0245003957e-19)
    (3.6115389887e-22 1.0442034318e-19)
    (3.7750532053e-22 1.0649968891e-19)
    (3.9459706091e-22 1.0869545191e-19)
    (4.1246263829e-22 1.1101507827e-19)
    (4.3113708854e-22 1.1346614967e-19)
    (4.5065703377e-22 1.1605645842e-19)
    (4.7106075420e-22 1.1879409374e-19)
    (4.9238826317e-22 1.2168754031e-19)
    (5.1468138568e-22 1.2474578987e-19)
    (5.3798384034e-22 1.2797846716e-19)
    (5.6234132519e-22 1.3139597140e-19)
    (5.8780160723e-22 1.3500963473e-19)
    (6.1441461614e-22 1.3883189901e-19)
    (6.4223254222e-22 1.4287651228e-19)
    (6.7130993868e-22 1.4715874572e-19)
    (7.0170382867e-22 1.5169563072e-19)
    (7.3347381708e-22 1.5649611757e-19)
    (7.6668220745e-22 1.6158066958e-19)
    (8.0139412415e-22 1.6700705978e-19)
    (8.3767764007e-22 1.7278341701e-19)
    (8.7560391014e-22 1.7894276114e-19)
    (9.1524731088e-22 1.8554069293e-19)
    (9.5668558622e-22 1.9258158169e-19)
    (1.0000000000e-21 2.0013686642e-19)
    (1.0452754953e-21 2.0826443848e-19)
    (1.0926008611e-21 2.1703081641e-19)
    (1.1420689063e-21 2.2652226166e-19)
    (1.1937766417e-21 2.3680254638e-19)
    (1.2478254705e-21 2.4798096155e-19)
    (1.3043213867e-21 2.6016684053e-19)
    (1.3633751836e-21 2.7348143426e-19)
    (1.4251026703e-21 2.8805760660e-19)
    (1.4896248996e-21 3.0403894568e-19)
    (1.5570684048e-21 3.2157815855e-19)
    (1.6275654480e-21 3.4083467554e-19)
    (1.7012542799e-21 3.6197140981e-19)
    (1.7782794100e-21 3.8508399755e-19)
    (1.8587918911e-21 4.1044701066e-19)
    (1.9429496147e-21 4.3814718378e-19)
    (2.0309176209e-21 4.6831001082e-19)
    (2.1228684221e-21 5.0103710477e-19)
    (2.2189823415e-21 5.3640037596e-19)
    (2.3194478661e-21 5.7443693355e-19)
    (2.4244620171e-21 6.1514508786e-19)
    (2.5342307358e-21 6.5848178054e-19)
    (2.6489692876e-21 7.0436173648e-19)
    (2.7689026842e-21 7.5265840361e-19)
    (2.8942661247e-21 8.0320665670e-19)
    (3.0253054571e-21 8.5580711423e-19)
    (3.1622776602e-21 9.1023175379e-19)
    (3.3054513476e-21 9.6623046572e-19)
    (3.4551072946e-21 1.0235381209e-18)
    (3.6115389887e-21 1.0818817330e-18)
    (3.7750532053e-21 1.1409873519e-18)
    (3.9459706091e-21 1.2005863651e-18)
    (4.1246263829e-21 1.2604209993e-18)
    (4.3113708854e-21 1.3202488836e-18)
    (4.5065703377e-21 1.3798466257e-18)
    (4.7106075420e-21 1.4390124188e-18)
    (4.9238826317e-21 1.4973163337e-18)
    (5.1468138568e-21 1.5550275561e-18)
    (5.3798384034e-21 1.6118166393e-18)
    (5.6234132519e-21 1.6675694481e-18)
    (5.8780160723e-21 1.7221934390e-18)
    (6.1441461614e-21 1.7756164048e-18)
    (6.4223254222e-21 1.8277850376e-18)
    (6.7130993868e-21 1.8786633869e-18)
    (7.0170382867e-21 1.9282312680e-18)
    (7.3347381708e-21 1.9764827047e-18)
    (7.6668220745e-21 2.0234244415e-18)
    (8.0139412415e-21 2.0690745626e-18)
    (8.3767764007e-21 2.1134612452e-18)
    (8.7560391014e-21 2.1566216628e-18)
    (9.1524731088e-21 2.1986010494e-18)
    (9.5668558622e-21 2.2394519270e-18)
    (1.0000000000e-20 2.2792334943e-18)
    (1.0452754953e-20 2.3180111691e-18)
    (1.0926008611e-20 2.3558562700e-18)
    (1.1420689063e-20 2.3928458275e-18)
    (1.1937766417e-20 2.4289378836e-18)
    (1.2478254705e-20 2.4644105952e-18)
    (1.3043213867e-20 2.4992734724e-18)
    (1.3633751836e-20 2.5336205535e-18)
    (1.4251026703e-20 2.5675507312e-18)
    (1.4896248996e-20 2.6011678546e-18)
    (1.5570684048e-20 2.6345808642e-18)
    (1.6275654480e-20 2.6679039610e-18)
    (1.7012542799e-20 2.7012568037e-18)
    (1.7782794100e-20 2.7347647422e-18)
    (1.8587918911e-20 2.7685590724e-18)
    (1.9429496147e-20 2.8025247986e-18)
    (2.0309176209e-20 2.8373131933e-18)
    (2.1228684221e-20 2.8728252840e-18)
    (2.2189823415e-20 2.9086699729e-18)
    (2.3194478661e-20 2.9463625147e-18)
    (2.4244620171e-20 2.9854449216e-18)
    (2.5342307358e-20 3.0261991867e-18)
    (2.6489692876e-20 3.0689633285e-18)
    (2.7689026842e-20 3.1128702900e-18)
    (2.8942661247e-20 3.1596474100e-18)
    (3.0253054571e-20 3.2112769553e-18)
    (3.1622776602e-20 3.2671870375e-18)
    (3.3054513476e-20 3.3281996239e-18)
    (3.4551072946e-20 3.3959112781e-18)
    (3.6115389887e-20 3.4714861313e-18)
    (3.7750532053e-20 3.5566669750e-18)
    (3.9459706091e-20 3.6529452247e-18)
    (4.1246263829e-20 3.7642366306e-18)
    (4.3113708854e-20 3.8925848990e-18)
    (4.5065703377e-20 4.0412810496e-18)
    (4.7106075420e-20 4.2140270086e-18)
    (4.9238826317e-20 4.4192897750e-18)
    (5.1468138568e-20 4.6533660969e-18)
    (5.3798384034e-20 4.9246527623e-18)
    (5.6234132519e-20 5.2379115392e-18)
    (5.8780160723e-20 5.6024566458e-18)
    (6.1441461614e-20 6.0140460769e-18)
    (6.4223254222e-20 6.4809800913e-18)
    (6.7130993868e-20 7.0068035944e-18)
    (7.0170382867e-20 7.5942904657e-18)
    (7.3347381708e-20 8.2460267581e-18)
    (7.6668220745e-20 8.9609225302e-18)
    (8.0139412415e-20 9.7397122476e-18)
    (8.3767764007e-20 1.0581036445e-17)
    (8.7560391014e-20 1.1482529625e-17)
    (9.1524731088e-20 1.2458273195e-17)
    (9.5668558622e-20 1.3469615368e-17)
    (1.0000000000e-19 1.4529494743e-17)
    (1.0452754953e-19 1.5633339623e-17)
    (1.0926008611e-19 1.6784997186e-17)
    (1.1420689063e-19 1.7963323977e-17)
    (1.1937766417e-19 1.9172796823e-17)
    (1.2478254705e-19 2.0410043258e-17)
    (1.3043213867e-19 2.1672333893e-17)
    (1.3633751836e-19 2.2958009439e-17)
    (1.4251026703e-19 2.4263130055e-17)
    (1.4896248996e-19 2.5589570921e-17)
    (1.5570684048e-19 2.6937403425e-17)
    (1.6275654480e-19 2.8307310101e-17)
    (1.7012542799e-19 2.9705475014e-17)
    (1.7782794100e-19 3.1122874395e-17)
    (1.8587918911e-19 3.2567562328e-17)
    (1.9429496147e-19 3.4042015022e-17)
    (2.0309176209e-19 3.5548991922e-17)
    (2.1228684221e-19 3.7091478454e-17)
    (2.2189823415e-19 3.8672633474e-17)
    (2.3194478661e-19 4.0295743544e-17)
    (2.4244620171e-19 4.1957104367e-17)
    (2.5342307358e-19 4.3675075913e-17)
    (2.6489692876e-19 4.5441824533e-17)
    (2.7689026842e-19 4.7268873946e-17)
    (2.8942661247e-19 4.9156166405e-17)
    (3.0253054571e-19 5.1107325584e-17)
    (3.1622776602e-19 5.3120060693e-17)
    (3.3054513476e-19 5.5209852383e-17)
    (3.4551072946e-19 5.7375395990e-17)
    (3.6115389887e-19 5.9670653853e-17)
    (3.7750532053e-19 6.1998774826e-17)
    (3.9459706091e-19 6.4415517986e-17)
    (4.1246263829e-19 6.6925458274e-17)
    (4.3113708854e-19 6.9533367067e-17)
    (4.5065703377e-19 7.2244231098e-17)
    (4.7106075420e-19 7.5026269045e-17)
    (4.9238826317e-19 7.7959332751e-17)
    (5.1468138568e-19 8.1012580897e-17)
    (5.3798384034e-19 8.4191535389e-17)
    (5.6234132519e-19 8.7475911467e-17)
    (5.8780160723e-19 9.0925160008e-17)
    (6.1441461614e-19 9.4521261626e-17)
    (6.4223254222e-19 1.0629490110e-16)
    (6.7130993868e-19 1.1103894068e-16)
    (7.0170382867e-19 1.1601923470e-16)
    (7.3347381708e-19 1.2125583620e-16)
    (7.6668220745e-19 1.2676311679e-16)
    (8.0139412415e-19 1.3252650905e-16)
    (8.3767764007e-19 1.3860765532e-16)
    (8.7560391014e-19 1.4494558268e-16)
    (9.1524731088e-19 1.5167593930e-16)
    (9.5668558622e-19 1.5875574755e-16)
    (1.0000000000e-18 1.6624377731e-16)
    (1.0452754953e-18 1.7408260460e-16)
    (1.0926008611e-18 1.8233173139e-16)
    (1.1420689063e-18 1.9102305424e-16)
    (1.1937766417e-18 2.0017002890e-16)
    (1.2478254705e-18 2.0980051829e-16)
    (1.3043213867e-18 2.1994758361e-16)
    (1.3633751836e-18 2.3061302487e-16)
    (1.4251026703e-18 2.4188139483e-16)
    (1.4896248996e-18 2.5376237119e-16)
    (1.5570684048e-18 2.6624966873e-16)
    (1.6275654480e-18 2.7947035361e-16)
    (1.7012542799e-18 2.9342330030e-16)
    (1.7782794100e-18 3.0818863411e-16)
    (1.8587918911e-18 3.2369370103e-16)
    (1.9429496147e-18 3.4013336732e-16)
    (2.0309176209e-18 3.5756122192e-16)
    (2.1228684221e-18 3.7594579501e-16)
    (2.2189823415e-18 3.9538605735e-16)
    (2.3194478661e-18 4.1604051709e-16)
    (2.4244620171e-18 4.3777129457e-16)
    (2.5342307358e-18 4.6086743185e-16)
    (2.6489692876e-18 4.8516464100e-16)
    (2.7689026842e-18 5.0704578669e-16)
    (2.8942661247e-18 5.3868906137e-16)
    (3.0253054571e-18 5.6768451714e-16)
    (3.1622776602e-18 5.9381648253e-16)
    (3.3054513476e-18 6.3184650058e-16)
    (3.4551072946e-18 6.6136458887e-16)
    (3.6115389887e-18 7.0389833979e-16)
    (3.7750532053e-18 7.4302869655e-16)
    (3.9459706091e-18 7.7723147668e-16)
    (4.1246263829e-18 8.2999538377e-16)
    (4.3113708854e-18 8.6948709150e-16)
    (4.5065703377e-18 9.2907418745e-16)
    (4.7106075420e-18 9.8273939446e-16)
    (4.9238826317e-18 1.0409303632e-15)
    (5.1468138568e-18 1.1023939128e-15)
    (5.3798384034e-18 1.1687303976e-15)
    (5.6234132519e-18 1.2383116415e-15)
    (5.8780160723e-18 1.3141483367e-15)
    (6.1441461614e-18 1.3941026295e-15)
    (6.4223254222e-18 1.4809982339e-15)
    (6.7130993868e-18 1.5744559645e-15)
    (7.0170382867e-18 1.6719447965e-15)
    (7.3347381708e-18 1.7793926702e-15)
    (7.6668220745e-18 1.8637202532e-15)
    (8.0139412415e-18 1.9765815869e-15)
    (8.3767764007e-18 2.1091179766e-15)
    (8.7560391014e-18 2.2884711710e-15)
    (9.1524731088e-18 2.3977295209e-15)
    (9.5668558622e-18 2.6034248954e-15)
    (1.0000000000e-17 2.7272903508e-15)
);
