// PelasticN vs mean energy [eV]; air_plasma [94c490be646f8872], T_gas = 300.000000 K
(
    (0 5.6647706749e-20)
    (1.3716749438e-01 5.6647706749e-20)
    (1.4076979314e-01 5.9408796404e-20)
    (1.4397604008e-01 6.1934191227e-20)
    (1.4684113805e-01 6.4253811357e-20)
    (1.4941204783e-01 6.6394049892e-20)
    (1.5172864004e-01 6.8377979368e-20)
    (1.5382482203e-01 7.0225827851e-20)
    (1.5572964088e-01 7.1955505284e-20)
    (1.5746824649e-01 7.3583083230e-20)
    (1.5906268561e-01 7.5123194964e-20)
    (1.6040186980e-01 7.6614076273e-20)
    (1.6189539494e-01 7.7994184097e-20)
    (1.6316727128e-01 7.9349622708e-20)
    (1.6436286366e-01 8.0667028318e-20)
    (1.6549578572e-01 8.1957287402e-20)
    (1.6657873020e-01 8.3230880640e-20)
    (1.6762359287e-01 8.4497933175e-20)
    (1.6865359887e-01 8.5788292893e-20)
    (1.6965539117e-01 8.7069199773e-20)
    (1.7065096866e-01 8.8372013256e-20)
    (1.7163702901e-01 8.9714777151e-20)
    (1.7264762429e-01 9.1084531067e-20)
    (1.7367878080e-01 9.2501767593e-20)
    (1.7473849913e-01 9.3974703051e-20)
    (1.7583432821e-01 9.5511361320e-20)
    (1.7697337833e-01 9.7119591742e-20)
    (1.7816233417e-01 9.8807089775e-20)
    (1.7940746844e-01 1.0058141861e-19)
    (1.8071465956e-01 1.0245003957e-19)
    (1.8208941158e-01 1.0442034318e-19)
    (1.8353687952e-01 1.0649968891e-19)
    (1.8506190021e-01 1.0869545191e-19)
    (1.8666902928e-01 1.1101507827e-19)
    (1.8836258474e-01 1.1346614967e-19)
    (1.9014669747e-01 1.1605645842e-19)
    (1.9202536831e-01 1.1879409374e-19)
    (1.9400253175e-01 1.2168754031e-19)
    (1.9608212573e-01 1.2474578987e-19)
    (1.9826816696e-01 1.2797846716e-19)
    (2.0056483136e-01 1.3139597140e-19)
    (2.0297653896e-01 1.3500963473e-19)
    (2.0550804255e-01 1.3883189901e-19)
    (2.0816451961e-01 1.4287651228e-19)
    (2.1095166654e-01 1.4715874572e-19)
    (2.1387579417e-01 1.5169563072e-19)
    (2.1694256551e-01 1.5649611757e-19)
    (2.2014788174e-01 1.6158066958e-19)
    (2.2353446165e-01 1.6700705978e-19)
    (2.2709477487e-01 1.7278341701e-19)
    (2.3084127841e-01 1.7894276114e-19)
    (2.3479833990e-01 1.8554069293e-19)
    (2.3896131204e-01 1.9258158169e-19)
    (2.4336011410e-01 2.0013686642e-19)
    (2.4801612280e-01 2.0826443848e-19)
    (2.5295360836e-01 2.1703081641e-19)
    (2.5819915170e-01 2.2652226166e-19)
    (2.6378576428e-01 2.3680254638e-19)
    (2.6974626976e-01 2.4798096155e-19)
    (2.7611829297e-01 2.6016684053e-19)
    (2.8294269841e-01 2.7348143426e-19)
    (2.9026321198e-01 2.8805760660e-19)
    (2.9812580887e-01 3.0403894568e-19)
    (3.0657783145e-01 3.2157815855e-19)
    (3.1566682518e-01 3.4083467554e-19)
    (3.2543909275e-01 3.6197140981e-19)
    (3.3590887576e-01 3.8508399755e-19)
    (3.4717223366e-01 4.1044701066e-19)
    (3.5923184525e-01 4.3814718378e-19)
    (3.7211014051e-01 4.6831001082e-19)
    (3.8581860584e-01 5.0103710477e-19)
    (4.0035610545e-01 5.3640037596e-19)
    (4.1570760906e-01 5.7443693355e-19)
    (4.3184344429e-01 6.1514508786e-19)
    (4.4871916534e-01 6.5848178054e-19)
    (4.6627608546e-01 7.0436173648e-19)
    (4.8444246122e-01 7.5265840361e-19)
    (5.0313526437e-01 8.0320665670e-19)
    (5.2226243543e-01 8.5580711423e-19)
    (5.4172546688e-01 9.1023175379e-19)
    (5.6142215538e-01 9.6623046572e-19)
    (5.8124935489e-01 1.0235381209e-18)
    (6.0110557847e-01 1.0818817330e-18)
    (6.2089332763e-01 1.1409873519e-18)
    (6.4052105642e-01 1.2005863651e-18)
    (6.5990472218e-01 1.2604209993e-18)
    (6.7896890624e-01 1.3202488836e-18)
    (6.9764751934e-01 1.3798466257e-18)
    (7.1588412933e-01 1.4390124188e-18)
    (7.3358637930e-01 1.4973163337e-18)
    (7.5079958278e-01 1.5550275561e-18)
    (7.6745534914e-01 1.6118166393e-18)
    (7.8353257443e-01 1.6675694481e-18)
    (7.9901752925e-01 1.7221934390e-18)
    (8.1390306874e-01 1.7756164048e-18)
    (8.2818782881e-01 1.8277850376e-18)
    (8.4187543928e-01 1.8786633869e-18)
    (8.5497377065e-01 1.9282312680e-18)
    (8.6749423532e-01 1.9764827047e-18)
    (8.7945114959e-01 2.0234244415e-18)
    (8.9086116369e-01 2.0690745626e-18)
    (9.0174276209e-01 2.1134612452e-18)
    (9.1211583392e-01 2.1566216628e-18)
    (9.2200131124e-01 2.1986010494e-18)
    (9.3142087166e-01 2.2394519270e-18)
    (9.4039670018e-01 2.2792334943e-18)
    (9.4895130466e-01 2.3180111691e-18)
    (9.5710737851e-01 2.3558562700e-18)
    (9.6488770504e-01 2.3928458275e-18)
    (9.7229590480e-01 2.4289378836e-18)
    (9.7938516806e-01 2.4644105952e-18)
    (9.8616493157e-01 2.4992734724e-18)
    (9.9265725541e-01 2.5336205535e-18)
    (9.9888405066e-01 2.5675507312e-18)
    (1.0048670871e+00 2.6011678546e-18)
    (1.0106280072e+00 2.6345808642e-18)
    (1.0161883436e+00 2.6679039610e-18)
    (1.0215695406e+00 2.7012568037e-18)
    (1.0267929771e+00 2.7347647422e-18)
    (1.0318799906e+00 2.7685590724e-18)
    (1.0368231653e+00 2.8025247986e-18)
    (1.0417033545e+00 2.8373131933e-18)
    (1.0465120906e+00 2.8728252840e-18)
    (1.0510868807e+00 2.9086699729e-18)
    (1.0558591909e+00 2.9463625147e-18)
    (1.0606532018e+00 2.9854449216e-18)
    (1.0655074201e+00 3.0261991867e-18)
    (1.0704684874e+00 3.0689633285e-18)
    (1.0751997678e+00 3.1128702900e-18)
    (1.0804337622e+00 3.1596474100e-18)
    (1.0860944541e+00 3.2112769553e-18)
    (1.0921800386e+00 3.2671870375e-18)
    (1.0986620881e+00 3.3281996239e-18)
    (1.1060807530e+00 3.3959112781e-18)
    (1.1144567565e+00 3.4714861313e-18)
    (1.1240549778e+00 3.5566669750e-18)
    (1.1350476813e+00 3.6529452247e-18)
    (1.1481500998e+00 3.7642366306e-18)
    (1.1636258816e+00 3.8925848990e-18)
    (1.1819885903e+00 4.0412810496e-18)
    (1.2038177970e+00 4.2140270086e-18)
    (1.2301634392e+00 4.4192897750e-18)
    (1.2609969547e+00 4.6533660969e-18)
    (1.2973623011e+00 4.9246527623e-18)
    (1.3400043219e+00 5.2379115392e-18)
    (1.3902463434e+00 5.6024566458e-18)
    (1.4476740790e+00 6.0140460769e-18)
    (1.5134371389e+00 6.4809800913e-18)
    (1.5880617832e+00 7.0068035944e-18)
    (1.6719409936e+00 7.5942904657e-18)
    (1.7660607111e+00 8.2460267581e-18)
    (1.8689224012e+00 8.9609225302e-18)
    (1.9811674971e+00 9.7397122476e-18)
    (2.1024762205e+00 1.0581036445e-17)
    (2.2323544682e+00 1.1482529625e-17)
    (2.3723894733e+00 1.2458273195e-17)
    (2.5173051548e+00 1.3469615368e-17)
    (2.6685098830e+00 1.4529494743e-17)
    (2.8251127850e+00 1.5633339623e-17)
    (2.9864403851e+00 1.6784997186e-17)
    (3.1511716909e+00 1.7963323977e-17)
    (3.3187345269e+00 1.9172796823e-17)
    (3.4884072290e+00 2.0410043258e-17)
    (3.6595680233e+00 2.1672333893e-17)
    (3.8329812664e+00 2.2958009439e-17)
    (4.0054036496e+00 2.4263130055e-17)
    (4.1781426577e+00 2.5589570921e-17)
    (4.3510158693e+00 2.6937403425e-17)
    (4.5239369987e+00 2.8307310101e-17)
    (4.6971621124e+00 2.9705475014e-17)
    (4.8701409956e+00 3.1122874395e-17)
    (5.0433978981e+00 3.2567562328e-17)
    (5.2171246269e+00 3.4042015022e-17)
    (5.3915564385e+00 3.5548991922e-17)
    (5.5669629672e+00 3.7091478454e-17)
    (5.7436400437e+00 3.8672633474e-17)
    (5.9219025873e+00 4.0295743544e-17)
    (6.1010979378e+00 4.1957104367e-17)
    (6.2835570480e+00 4.3675075913e-17)
    (6.4679920424e+00 4.5441824533e-17)
    (6.6560078498e+00 4.7268873946e-17)
    (6.8473428105e+00 4.9156166405e-17)
    (7.0423340173e+00 5.1107325584e-17)
    (7.2409465160e+00 5.3120060693e-17)
    (7.4442081971e+00 5.5209852383e-17)
    (7.6521663603e+00 5.7375395990e-17)
    (7.8676105911e+00 5.9670653853e-17)
    (8.0858487204e+00 6.1998774826e-17)
    (8.3098278045e+00 6.4415517986e-17)
    (8.5398932951e+00 6.6925458274e-17)
    (8.7763949131e+00 6.9533367067e-17)
    (9.0196879697e+00 7.2244231098e-17)
    (9.2670974767e+00 7.5026269045e-17)
    (9.5251096886e+00 7.7959332751e-17)
    (9.7910839770e+00 8.1012580897e-17)
    (1.0065371630e+01 8.4191535389e-17)
    (1.0346344593e+01 8.7475911467e-17)
    (1.0638438926e+01 9.0925160008e-17)
    (1.0940187398e+01 9.4521261626e-17)
    (1.1925355136e+01 1.0629490110e-16)
    (1.2308824412e+01 1.1103894068e-16)
    (1.2709276652e+01 1.1601923470e-16)
    (1.3126439691e+01 1.2125583620e-16)
    (1.3561263285e+01 1.2676311679e-16)
    (1.4012493747e+01 1.3252650905e-16)
    (1.4484291915e+01 1.3860765532e-16)
    (1.4973992379e+01 1.4494558268e-16)
    (1.5487666223e+01 1.5167593930e-16)
    (1.6023909695e+01 1.5875574755e-16)
    (1.6583468512e+01 1.6624377731e-16)
    (1.7168941463e+01 1.7408260460e-16)
    (1.7781023452e+01 1.8233173139e-16)
    (1.8422151615e+01 1.9102305424e-16)
    (1.9092649339e+01 2.0017002890e-16)
    (1.9794733945e+01 2.0980051829e-16)
    (2.0530664058e+01 2.1994758361e-16)
    (2.1299508263e+01 2.3061302487e-16)
    (2.2109288431e+01 2.4188139483e-16)
    (2.2959485968e+01 2.5376237119e-16)
    (2.3850104879e+01 2.6624966873e-16)
    (2.4788921536e+01 2.7947035361e-16)
    (2.5776295005e+01 2.9342330030e-16)
    (2.6817698048e+01 3.0818863411e-16)
    (2.7909067436e+01 3.2369370103e-16)
    (2.9061538888e+01 3.4013336732e-16)
    (3.0279874265e+01 3.5756122192e-16)
    (3.1556757395e+01 3.7594579501e-16)
    (3.2908931845e+01 3.9538605735e-16)
    (3.4342348823e+01 4.1604051709e-16)
    (3.5842127009e+01 4.3777129457e-16)
    (3.7437719791e+01 4.6086743185e-16)
    (3.9117090489e+01 4.8516464100e-16)
    (4.0644106575e+01 5.0704578669e-16)
    (4.2796040127e+01 5.3868906137e-16)
    (4.4789131155e+01 5.6768451714e-16)
    (4.6589221150e+01 5.9381648253e-16)
    (4.9179324484e+01 6.3184650058e-16)
    (5.1201199815e+01 6.6136458887e-16)
    (5.4099126670e+01 7.0389833979e-16)
    (5.6778858337e+01 7.4302869655e-16)
    (5.9117854096e+01 7.7723147668e-16)
    (6.2718461942e+01 8.2999538377e-16)
    (6.5410085846e+01 8.6948709150e-16)
    (6.9496742822e+01 9.2907418745e-16)
    (7.3180976752e+01 9.8273939446e-16)
    (7.7182577491e+01 1.0409303632e-15)
    (8.1420085225e+01 1.1023939128e-15)
    (8.6011788405e+01 1.1687303976e-15)
    (9.0867763137e+01 1.2383116415e-15)
    (9.6165388139e+01 1.3141483367e-15)
    (1.0177823578e+02 1.3941026295e-15)
    (1.0792309375e+02 1.4809982339e-15)
    (1.1458604701e+02 1.5744559645e-15)
    (1.2160542734e+02 1.6719447965e-15)
    (1.2939531717e+02 1.7793926702e-15)
    (1.3542361118e+02 1.8637202532e-15)
    (1.4388362195e+02 1.9765815869e-15)
    (1.5371740495e+02 2.1091179766e-15)
    (1.6736124994e+02 2.2884711710e-15)
    (1.7556818514e+02 2.3977295209e-15)
    (1.9180551086e+02 2.6034248954e-15)
    (2.0148427830e+02 2.7272903508e-15)
);
