// PgasN vs mean energy [eV]; air_plasma [94c490be646f8872], T_gas = 300.000000 K
(
    (0 0.0000000000e+00)
    (1.3716736877e-01 0.0000000000e+00)
    (1.4076967004e-01 0.0000000000e+00)
    (1.4397591983e-01 0.0000000000e+00)
    (1.4684102077e-01 0.0000000000e+00)
    (1.4941193350e-01 0.0000000000e+00)
    (1.5172852860e-01 0.0000000000e+00)
    (1.5382471337e-01 0.0000000000e+00)
    (1.5572953486e-01 0.0000000000e+00)
    (1.5746814299e-01 0.0000000000e+00)
    (1.5906258451e-01 0.0000000000e+00)
    (1.6040177321e-01 0.0000000000e+00)
    (1.6189529828e-01 0.0000000000e+00)
    (1.6316717670e-01 0.0000000000e+00)
    (1.6436277106e-01 0.0000000000e+00)
    (1.6549569504e-01 0.0000000000e+00)
    (1.6657864137e-01 0.0000000000e+00)
    (1.6762350584e-01 0.0000000000e+00)
    (1.6865351356e-01 0.0000000000e+00)
    (1.6965530759e-01 0.0000000000e+00)
    (1.7065088677e-01 0.0000000000e+00)
    (1.7163694874e-01 0.0000000000e+00)
    (1.7264754568e-01 0.0000000000e+00)
    (1.7367870384e-01 0.0000000000e+00)
    (1.7473842382e-01 0.0000000000e+00)
    (1.7583425455e-01 0.0000000000e+00)
    (1.7697330632e-01 0.0000000000e+00)
    (1.7816226381e-01 0.0000000000e+00)
    (1.7940739973e-01 0.0000000000e+00)
    (1.8071459251e-01 0.0000000000e+00)
    (1.8208934620e-01 0.0000000000e+00)
    (1.8353681581e-01 0.0000000000e+00)
    (1.8506183817e-01 0.0000000000e+00)
    (1.8666896889e-01 0.0000000000e+00)
    (1.8836252602e-01 0.0000000000e+00)
    (1.9014664040e-01 0.0000000000e+00)
    (1.9202531289e-01 0.0000000000e+00)
    (1.9400247796e-01 0.0000000000e+00)
    (1.9608207355e-01 0.0000000000e+00)
    (1.9826811637e-01 0.0000000000e+00)
    (2.0056478234e-01 0.0000000000e+00)
    (2.0297649148e-01 0.0000000000e+00)
    (2.0550799658e-01 0.0000000000e+00)
    (2.0816447512e-01 0.0000000000e+00)
    (2.1095162348e-01 0.0000000000e+00)
    (2.1387575250e-01 0.0000000000e+00)
    (2.1694252519e-01 0.0000000000e+00)
    (2.2014784268e-01 0.0000000000e+00)
    (2.2353442384e-01 0.0000000000e+00)
    (2.2709473824e-01 0.0000000000e+00)
    (2.3084124291e-01 0.0000000000e+00)
    (2.3479830546e-01 0.0000000000e+00)
    (2.3896127860e-01 0.0000000000e+00)
    (2.4336008158e-01 0.0000000000e+00)
    (2.4801609114e-01 0.0000000000e+00)
    (2.5295357748e-01 0.0000000000e+00)
    (2.5819912151e-01 0.0000000000e+00)
    (2.6378573470e-01 0.0000000000e+00)
    (2.6974624072e-01 0.0000000000e+00)
    (2.7611826438e-01 0.0000000000e+00)
    (2.8294267020e-01 0.0000000000e+00)
    (2.9026318406e-01 0.0000000000e+00)
    (2.9812578117e-01 0.0000000000e+00)
    (3.0657780390e-01 0.0000000000e+00)
    (3.1566679772e-01 0.0000000000e+00)
    (3.2543906532e-01 0.0000000000e+00)
    (3.3590884834e-01 0.0000000000e+00)
    (3.4717220621e-01 0.0000000000e+00)
    (3.5923181777e-01 0.0000000000e+00)
    (3.7211011301e-01 0.0000000000e+00)
    (3.8581857835e-01 0.0000000000e+00)
    (4.0035607801e-01 0.0000000000e+00)
    (4.1570758173e-01 0.0000000000e+00)
    (4.3184341715e-01 0.0000000000e+00)
    (4.4871913847e-01 0.0000000000e+00)
    (4.6627605897e-01 0.0000000000e+00)
    (4.8444243519e-01 0.0000000000e+00)
    (5.0313523891e-01 0.0000000000e+00)
    (5.2226241062e-01 0.0000000000e+00)
    (5.4172544282e-01 0.0000000000e+00)
    (5.6142213216e-01 0.0000000000e+00)
    (5.8124933256e-01 0.0000000000e+00)
    (6.0110555710e-01 0.0000000000e+00)
    (6.2089330726e-01 0.0000000000e+00)
    (6.4052103707e-01 0.0000000000e+00)
    (6.5990470387e-01 0.0000000000e+00)
    (6.7896888897e-01 0.0000000000e+00)
    (6.9764750311e-01 0.0000000000e+00)
    (7.1588411412e-01 0.0000000000e+00)
    (7.3358636508e-01 0.0000000000e+00)
    (7.5079956951e-01 0.0000000000e+00)
    (7.6745533679e-01 0.0000000000e+00)
    (7.8353256295e-01 0.0000000000e+00)
    (7.9901751861e-01 0.0000000000e+00)
    (8.1390305888e-01 0.0000000000e+00)
    (8.2818781969e-01 0.0000000000e+00)
    (8.4187543085e-01 0.0000000000e+00)
    (8.5497376287e-01 0.0000000000e+00)
    (8.6749422815e-01 0.0000000000e+00)
    (8.7945114297e-01 0.0000000000e+00)
    (8.9086115759e-01 0.0000000000e+00)
    (9.0174275648e-01 0.0000000000e+00)
    (9.1211582875e-01 0.0000000000e+00)
    (9.2200130648e-01 0.0000000000e+00)
    (9.3142086729e-01 0.0000000000e+00)
    (9.4039669615e-01 0.0000000000e+00)
    (9.4895130096e-01 0.0000000000e+00)
    (9.5710737510e-01 0.0000000000e+00)
    (9.6488770191e-01 0.0000000000e+00)
    (9.7229590192e-01 0.0000000000e+00)
    (9.7938516542e-01 0.0000000000e+00)
    (9.8616492913e-01 0.0000000000e+00)
    (9.9265725317e-01 0.0000000000e+00)
    (9.9888404860e-01 0.0000000000e+00)
    (1.0048670852e+00 0.0000000000e+00)
    (1.0106280054e+00 0.0000000000e+00)
    (1.0161883420e+00 0.0000000000e+00)
    (1.0215695391e+00 0.0000000000e+00)
    (1.0267929757e+00 0.0000000000e+00)
    (1.0318799893e+00 0.0000000000e+00)
    (1.0368231641e+00 0.0000000000e+00)
    (1.0417033534e+00 0.0000000000e+00)
    (1.0465120896e+00 0.0000000000e+00)
    (1.0510868798e+00 2.2308067823e-21)
    (1.0558591901e+00 4.1605201381e-21)
    (1.0606532011e+00 7.5008288829e-21)
    (1.0655074194e+00 1.3133064848e-20)
    (1.0704684867e+00 2.2391374714e-20)
    (1.0751997672e+00 8.8377993641e-20)
    (1.0804337616e+00 1.4991925559e-19)
    (1.0860944535e+00 2.4742454956e-19)
    (1.0921800381e+00 4.0062853627e-19)
    (1.0986620877e+00 6.4169319322e-19)
    (1.1060807526e+00 1.0001127179e-18)
    (1.1144567561e+00 1.5326271803e-18)
    (1.1240549775e+00 2.3108056416e-18)
    (1.1350476809e+00 3.4508063722e-18)
    (1.1481500995e+00 5.0390399824e-18)
    (1.1636258812e+00 7.2520118562e-18)
    (1.1819885899e+00 1.0290737392e-17)
    (1.2038177966e+00 1.4404205077e-17)
    (1.2301634388e+00 2.0062003923e-17)
    (1.2609969543e+00 2.7329307666e-17)
    (1.2973623006e+00 3.6765986979e-17)
    (1.3400043215e+00 4.8859599230e-17)
    (1.3902463429e+00 6.4398169049e-17)
    (1.4476740785e+00 8.3542391601e-17)
    (1.5134371384e+00 1.0715042234e-16)
    (1.5880617826e+00 1.3590673896e-16)
    (1.6719409929e+00 1.7051339419e-16)
    (1.7660607105e+00 2.1217045394e-16)
    (1.8689224005e+00 2.6056229131e-16)
    (1.9811674964e+00 3.1682469931e-16)
    (2.1024762198e+00 3.8155206416e-16)
    (2.2323544675e+00 4.5527671328e-16)
    (2.3723894726e+00 5.3971302557e-16)
    (2.5173051541e+00 6.3278828780e-16)
    (2.6685098823e+00 7.3605573282e-16)
    (2.8251127843e+00 8.4981007247e-16)
    (2.9864403845e+00 9.7465860708e-16)
    (3.1511716903e+00 1.1101610797e-15)
    (3.3187345263e+00 1.2569443846e-15)
    (3.4884072284e+00 1.4153152964e-15)
    (3.6595680228e+00 1.5856369977e-15)
    (3.8329812660e+00 1.7693114903e-15)
    (4.0054036492e+00 1.9647606752e-15)
    (4.1781426573e+00 2.1737697444e-15)
    (4.3510158689e+00 2.3970923551e-15)
    (4.5239369983e+00 2.6356042184e-15)
    (4.6971621121e+00 2.8907359231e-15)
    (4.8701409953e+00 3.1626542200e-15)
    (5.0433978978e+00 3.4531549081e-15)
    (5.2171246267e+00 3.7636188195e-15)
    (5.3915564382e+00 4.0955453379e-15)
    (5.5669629670e+00 4.4505455361e-15)
    (5.7436400435e+00 4.8303329851e-15)
    (5.9219025871e+00 5.2367134259e-15)
    (6.1010979376e+00 5.6704404624e-15)
    (6.2835570479e+00 6.1356796655e-15)
    (6.4679920423e+00 6.6327470623e-15)
    (6.6560078497e+00 7.1648749372e-15)
    (6.8473428104e+00 7.7337153682e-15)
    (7.0423340172e+00 8.3413343470e-15)
    (7.2409465159e+00 8.9892898119e-15)
    (7.4442081970e+00 9.6805708040e-15)
    (7.6521663603e+00 1.0417023124e-14)
    (7.8676105910e+00 1.1206798452e-14)
    (8.0858487204e+00 1.2039880196e-14)
    (8.3098278044e+00 1.2924343494e-14)
    (8.5398932950e+00 1.3862183742e-14)
    (8.7763949131e+00 1.4855349815e-14)
    (9.0196879697e+00 1.5905739517e-14)
    (9.2670974766e+00 1.7007593324e-14)
    (9.5251096885e+00 1.8177669465e-14)
    (9.7910839770e+00 1.9410587595e-14)
    (1.0065371630e+01 2.0707811104e-14)
    (1.0346344593e+01 2.2065843380e-14)
    (1.0638438926e+01 2.3495897302e-14)
    (1.0940187398e+01 2.4995146017e-14)
    (1.1925355136e+01 2.9864230713e-14)
    (1.2308824412e+01 3.1854119725e-14)
    (1.2709276652e+01 3.3944252972e-14)
    (1.3126439691e+01 3.6134191386e-14)
    (1.3561263285e+01 3.8425617342e-14)
    (1.4012493747e+01 4.0811683818e-14)
    (1.4484291915e+01 4.3304727133e-14)
    (1.4973992379e+01 4.5893196610e-14)
    (1.5487666223e+01 4.8593469514e-14)
    (1.6023909695e+01 5.1397824023e-14)
    (1.6583468512e+01 5.4302244830e-14)
    (1.7168941463e+01 5.7315336158e-14)
    (1.7781023451e+01 6.0432041600e-14)
    (1.8422151615e+01 6.3652015756e-14)
    (1.9092649339e+01 6.6974734288e-14)
    (1.9794733945e+01 7.0398358205e-14)
    (2.0530664058e+01 7.3922341234e-14)
    (2.1299508263e+01 7.7527410257e-14)
    (2.2109288431e+01 8.1246263975e-14)
    (2.2959485968e+01 8.5059247727e-14)
    (2.3850104879e+01 8.8944271298e-14)
    (2.4788921536e+01 9.2937425311e-14)
    (2.5776295005e+01 9.7015701793e-14)
    (2.6817698048e+01 1.0117943043e-13)
    (2.7909067436e+01 1.0539889817e-13)
    (2.9061538888e+01 1.0970887803e-13)
    (3.0279874265e+01 1.1409214158e-13)
    (3.1556757395e+01 1.1851059590e-13)
    (3.2908931845e+01 1.2301007534e-13)
    (3.4342348823e+01 1.2756829510e-13)
    (3.5842127009e+01 1.3213521477e-13)
    (3.7437719791e+01 1.3677517431e-13)
    (3.9117090489e+01 1.4140559704e-13)
    (4.0644106575e+01 1.4557482507e-13)
    (4.2796040127e+01 1.5083181113e-13)
    (4.4789131155e+01 1.5552216787e-13)
    (4.6589221150e+01 1.5971125956e-13)
    (4.9179324484e+01 1.6501440433e-13)
    (5.1201199815e+01 1.6921598426e-13)
    (5.4099126670e+01 1.7441656405e-13)
    (5.6778858337e+01 1.7903250665e-13)
    (5.9117854096e+01 1.8301579881e-13)
    (6.2718461942e+01 1.8830281861e-13)
    (6.5410085846e+01 1.9229835688e-13)
    (6.9496742822e+01 1.9743831452e-13)
    (7.3180976752e+01 2.0182849203e-13)
    (7.7182577491e+01 2.0625544645e-13)
    (8.1420085225e+01 2.1054186611e-13)
    (8.6011788405e+01 2.1482598464e-13)
    (9.0867763137e+01 2.1892400224e-13)
    (9.6165388139e+01 2.2304564425e-13)
    (1.0177823578e+02 2.2697685810e-13)
    (1.0792309375e+02 2.3091614913e-13)
    (1.1458604701e+02 2.3475739402e-13)
    (1.2160542734e+02 2.3837550208e-13)
    (1.2939531717e+02 2.4201451370e-13)
    (1.3542361118e+02 2.4452929690e-13)
    (1.4388362195e+02 2.4761649570e-13)
    (1.5371740495e+02 2.5101518586e-13)
    (1.6736124994e+02 2.5529508425e-13)
    (1.7556818514e+02 2.5726355136e-13)
    (1.9180551086e+02 2.6128976043e-13)
    (2.0148427830e+02 2.6296703704e-13)
);
