// PgasN vs reducedE [V m^2]; air_plasma [94c490be646f8872], T_gas = 300.000000 K
(
    (0 0.0000000000e+00)
    (1.0000000000e-22 0.0000000000e+00)
    (1.0452754953e-22 0.0000000000e+00)
    (1.0926008611e-22 0.0000000000e+00)
    (1.1420689063e-22 0.0000000000e+00)
    (1.1937766417e-22 0.0000000000e+00)
    (1.2478254705e-22 0.0000000000e+00)
    (1.3043213867e-22 0.0000000000e+00)
    (1.3633751836e-22 0.0000000000e+00)
    (1.4251026703e-22 0.0000000000e+00)
    (1.4896248996e-22 0.0000000000e+00)
    (1.5570684048e-22 0.0000000000e+00)
    (1.6275654480e-22 0.0000000000e+00)
    (1.7012542799e-22 0.0000000000e+00)
    (1.7782794100e-22 0.0000000000e+00)
    (1.8587918911e-22 0.0000000000e+00)
    (1.9429496147e-22 0.0000000000e+00)
    (2.0309176209e-22 0.0000000000e+00)
    (2.1228684221e-22 0.0000000000e+00)
    (2.2189823415e-22 0.0000000000e+00)
    (2.3194478661e-22 0.0000000000e+00)
    (2.4244620171e-22 0.0000000000e+00)
    (2.5342307358e-22 0.0000000000e+00)
    (2.6489692876e-22 0.0000000000e+00)
    (2.7689026842e-22 0.0000000000e+00)
    (2.8942661247e-22 0.0000000000e+00)
    (3.0253054571e-22 0.0000000000e+00)
    (3.1622776602e-22 0.0000000000e+00)
    (3.3054513476e-22 0.0000000000e+00)
    (3.4551072946e-22 0.0000000000e+00)
    (3.6115389887e-22 0.0000000000e+00)
    (3.7750532053e-22 0.0000000000e+00)
    (3.9459706091e-22 0.0000000000e+00)
    (4.1246263829e-22 0.0000000000e+00)
    (4.3113708854e-22 0.0000000000e+00)
    (4.5065703377e-22 0.0000000000e+00)
    (4.7106075420e-22 0.0000000000e+00)
    (4.9238826317e-22 0.0000000000e+00)
    (5.1468138568e-22 0.0000000000e+00)
    (5.3798384034e-22 0.0000000000e+00)
    (5.6234132519e-22 0.0000000000e+00)
    (5.8780160723e-22 0.0000000000e+00)
    (6.1441461614e-22 0.0000000000e+00)
    (6.4223254222e-22 0.0000000000e+00)
    (6.7130993868e-22 0.0000000000e+00)
    (7.0170382867e-22 0.0000000000e+00)
    (7.3347381708e-22 0.0000000000e+00)
    (7.6668220745e-22 0.0000000000e+00)
    (8.0139412415e-22 0.0000000000e+00)
    (8.3767764007e-22 0.0000000000e+00)
    (8.7560391014e-22 0.0000000000e+00)
    (9.1524731088e-22 0.0000000000e+00)
    (9.5668558622e-22 0.0000000000e+00)
    (1.0000000000e-21 0.0000000000e+00)
    (1.0452754953e-21 0.0000000000e+00)
    (1.0926008611e-21 0.0000000000e+00)
    (1.1420689063e-21 0.0000000000e+00)
    (1.1937766417e-21 0.0000000000e+00)
    (1.2478254705e-21 0.0000000000e+00)
    (1.3043213867e-21 0.0000000000e+00)
    (1.3633751836e-21 0.0000000000e+00)
    (1.4251026703e-21 0.0000000000e+00)
    (1.4896248996e-21 0.0000000000e+00)
    (1.5570684048e-21 0.0000000000e+00)
    (1.6275654480e-21 0.0000000000e+00)
    (1.7012542799e-21 0.0000000000e+00)
    (1.7782794100e-21 0.0000000000e+00)
    (1.8587918911e-21 0.0000000000e+00)
    (1.9429496147e-21 0.0000000000e+00)
    (2.0309176209e-21 0.0000000000e+00)
    (2.1228684221e-21 0.0000000000e+00)
    (2.2189823415e-21 0.0000000000e+00)
    (2.3194478661e-21 0.0000000000e+00)
    (2.4244620171e-21 0.0000000000e+00)
    (2.5342307358e-21 0.0000000000e+00)
    (2.6489692876e-21 0.0000000000e+00)
    (2.7689026842e-21 0.0000000000e+00)
    (2.8942661247e-21 0.0000000000e+00)
    (3.0253054571e-21 0.0000000000e+00)
    (3.1622776602e-21 0.0000000000e+00)
    (3.3054513476e-21 0.0000000000e+00)
    (3.4551072946e-21 0.0000000000e+00)
    (3.6115389887e-21 0.0000000000e+00)
    (3.7750532053e-21 0.0000000000e+00)
    (3.9459706091e-21 0.0000000000e+00)
    (4.1246263829e-21 0.0000000000e+00)
    (4.3113708854e-21 0.0000000000e+00)
    (4.5065703377e-21 0.0000000000e+00)
    (4.7106075420e-21 0.0000000000e+00)
    (4.9238826317e-21 0.0000000000e+00)
    (5.1468138568e-21 0.0000000000e+00)
    (5.3798384034e-21 0.0000000000e+00)
    (5.6234132519e-21 0.0000000000e+00)
    (5.8780160723e-21 0.0000000000e+00)
    (6.1441461614e-21 0.0000000000e+00)
    (6.4223254222e-21 0.0000000000e+00)
    (6.7130993868e-21 0.0000000000e+00)
    (7.0170382867e-21 0.0000000000e+00)
    (7.3347381708e-21 0.0000000000e+00)
    (7.6668220745e-21 0.0000000000e+00)
    (8.0139412415e-21 0.0000000000e+00)
    (8.3767764007e-21 0.0000000000e+00)
    (8.7560391014e-21 0.0000000000e+00)
    (9.1524731088e-21 0.0000000000e+00)
    (9.5668558622e-21 0.0000000000e+00)
    (1.0000000000e-20 0.0000000000e+00)
    (1.0452754953e-20 0.0000000000e+00)
    (1.0926008611e-20 0.0000000000e+00)
    (1.1420689063e-20 0.0000000000e+00)
    (1.1937766417e-20 0.0000000000e+00)
    (1.2478254705e-20 0.0000000000e+00)
    (1.3043213867e-20 0.0000000000e+00)
    (1.3633751836e-20 0.0000000000e+00)
    (1.4251026703e-20 0.0000000000e+00)
    (1.4896248996e-20 0.0000000000e+00)
    (1.5570684048e-20 0.0000000000e+00)
    (1.6275654480e-20 0.0000000000e+00)
    (1.7012542799e-20 0.0000000000e+00)
    (1.7782794100e-20 0.0000000000e+00)
    (1.8587918911e-20 0.0000000000e+00)
    (1.9429496147e-20 0.0000000000e+00)
    (2.0309176209e-20 0.0000000000e+00)
    (2.1228684221e-20 0.0000000000e+00)
    (2.2189823415e-20 2.2308067823e-21)
    (2.3194478661e-20 4.1605201381e-21)
    (2.4244620171e-20 7.5008288829e-21)
    (2.5342307358e-20 1.3133064848e-20)
    (2.6489692876e-20 2.2391374714e-20)
    (2.7689026842e-20 8.8377993641e-20)
    (2.8942661247e-20 1.4991925559e-19)
    (3.0253054571e-20 2.4742454956e-19)
    (3.1622776602e-20 4.0062853627e-19)
    (3.3054513476e-20 6.4169319322e-19)
    (3.4551072946e-20 1.0001127179e-18)
    (3.6115389887e-20 1.5326271803e-18)
    (3.7750532053e-20 2.3108056416e-18)
    (3.9459706091e-20 3.4508063722e-18)
    (4.1246263829e-20 5.0390399824e-18)
    (4.3113708854e-20 7.2520118562e-18)
    (4.5065703377e-20 1.0290737392e-17)
    (4.7106075420e-20 1.4404205077e-17)
    (4.9238826317e-20 2.0062003923e-17)
    (5.1468138568e-20 2.7329307666e-17)
    (5.3798384034e-20 3.6765986979e-17)
    (5.6234132519e-20 4.8859599230e-17)
    (5.8780160723e-20 6.4398169049e-17)
    (6.1441461614e-20 8.3542391601e-17)
    (6.4223254222e-20 1.0715042234e-16)
    (6.7130993868e-20 1.3590673896e-16)
    (7.0170382867e-20 1.7051339419e-16)
    (7.3347381708e-20 2.1217045394e-16)
    (7.6668220745e-20 2.6056229131e-16)
    (8.0139412415e-20 3.1682469931e-16)
    (8.3767764007e-20 3.8155206416e-16)
    (8.7560391014e-20 4.5527671328e-16)
    (9.1524731088e-20 5.3971302557e-16)
    (9.5668558622e-20 6.3278828780e-16)
    (1.0000000000e-19 7.3605573282e-16)
    (1.0452754953e-19 8.4981007247e-16)
    (1.0926008611e-19 9.7465860708e-16)
    (1.1420689063e-19 1.1101610797e-15)
    (1.1937766417e-19 1.2569443846e-15)
    (1.2478254705e-19 1.4153152964e-15)
    (1.3043213867e-19 1.5856369977e-15)
    (1.3633751836e-19 1.7693114903e-15)
    (1.4251026703e-19 1.9647606752e-15)
    (1.4896248996e-19 2.1737697444e-15)
    (1.5570684048e-19 2.3970923551e-15)
    (1.6275654480e-19 2.6356042184e-15)
    (1.7012542799e-19 2.8907359231e-15)
    (1.7782794100e-19 3.1626542200e-15)
    (1.8587918911e-19 3.4531549081e-15)
    (1.9429496147e-19 3.7636188195e-15)
    (2.0309176209e-19 4.0955453379e-15)
    (2.1228684221e-19 4.4505455361e-15)
    (2.2189823415e-19 4.8303329851e-15)
    (2.3194478661e-19 5.2367134259e-15)
    (2.4244620171e-19 5.6704404624e-15)
    (2.5342307358e-19 6.1356796655e-15)
    (2.6489692876e-19 6.6327470623e-15)
    (2.7689026842e-19 7.1648749372e-15)
    (2.8942661247e-19 7.7337153682e-15)
    (3.0253054571e-19 8.3413343470e-15)
    (3.1622776602e-19 8.9892898119e-15)
    (3.3054513476e-19 9.6805708040e-15)
    (3.4551072946e-19 1.0417023124e-14)
    (3.6115389887e-19 1.1206798452e-14)
    (3.7750532053e-19 1.2039880196e-14)
    (3.9459706091e-19 1.2924343494e-14)
    (4.1246263829e-19 1.3862183742e-14)
    (4.3113708854e-19 1.4855349815e-14)
    (4.5065703377e-19 1.5905739517e-14)
    (4.7106075420e-19 1.7007593324e-14)
    (4.9238826317e-19 1.8177669465e-14)
    (5.1468138568e-19 1.9410587595e-14)
    (5.3798384034e-19 2.0707811104e-14)
    (5.6234132519e-19 2.2065843380e-14)
    (5.8780160723e-19 2.3495897302e-14)
    (6.1441461614e-19 2.4995146017e-14)
    (6.4223254222e-19 2.9864230713e-14)
    (6.7130993868e-19 3.1854119725e-14)
    (7.0170382867e-19 3.3944252972e-14)
    (7.3347381708e-19 3.6134191386e-14)
    (7.6668220745e-19 3.8425617342e-14)
    (8.0139412415e-19 4.0811683818e-14)
    (8.3767764007e-19 4.3304727133e-14)
    (8.7560391014e-19 4.5893196610e-14)
    (9.1524731088e-19 4.8593469514e-14)
    (9.5668558622e-19 5.1397824023e-14)
    (1.0000000000e-18 5.4302244830e-14)
    (1.0452754953e-18 5.7315336158e-14)
    (1.0926008611e-18 6.0432041600e-14)
    (1.1420689063e-18 6.3652015756e-14)
    (1.1937766417e-18 6.6974734288e-14)
    (1.2478254705e-18 7.0398358205e-14)
    (1.3043213867e-18 7.3922341234e-14)
    (1.3633751836e-18 7.7527410257e-14)
    (1.4251026703e-18 8.1246263975e-14)
    (1.4896248996e-18 8.5059247727e-14)
    (1.5570684048e-18 8.8944271298e-14)
    (1.6275654480e-18 9.2937425311e-14)
    (1.7012542799e-18 9.7015701793e-14)
    (1.7782794100e-18 1.0117943043e-13)
    (1.8587918911e-18 1.0539889817e-13)
    (1.9429496147e-18 1.0970887803e-13)
    (2.0309176209e-18 1.1409214158e-13)
    (2.1228684221e-18 1.1851059590e-13)
    (2.2189823415e-18 1.2301007534e-13)
    (2.3194478661e-18 1.2756829510e-13)
    (2.4244620171e-18 1.3213521477e-13)
    (2.5342307358e-18 1.3677517431e-13)
    (2.6489692876e-18 1.4140559704e-13)
    (2.7689026842e-18 1.4557482507e-13)
    (2.8942661247e-18 1.5083181113e-13)
    (3.0253054571e-18 1.5552216787e-13)
    (3.1622776602e-18 1.5971125956e-13)
    (3.3054513476e-18 1.6501440433e-13)
    (3.4551072946e-18 1.6921598426e-13)
    (3.6115389887e-18 1.7441656405e-13)
    (3.7750532053e-18 1.7903250665e-13)
    (3.9459706091e-18 1.8301579881e-13)
    (4.1246263829e-18 1.8830281861e-13)
    (4.3113708854e-18 1.9229835688e-13)
    (4.5065703377e-18 1.9743831452e-13)
    (4.7106075420e-18 2.0182849203e-13)
    (4.9238826317e-18 2.0625544645e-13)
    (5.1468138568e-18 2.1054186611e-13)
    (5.3798384034e-18 2.1482598464e-13)
    (5.6234132519e-18 2.1892400224e-13)
    (5.8780160723e-18 2.2304564425e-13)
    (6.1441461614e-18 2.2697685810e-13)
    (6.4223254222e-18 2.3091614913e-13)
    (6.7130993868e-18 2.3475739402e-13)
    (7.0170382867e-18 2.3837550208e-13)
    (7.3347381708e-18 2.4201451370e-13)
    (7.6668220745e-18 2.4452929690e-13)
    (8.0139412415e-18 2.4761649570e-13)
    (8.3767764007e-18 2.5101518586e-13)
    (8.7560391014e-18 2.5529508425e-13)
    (9.1524731088e-18 2.5726355136e-13)
    (9.5668558622e-18 2.6128976043e-13)
    (1.0000000000e-17 2.6296703704e-13)
);
