// PinelasticN vs mean energy [eV]; air_plasma [94c490be646f8872], T_gas = 300.000000 K
(
    (0 9.4603808556e-19)
    (1.3716736877e-01 9.4603808556e-19)
    (1.4076967004e-01 9.7601709500e-19)
    (1.4397591983e-01 1.0051271690e-18)
    (1.4684102077e-01 1.0337098157e-18)
    (1.4941193350e-01 1.0620660690e-18)
    (1.5172852860e-01 1.0904606782e-18)
    (1.5382471337e-01 1.1191279757e-18)
    (1.5572953486e-01 1.1482779286e-18)
    (1.5746814299e-01 1.1781016968e-18)
    (1.5906258451e-01 1.2087765171e-18)
    (1.6040177321e-01 1.2498338338e-18)
    (1.6189529828e-01 1.2733432951e-18)
    (1.6316717670e-01 1.3075552157e-18)
    (1.6436277106e-01 1.3432640468e-18)
    (1.6549569504e-01 1.3806305345e-18)
    (1.6657864137e-01 1.4198200709e-18)
    (1.6762350584e-01 1.4610048162e-18)
    (1.6865351356e-01 1.5038698879e-18)
    (1.6965530759e-01 1.5494983110e-18)
    (1.7065088677e-01 1.5976755514e-18)
    (1.7163694874e-01 1.6490982556e-18)
    (1.7264754568e-01 1.7030369551e-18)
    (1.7367870384e-01 1.7602156631e-18)
    (1.7473842382e-01 1.8208986513e-18)
    (1.7583425455e-01 1.8853703490e-18)
    (1.7697330632e-01 1.9539370311e-18)
    (1.7816226381e-01 2.0269285651e-18)
    (1.7940739973e-01 2.1047001952e-18)
    (1.8071459251e-01 2.1876344908e-18)
    (1.8208934620e-01 2.2761433378e-18)
    (1.8353681581e-01 2.3706701020e-18)
    (1.8506183817e-01 2.4716919393e-18)
    (1.8666896889e-01 2.5797222756e-18)
    (1.8836252602e-01 2.6953134673e-18)
    (1.9014664040e-01 2.8190596493e-18)
    (1.9202531289e-01 2.9515997693e-18)
    (1.9400247796e-01 3.0936207984e-18)
    (1.9608207355e-01 3.2458610984e-18)
    (1.9826811637e-01 3.4091139093e-18)
    (2.0056478234e-01 3.5842309046e-18)
    (2.0297649148e-01 3.7721257414e-18)
    (2.0550799658e-01 3.9737775031e-18)
    (2.0816447512e-01 4.1902338999e-18)
    (2.1095162348e-01 4.4226140446e-18)
    (2.1387575250e-01 4.6721105653e-18)
    (2.1694252519e-01 4.9410516783e-18)
    (2.2014784268e-01 5.2285936369e-18)
    (2.2353442384e-01 5.5380393901e-18)
    (2.2709473824e-01 5.8704385143e-18)
    (2.3084124291e-01 6.2274728725e-18)
    (2.3479830546e-01 6.6127223883e-18)
    (2.3896127860e-01 7.0245976519e-18)
    (2.4336008158e-01 7.4668603835e-18)
    (2.4801609114e-01 7.9416370592e-18)
    (2.5295357748e-01 8.4511603988e-18)
    (2.5819912151e-01 9.0003608446e-18)
    (2.6378573470e-01 9.5865569533e-18)
    (2.6974624072e-01 1.0214862482e-17)
    (2.7611826438e-01 1.0887910642e-17)
    (2.8294267020e-01 1.1608409493e-17)
    (2.9026318406e-01 1.2379128936e-17)
    (2.9812578117e-01 1.3202887115e-17)
    (3.0657780390e-01 1.4082536324e-17)
    (3.1566679772e-01 1.5020950072e-17)
    (3.2543906532e-01 1.6021012269e-17)
    (3.3590884834e-01 1.7086390974e-17)
    (3.4717220621e-01 1.8218471722e-17)
    (3.5923181777e-01 1.9421020106e-17)
    (3.7211011301e-01 2.0697087439e-17)
    (3.8581857835e-01 2.2049843377e-17)
    (4.0035607801e-01 2.3482642750e-17)
    (4.1570758173e-01 2.4999097495e-17)
    (4.3184341715e-01 2.6603184117e-17)
    (4.4871913847e-01 2.8299314767e-17)
    (4.6627605897e-01 3.0092470766e-17)
    (4.8444243519e-01 3.1988322509e-17)
    (5.0313523891e-01 3.3993345796e-17)
    (5.2226241062e-01 3.6114942438e-17)
    (5.4172544282e-01 3.8361556701e-17)
    (5.6142213216e-01 4.0742788526e-17)
    (5.8124933256e-01 4.3269503091e-17)
    (6.0110555710e-01 4.5953937119e-17)
    (6.2089330726e-01 4.8809806360e-17)
    (6.4052103707e-01 5.1852413256e-17)
    (6.5990470387e-01 5.5098759390e-17)
    (6.7896888897e-01 5.8567663130e-17)
    (6.9764750311e-01 6.2279882895e-17)
    (7.1588411412e-01 6.6258245132e-17)
    (7.3358636508e-01 7.0442000759e-17)
    (7.5079956951e-01 7.4996146471e-17)
    (7.6745533679e-01 7.9887888540e-17)
    (7.8353256295e-01 8.5147274998e-17)
    (7.9901751861e-01 9.0806908008e-17)
    (8.1390305888e-01 9.6902138129e-17)
    (8.2818781969e-01 1.0347129281e-16)
    (8.4187543085e-01 1.1055595732e-16)
    (8.5497376287e-01 1.1820125626e-16)
    (8.6749422815e-01 1.2645617332e-16)
    (8.7945114297e-01 1.3537390505e-16)
    (8.9086115759e-01 1.4501225001e-16)
    (9.0174275648e-01 1.5543403585e-16)
    (9.1211582875e-01 1.6670758651e-16)
    (9.2200130648e-01 1.7890723087e-16)
    (9.3142086729e-01 1.9211385354e-16)
    (9.4039669615e-01 2.0641548680e-16)
    (9.4895130096e-01 2.2190794098e-16)
    (9.5710737510e-01 2.3869546830e-16)
    (9.6488770191e-01 2.5689145154e-16)
    (9.7229590192e-01 2.7655722317e-16)
    (9.7938516542e-01 2.9791890175e-16)
    (9.8616492913e-01 3.2108202187e-16)
    (9.9265725317e-01 3.4620254407e-16)
    (9.9888404860e-01 3.7344963917e-16)
    (1.0048670852e+00 4.0300671253e-16)
    (1.0106280054e+00 4.3507248777e-16)
    (1.0161883420e+00 4.6986214835e-16)
    (1.0215695391e+00 5.0760853252e-16)
    (1.0267929757e+00 5.4856337111e-16)
    (1.0318799893e+00 5.9299855839e-16)
    (1.0368231641e+00 6.4106620140e-16)
    (1.0417033534e+00 6.9335785589e-16)
    (1.0465120896e+00 7.5008126971e-16)
    (1.0510868798e+00 8.1132534195e-16)
    (1.0558591901e+00 8.7806486219e-16)
    (1.0606532011e+00 9.5042698574e-16)
    (1.0655074194e+00 1.0288665199e-15)
    (1.0704684867e+00 1.1138688023e-15)
    (1.0751997672e+00 1.2053604827e-15)
    (1.0804337616e+00 1.3051715558e-15)
    (1.0860944535e+00 1.4134275976e-15)
    (1.0921800381e+00 1.5306626163e-15)
    (1.0986620877e+00 1.6573296696e-15)
    (1.1060807526e+00 1.7947566527e-15)
    (1.1144567561e+00 1.9434603608e-15)
    (1.1240549775e+00 2.1043199183e-15)
    (1.1350476809e+00 2.2750021050e-15)
    (1.1481500995e+00 2.4631484156e-15)
    (1.1636258812e+00 2.6665139289e-15)
    (1.1819885899e+00 2.8862767096e-15)
    (1.2038177966e+00 3.1237079507e-15)
    (1.2301634388e+00 3.3831859359e-15)
    (1.2609969543e+00 3.6603449146e-15)
    (1.2973623006e+00 3.9596475592e-15)
    (1.3400043215e+00 4.2828483717e-15)
    (1.3902463429e+00 4.6313250283e-15)
    (1.4476740785e+00 5.0084988642e-15)
    (1.5134371384e+00 5.4158469416e-15)
    (1.5880617826e+00 5.8558559048e-15)
    (1.6719409929e+00 6.3312401289e-15)
    (1.7660607105e+00 6.8416973646e-15)
    (1.8689224005e+00 7.3969028538e-15)
    (1.9811674964e+00 7.9971375730e-15)
    (2.1024762198e+00 8.6461765325e-15)
    (2.2323544675e+00 9.3480855322e-15)
    (2.3723894726e+00 1.0114336915e-14)
    (2.5173051541e+00 1.0935554525e-14)
    (2.6685098823e+00 1.1823592480e-14)
    (2.8251127843e+00 1.2783732597e-14)
    (2.9864403845e+00 1.3818872309e-14)
    (3.1511716903e+00 1.4940882797e-14)
    (3.3187345263e+00 1.6152673132e-14)
    (3.4884072284e+00 1.7460807932e-14)
    (3.6595680228e+00 1.8872185991e-14)
    (3.8329812660e+00 2.0402040046e-14)
    (4.0054036492e+00 2.2040572669e-14)
    (4.1781426573e+00 2.3805152185e-14)
    (4.3510158689e+00 2.5704090681e-14)
    (4.5239369983e+00 2.7746061700e-14)
    (4.6971621121e+00 2.9941048565e-14)
    (4.8701409953e+00 3.2296043089e-14)
    (5.0433978978e+00 3.4822323791e-14)
    (5.2171246267e+00 3.7530046153e-14)
    (5.3915564382e+00 4.0429727967e-14)
    (5.5669629670e+00 4.3532243203e-14)
    (5.7436400435e+00 4.6848807558e-14)
    (5.9219025871e+00 5.0390963357e-14)
    (6.1010979376e+00 5.4160459834e-14)
    (6.2835570479e+00 5.8190343853e-14)
    (6.4679920423e+00 6.2477785037e-14)
    (6.6560078497e+00 6.7045113348e-14)
    (6.8473428104e+00 7.1902207010e-14)
    (7.0423340172e+00 7.7062247333e-14)
    (7.2409465159e+00 8.2533305791e-14)
    (7.4442081970e+00 8.8339241409e-14)
    (7.6521663603e+00 9.4491357217e-14)
    (7.8676105910e+00 1.0105126357e-13)
    (8.0858487204e+00 1.0794201054e-13)
    (8.3098278044e+00 1.1522542738e-13)
    (8.5398932950e+00 1.2291776770e-13)
    (8.7763949131e+00 1.3103567209e-13)
    (9.0196879697e+00 1.3959616665e-13)
    (9.2670974766e+00 1.4855159524e-13)
    (9.5251096885e+00 1.5804743484e-13)
    (9.7910839770e+00 1.6804180356e-13)
    (1.0065371630e+01 1.7855127932e-13)
    (1.0346344593e+01 1.8954916525e-13)
    (1.0638438926e+01 2.0114090085e-13)
    (1.0940187398e+01 2.1330846640e-13)
    (1.1925355136e+01 2.5299209141e-13)
    (1.2308824412e+01 2.6928933290e-13)
    (1.2709276652e+01 2.8648202605e-13)
    (1.3126439691e+01 3.0458535273e-13)
    (1.3561263285e+01 3.2363410713e-13)
    (1.4012493747e+01 3.4359007854e-13)
    (1.4484291915e+01 3.6457668549e-13)
    (1.4973992379e+01 3.8653179511e-13)
    (1.5487666223e+01 4.0960629450e-13)
    (1.6023909695e+01 4.3376921779e-13)
    (1.6583468512e+01 4.5902984289e-13)
    (1.7168941463e+01 4.8546526227e-13)
    (1.7781023451e+01 5.1307673716e-13)
    (1.8422151615e+01 5.4191591225e-13)
    (1.9092649339e+01 5.7197440116e-13)
    (1.9794733945e+01 6.0328882197e-13)
    (2.0530664058e+01 6.3589381404e-13)
    (2.1299508263e+01 6.6967572622e-13)
    (2.2109288431e+01 7.0492093155e-13)
    (2.2959485968e+01 7.4151650171e-13)
    (2.3850104879e+01 7.7933080739e-13)
    (2.4788921536e+01 8.1867107715e-13)
    (2.5776295005e+01 8.5939988212e-13)
    (2.6817698048e+01 9.0157617122e-13)
    (2.7909067436e+01 9.4494680536e-13)
    (2.9061538888e+01 9.8985956962e-13)
    (3.0279874265e+01 1.0362298492e-12)
    (3.1556757395e+01 1.0836908518e-12)
    (3.2908931845e+01 1.1327367762e-12)
    (3.4342348823e+01 1.1832201118e-12)
    (3.5842127009e+01 1.2346122070e-12)
    (3.7437719791e+01 1.2876335778e-12)
    (3.9117090489e+01 1.3414937473e-12)
    (4.0644106575e+01 1.3908650606e-12)
    (4.2796040127e+01 1.4536951014e-12)
    (4.4789131155e+01 1.5110279411e-12)
    (4.6589221150e+01 1.5633080438e-12)
    (4.9179324484e+01 1.6298888673e-12)
    (5.1201199815e+01 1.6841769909e-12)
    (5.4099126670e+01 1.7518376336e-12)
    (5.6778858337e+01 1.8134388101e-12)
    (5.9117854096e+01 1.8681540999e-12)
    (6.2718461942e+01 1.9401976301e-12)
    (6.5410085846e+01 1.9970465739e-12)
    (6.9496742822e+01 2.0696235029e-12)
    (7.3180976752e+01 2.1337747731e-12)
    (7.7182577491e+01 2.1993830941e-12)
    (8.1420085225e+01 2.2643000964e-12)
    (8.6011788405e+01 2.3301257251e-12)
    (9.0867763137e+01 2.3945856514e-12)
    (9.6165388139e+01 2.4602086057e-12)
    (1.0177823578e+02 2.5242691615e-12)
    (1.0792309375e+02 2.5892123981e-12)
    (1.1458604701e+02 2.6536308994e-12)
    (1.2160542734e+02 2.7158391726e-12)
    (1.2939531717e+02 2.7788350046e-12)
    (1.3542361118e+02 2.8279462592e-12)
    (1.4388362195e+02 2.8849795207e-12)
    (1.5371740495e+02 2.9459233702e-12)
    (1.6736124994e+02 3.0178191561e-12)
    (1.7556818514e+02 3.0612825351e-12)
    (1.9180551086e+02 3.1292861676e-12)
    (2.0148427830e+02 3.1689728568e-12)
);
