// PvibN vs reducedE [V m^2]; air_plasma [94c490be646f8872], T_gas = 300.000000 K
(
    (0 1.2623643800e-19)
    (1.0000000000e-22 1.2623643800e-19)
    (1.0452754953e-22 1.4177553482e-19)
    (1.0926008611e-22 1.5822004773e-19)
    (1.1420689063e-22 1.7564793026e-19)
    (1.1937766417e-22 1.9413848464e-19)
    (1.2478254705e-22 2.1377104101e-19)
    (1.3043213867e-22 2.3462465208e-19)
    (1.3633751836e-22 2.5677843905e-19)
    (1.4251026703e-22 2.8031229246e-19)
    (1.4896248996e-22 3.0530779414e-19)
    (1.5570684048e-22 3.4353176082e-19)
    (1.6275654480e-22 3.6002491868e-19)
    (1.7012542799e-22 3.8992812114e-19)
    (1.7782794100e-22 4.2165863817e-19)
    (1.8587918911e-22 4.5532400278e-19)
    (1.9429496147e-22 4.9104090402e-19)
    (2.0309176209e-22 5.2893662522e-19)
    (2.1228684221e-22 5.6865385173e-19)
    (2.2189823415e-22 6.1123842712e-19)
    (2.3194478661e-22 6.5643898419e-19)
    (2.4244620171e-22 7.0506145167e-19)
    (2.5342307358e-22 7.5605738683e-19)
    (2.6489692876e-22 8.1026599629e-19)
    (2.7689026842e-22 8.6792400623e-19)
    (2.8942661247e-22 9.2929018243e-19)
    (3.0253054571e-22 9.9464696057e-19)
    (3.1622776602e-22 1.0643021431e-18)
    (3.3054513476e-22 1.1385906370e-18)
    (3.4551072946e-22 1.2178763480e-18)
    (3.6115389887e-22 1.3025541131e-18)
    (3.7750532053e-22 1.3930517896e-18)
    (3.9459706091e-22 1.4898324759e-18)
    (4.1246263829e-22 1.5933968816e-18)
    (4.3113708854e-22 1.7042858595e-18)
    (4.5065703377e-22 1.8230831031e-18)
    (4.7106075420e-22 1.9504180090e-18)
    (4.9238826317e-22 2.0869686974e-18)
    (5.1468138568e-22 2.2334651682e-18)
    (5.3798384034e-22 2.3906925627e-18)
    (5.6234132519e-22 2.5594944761e-18)
    (5.8780160723e-22 2.7407762522e-18)
    (6.1441461614e-22 2.9355081582e-18)
    (6.4223254222e-22 3.1447283069e-18)
    (6.7130993868e-22 3.3695451441e-18)
    (7.0170382867e-22 3.6111392661e-18)
    (7.3347381708e-22 3.8718264769e-18)
    (7.6668220745e-22 4.1507660501e-18)
    (8.0139412415e-22 4.4511425420e-18)
    (8.3767764007e-22 4.7740338742e-18)
    (8.7560391014e-22 5.1210835789e-18)
    (9.1524731088e-22 5.4958376472e-18)
    (9.5668558622e-22 5.8966141246e-18)
    (1.0000000000e-21 6.3271153963e-18)
    (1.0452754953e-21 6.7893745924e-18)
    (1.0926008611e-21 7.2855091087e-18)
    (1.1420689063e-21 7.8203517401e-18)
    (1.1937766417e-21 8.3909512015e-18)
    (1.2478254705e-21 9.0022609407e-18)
    (1.3043213867e-21 9.6566615788e-18)
    (1.3633751836e-21 1.0356561442e-17)
    (1.4251026703e-21 1.1104378947e-17)
    (1.4896248996e-21 1.1902525316e-17)
    (1.5570684048e-21 1.2753388278e-17)
    (1.6275654480e-21 1.3659318895e-17)
    (1.7012542799e-21 1.4622622999e-17)
    (1.7782794100e-21 1.5646493520e-17)
    (1.8587918911e-21 1.6731349191e-17)
    (1.9429496147e-21 1.7880401882e-17)
    (2.0309176209e-21 1.9095987623e-17)
    (2.1228684221e-21 2.0380563078e-17)
    (2.2189823415e-21 2.1736791801e-17)
    (2.3194478661e-21 2.3167636593e-17)
    (2.4244620171e-21 2.4676486790e-17)
    (2.5342307358e-21 2.6267248056e-17)
    (2.6489692876e-21 2.7944491051e-17)
    (2.7689026842e-21 2.9713582652e-17)
    (2.8942661247e-21 3.1580808902e-17)
    (3.0253054571e-21 3.3553496935e-17)
    (3.1622776602e-21 3.5640127624e-17)
    (3.3054513476e-21 3.7850440256e-17)
    (3.4551072946e-21 4.0195529554e-17)
    (3.6115389887e-21 4.2687936457e-17)
    (3.7750532053e-21 4.5341738065e-17)
    (3.9459706091e-21 4.8172636922e-17)
    (4.1246263829e-21 5.1198055099e-17)
    (4.3113708854e-21 5.4437234286e-17)
    (4.5065703377e-21 5.7911342907e-17)
    (4.7106075420e-21 6.1643589685e-17)
    (4.9238826317e-21 6.5575441676e-17)
    (5.1468138568e-21 6.9869113665e-17)
    (5.3798384034e-21 7.4493478749e-17)
    (5.6234132519e-21 7.9478821220e-17)
    (5.8780160723e-21 8.4857923115e-17)
    (6.1441461614e-21 9.0666256166e-17)
    (6.4223254222e-21 9.6942208785e-17)
    (6.7130993868e-21 1.0372736593e-16)
    (7.0170382867e-21 1.1106679010e-16)
    (7.3347381708e-21 1.1900934065e-16)
    (7.6668220745e-21 1.2760802698e-16)
    (8.0139412415e-21 1.3692039692e-16)
    (8.3767764007e-21 1.4700896264e-16)
    (8.7560391014e-21 1.5794166609e-16)
    (9.1524731088e-21 1.6979238545e-16)
    (9.5668558622e-21 1.8264148301e-16)
    (1.0000000000e-20 1.9657639356e-16)
    (1.0452754953e-20 2.1169225074e-16)
    (1.0926008611e-20 2.2809254619e-16)
    (1.1420689063e-20 2.4588981314e-16)
    (1.1937766417e-20 2.6514571148e-16)
    (1.2478254705e-20 2.8608329360e-16)
    (1.3043213867e-20 3.0880787761e-16)
    (1.3633751836e-20 3.3347421891e-16)
    (1.4251026703e-20 3.6025017827e-16)
    (1.4896248996e-20 3.8931774212e-16)
    (1.5570684048e-20 4.2087410262e-16)
    (1.6275654480e-20 4.5513279576e-16)
    (1.7012542799e-20 4.9232489313e-16)
    (1.7782794100e-20 5.3270023678e-16)
    (1.8587918911e-20 5.7652870745e-16)
    (1.9429496147e-20 6.2396307588e-16)
    (2.0309176209e-20 6.7558704259e-16)
    (2.1228684221e-20 7.3160870569e-16)
    (2.2189823415e-20 7.9212548923e-16)
    (2.3194478661e-20 8.5808237440e-16)
    (2.4244620171e-20 9.2961634882e-16)
    (2.5342307358e-20 1.0071772052e-15)
    (2.6489692876e-20 1.0912441094e-15)
    (2.7689026842e-20 1.1815303955e-15)
    (2.8942661247e-20 1.2800878810e-15)
    (3.0253054571e-20 1.3868764085e-15)
    (3.1622776602e-20 1.5023497956e-15)
    (3.3054513476e-20 1.6268209608e-15)
    (3.4551072946e-20 1.7614558850e-15)
    (3.6115389887e-20 1.9065164129e-15)
    (3.7750532053e-20 2.0625354538e-15)
    (3.9459706091e-20 2.2266511213e-15)
    (4.1246263829e-20 2.4059501070e-15)
    (4.3113708854e-20 2.5973274250e-15)
    (4.5065703377e-20 2.8008818797e-15)
    (4.7106075420e-20 3.0165088357e-15)
    (4.9238826317e-20 3.2461200217e-15)
    (5.1468138568e-20 3.4845397666e-15)
    (5.3798384034e-20 3.7330497955e-15)
    (5.6234132519e-20 3.9903271128e-15)
    (5.8780160723e-20 4.2529965072e-15)
    (6.1441461614e-20 4.5224569950e-15)
    (6.4223254222e-20 4.7945230773e-15)
    (6.7130993868e-20 5.0664970465e-15)
    (7.0170382867e-20 5.3354564941e-15)
    (7.3347381708e-20 5.5923731267e-15)
    (7.6668220745e-20 5.8460175282e-15)
    (8.0139412415e-20 6.0875834057e-15)
    (8.3767764007e-20 6.3143074530e-15)
    (8.7560391014e-20 6.5237476108e-15)
    (9.1524731088e-20 6.7132950492e-15)
    (9.5668558622e-20 6.8824247324e-15)
    (1.0000000000e-19 7.0296667088e-15)
    (1.0452754953e-19 7.1545160129e-15)
    (1.0926008611e-19 7.2520271084e-15)
    (1.1420689063e-19 7.3331448823e-15)
    (1.1937766417e-19 7.3931228364e-15)
    (1.2478254705e-19 7.4331454010e-15)
    (1.3043213867e-19 7.4546480243e-15)
    (1.3633751836e-19 7.4602051046e-15)
    (1.4251026703e-19 7.4494415753e-15)
    (1.4896248996e-19 7.4252820459e-15)
    (1.5570684048e-19 7.3894593483e-15)
    (1.6275654480e-19 7.3436539270e-15)
    (1.7012542799e-19 7.2871007173e-15)
    (1.7782794100e-19 7.2262292176e-15)
    (1.8587918911e-19 7.1598117731e-15)
    (1.9429496147e-19 7.0890865755e-15)
    (2.0309176209e-19 7.0151604134e-15)
    (2.1228684221e-19 6.9390102541e-15)
    (2.2189823415e-19 6.8614879247e-15)
    (2.3194478661e-19 6.7833269499e-15)
    (2.4244620171e-19 6.7030123536e-15)
    (2.5342307358e-19 6.6255909677e-15)
    (2.6489692876e-19 6.5493577140e-15)
    (2.7689026842e-19 6.4740712601e-15)
    (2.8942661247e-19 6.4003329587e-15)
    (3.0253054571e-19 6.3283591966e-15)
    (3.1622776602e-19 6.2574580582e-15)
    (3.3054513476e-19 6.1895804447e-15)
    (3.4551072946e-19 6.1237858076e-15)
    (3.6115389887e-19 6.0549637388e-15)
    (3.7750532053e-19 5.9936496383e-15)
    (3.9459706091e-19 5.9344330292e-15)
    (4.1246263829e-19 5.8772679425e-15)
    (4.3113708854e-19 5.8220905268e-15)
    (4.5065703377e-19 5.7688222344e-15)
    (4.7106075420e-19 5.7188665855e-15)
    (4.9238826317e-19 5.6690279975e-15)
    (5.1468138568e-19 5.6207990736e-15)
    (5.3798384034e-19 5.5740664950e-15)
    (5.6234132519e-19 5.5276353783e-15)
    (5.8780160723e-19 5.4835759995e-15)
    (6.1441461614e-19 5.4406433012e-15)
    (6.4223254222e-19 5.2806262720e-15)
    (6.7130993868e-19 5.2342235964e-15)
    (7.0170382867e-19 5.1906966133e-15)
    (7.3347381708e-19 5.1476181785e-15)
    (7.6668220745e-19 5.1048204307e-15)
    (8.0139412415e-19 5.0641668855e-15)
    (8.3767764007e-19 5.0212759928e-15)
    (8.7560391014e-19 4.9753561338e-15)
    (9.1524731088e-19 4.9322935737e-15)
    (9.5668558622e-19 4.8887501191e-15)
    (1.0000000000e-18 4.8438968547e-15)
    (1.0452754953e-18 4.7989745624e-15)
    (1.0926008611e-18 4.7531815849e-15)
    (1.1420689063e-18 4.7068705893e-15)
    (1.1937766417e-18 4.6588348218e-15)
    (1.2478254705e-18 4.6096167683e-15)
    (1.3043213867e-18 4.5591099531e-15)
    (1.3633751836e-18 4.5040446794e-15)
    (1.4251026703e-18 4.4510919965e-15)
    (1.4896248996e-18 4.3966026751e-15)
    (1.5570684048e-18 4.3407575607e-15)
    (1.6275654480e-18 4.2829820700e-15)
    (1.7012542799e-18 4.2235862031e-15)
    (1.7782794100e-18 4.1624870077e-15)
    (1.8587918911e-18 4.0998473380e-15)
    (1.9429496147e-18 4.0354709192e-15)
    (2.0309176209e-18 3.9694144806e-15)
    (2.1228684221e-18 3.9001760302e-15)
    (2.2189823415e-18 3.8313021042e-15)
    (2.3194478661e-18 3.7608121002e-15)
    (2.4244620171e-18 3.6877686939e-15)
    (2.5342307358e-18 3.6147058433e-15)
    (2.6489692876e-18 3.5398024884e-15)
    (2.7689026842e-18 3.4583820668e-15)
    (2.8942661247e-18 3.3875212377e-15)
    (3.0253054571e-18 3.3093335076e-15)
    (3.1622776602e-18 3.2250696360e-15)
    (3.3054513476e-18 3.1511343245e-15)
    (3.4551072946e-18 3.0670394736e-15)
    (3.6115389887e-18 2.9895987095e-15)
    (3.7750532053e-18 2.9078571149e-15)
    (3.9459706091e-18 2.8222517356e-15)
    (4.1246263829e-18 2.7436901390e-15)
    (4.3113708854e-18 2.6603073033e-15)
    (4.5065703377e-18 2.5805905003e-15)
    (4.7106075420e-18 2.4989465412e-15)
    (4.9238826317e-18 2.4179112120e-15)
    (5.1468138568e-18 2.3365338731e-15)
    (5.3798384034e-18 2.2565398167e-15)
    (5.6234132519e-18 2.1768620128e-15)
    (5.8780160723e-18 2.0983543580e-15)
    (6.1441461614e-18 2.0201361324e-15)
    (6.4223254222e-18 1.9435838473e-15)
    (6.7130993868e-18 1.8680773914e-15)
    (7.0170382867e-18 1.7935647474e-15)
    (7.3347381708e-18 1.7206360346e-15)
    (7.6668220745e-18 1.6459520475e-15)
    (8.0139412415e-18 1.5753989270e-15)
    (8.3767764007e-18 1.5075680412e-15)
    (8.7560391014e-18 1.4427150364e-15)
    (9.1524731088e-18 1.3733261429e-15)
    (9.5668558622e-18 1.3140574827e-15)
    (1.0000000000e-17 1.2482279997e-15)
);
