// DEpsN vs mean energy [eV]; air_plasma [23a06d772827b718], T_gas = 300.000000 K
(
    (0 1.2213770171e+24)
    (8.3422134201e-02 1.2213770171e+24)
    (8.8462680050e-02 1.2249247636e+24)
    (9.3491060499e-02 1.2282977823e+24)
    (9.6777619891e-02 1.2303665061e+24)
    (1.0175997315e-01 1.2334939765e+24)
    (1.0646293907e-01 1.2363784236e+24)
    (1.1133785898e-01 1.2398087201e+24)
    (1.1494524000e-01 1.2415189454e+24)
    (1.1873395973e-01 1.2438333831e+24)
    (1.2224734874e-01 1.2460152454e+24)
    (1.2551219849e-01 1.2480903580e+24)
    (1.2824328374e-01 1.2500821527e+24)
    (1.3141043808e-01 1.2520115173e+24)
    (1.3383153708e-01 1.2539518070e+24)
    (1.3676045299e-01 1.2560897091e+24)
    (1.3906586166e-01 1.2577282245e+24)
    (1.4141448729e-01 1.2595769235e+24)
    (1.4369352067e-01 1.2614444398e+24)
    (1.4592237950e-01 1.2633430259e+24)
    (1.4811895507e-01 1.2652840477e+24)
    (1.5029968859e-01 1.2672780472e+24)
    (1.5247964864e-01 1.2693348087e+24)
    (1.5467260739e-01 1.2714634302e+24)
    (1.5689111725e-01 1.2736724047e+24)
    (1.5914658981e-01 1.2759697191e+24)
    (1.6144937818e-01 1.2783629649e+24)
    (1.6380886523e-01 1.2808594682e+24)
    (1.6623355953e-01 1.2834664359e+24)
    (1.6873119978e-01 1.2861911168e+24)
    (1.7130886915e-01 1.2890409788e+24)
    (1.7397311959e-01 1.2920238984e+24)
    (1.7673010631e-01 1.2951483643e+24)
    (1.7958573144e-01 1.2984236906e+24)
    (1.8254579637e-01 1.3018602433e+24)
    (1.8561616139e-01 1.3054696779e+24)
    (1.8880291207e-01 1.3092651908e+24)
    (1.9211253088e-01 1.3132617846e+24)
    (1.9555207395e-01 1.3174765473e+24)
    (1.9912935206e-01 1.3219289430e+24)
    (2.0285311488e-01 1.3266411047e+24)
    (2.0673323717e-01 1.3316381159e+24)
    (2.1077955069e-01 1.3369776896e+24)
    (2.1499326283e-01 1.3426456441e+24)
    (2.1942255698e-01 1.3487135825e+24)
    (2.2406764334e-01 1.3552228621e+24)
    (2.2896000916e-01 1.3622729565e+24)
    (2.3410210934e-01 1.3698328910e+24)
    (2.3953467239e-01 1.3780200014e+24)
    (2.4529093645e-01 1.3869121714e+24)
    (2.5140825018e-01 1.3966256076e+24)
    (2.5793258691e-01 1.4071884608e+24)
    (2.6491215469e-01 1.4187277962e+24)
    (2.7240227530e-01 1.4313382461e+24)
    (2.8046375297e-01 1.4451091838e+24)
    (2.8916213748e-01 1.4601184304e+24)
    (2.9856646161e-01 1.4764249911e+24)
    (3.0874738545e-01 1.4940613404e+24)
    (3.1977472197e-01 1.5130260099e+24)
    (3.3168362229e-01 1.5332577104e+24)
    (3.4459290637e-01 1.5547068273e+24)
    (3.5851916481e-01 1.5772243125e+24)
    (3.7349390343e-01 1.6006358564e+24)
    (3.8952971105e-01 1.6247304854e+24)
    (4.0661729963e-01 1.6492698221e+24)
    (4.2472352370e-01 1.6739995422e+24)
    (4.4379064350e-01 1.6986617869e+24)
    (4.6373698345e-01 1.7230072109e+24)
    (4.8445899582e-01 1.7468055037e+24)
    (5.0583459041e-01 1.7698535499e+24)
    (5.2772746033e-01 1.7919808124e+24)
    (5.4999204197e-01 1.8130519222e+24)
    (5.7247870695e-01 1.8329667826e+24)
    (5.9503879746e-01 1.8516586952e+24)
    (6.1752917515e-01 1.8690910946e+24)
    (6.3981604274e-01 1.8852534617e+24)
    (6.6177789913e-01 1.9001569022e+24)
    (6.8330758583e-01 1.9138297648e+24)
    (7.0431346420e-01 1.9263135557e+24)
    (7.2467697436e-01 1.9376526386e+24)
    (7.4441509710e-01 1.9479178542e+24)
    (7.6344531747e-01 1.9571641217e+24)
    (7.8173515144e-01 1.9654544758e+24)
    (7.9926434244e-01 1.9728520630e+24)
    (8.1602339392e-01 1.9794188894e+24)
    (8.3201207605e-01 1.9852148897e+24)
    (8.4723797325e-01 1.9902972618e+24)
    (8.6171511997e-01 1.9947200125e+24)
    (8.7546275606e-01 1.9985336700e+24)
    (8.8850422020e-01 2.0017851266e+24)
    (9.0086598971e-01 2.0045175801e+24)
    (9.1257686765e-01 2.0067705490e+24)
    (9.2366731217e-01 2.0085799435e+24)
    (9.3416889937e-01 2.0099781741e+24)
    (9.4411390757e-01 2.0109942884e+24)
    (9.5353500920e-01 2.0116541241e+24)
    (9.6246505520e-01 2.0119804726e+24)
    (9.7091857930e-01 2.0119895525e+24)
    (9.7895628770e-01 2.0117046638e+24)
    (9.8659875486e-01 2.0111379429e+24)
    (9.9387769322e-01 2.0103015648e+24)
    (1.0008245462e+00 2.0092054478e+24)
    (1.0074705061e+00 2.0078573956e+24)
    (1.0138465437e+00 2.0062632332e+24)
    (1.0199834445e+00 2.0044269357e+24)
    (1.0259118506e+00 2.0023507516e+24)
    (1.0316623064e+00 2.0000353215e+24)
    (1.0372368134e+00 1.9975424767e+24)
    (1.0427253204e+00 1.9947451520e+24)
    (1.0479294135e+00 1.9917384719e+24)
    (1.0533131407e+00 1.9885210796e+24)
    (1.0587015549e+00 1.9851141313e+24)
    (1.0641455878e+00 1.9815588342e+24)
    (1.0697076953e+00 1.9779236678e+24)
    (1.0750720293e+00 1.9742494329e+24)
    (1.0809973277e+00 1.9713342639e+24)
    (1.0874475840e+00 1.9684294881e+24)
    (1.0944735414e+00 1.9663641974e+24)
    (1.1021354195e+00 1.9655874287e+24)
    (1.1110462081e+00 1.9669953187e+24)
    (1.1213652590e+00 1.9713588308e+24)
    (1.1333688578e+00 1.9801291832e+24)
    (1.1479276605e+00 1.9941110902e+24)
    (1.1654776904e+00 2.0151392410e+24)
    (1.1867523231e+00 2.0449567971e+24)
    (1.2125891895e+00 2.0853672932e+24)
    (1.2443761699e+00 2.1399717811e+24)
    (1.2823184390e+00 2.2066546172e+24)
    (1.3278130703e+00 2.2880521652e+24)
    (1.3819109720e+00 2.3844843317e+24)
    (1.4462628824e+00 2.4966411446e+24)
    (1.5205346482e+00 2.6210219048e+24)
    (1.6060431212e+00 2.7567399660e+24)
    (1.7033101278e+00 2.9012971008e+24)
    (1.8133236744e+00 3.0550088990e+24)
    (1.9345349977e+00 3.2084823412e+24)
    (2.0673826653e+00 3.3625508338e+24)
    (2.2112586444e+00 3.5149702165e+24)
    (2.3675391486e+00 3.6663611879e+24)
    (2.5306547436e+00 3.8103022727e+24)
    (2.7016797611e+00 3.9487110171e+24)
    (2.8793718350e+00 4.0811658685e+24)
    (3.0627158465e+00 4.2076801996e+24)
    (3.2500925522e+00 4.3281516620e+24)
    (3.4406844079e+00 4.4430871556e+24)
    (3.6335931443e+00 4.5529484507e+24)
    (3.8293914994e+00 4.6592273440e+24)
    (4.0246201322e+00 4.7604195342e+24)
    (4.2205744262e+00 4.8582833536e+24)
    (4.4170654205e+00 4.9534053017e+24)
    (4.6140592698e+00 5.0463587453e+24)
    (4.8118293106e+00 5.1378347203e+24)
    (5.0101425298e+00 5.2280556036e+24)
    (5.2096264803e+00 5.3177116644e+24)
    (5.4106830855e+00 5.4072824066e+24)
    (5.6137791567e+00 5.4972222358e+24)
    (5.8194315888e+00 5.5879604000e+24)
    (6.0281942774e+00 5.6799006198e+24)
    (6.2397182407e+00 5.7738093159e+24)
    (6.4559105451e+00 5.8689662977e+24)
    (6.6776519205e+00 5.9667887764e+24)
    (6.9049922865e+00 6.0672930083e+24)
    (7.1385780794e+00 6.1707903721e+24)
    (7.3786430488e+00 6.2781129586e+24)
    (7.6265303642e+00 6.3883033355e+24)
    (7.8826257025e+00 6.5023004477e+24)
    (8.1497191059e+00 6.6200984559e+24)
    (8.4240092405e+00 6.7423657242e+24)
    (8.7085308876e+00 6.8690694842e+24)
    (9.0040228143e+00 7.0004514182e+24)
    (9.3087340154e+00 7.1372655365e+24)
    (9.6283995994e+00 7.2784653472e+24)
    (9.9612246963e+00 7.4248380002e+24)
    (1.0308125495e+01 7.5767335082e+24)
    (1.0668465983e+01 7.7345462845e+24)
    (1.1045828452e+01 7.8977185684e+24)
    (1.1439820622e+01 8.0669863170e+24)
    (1.1851696174e+01 8.2430330304e+24)
    (1.2280620034e+01 8.4255889853e+24)
    (1.2730516764e+01 8.6149483285e+24)
    (1.3201609335e+01 8.8123368827e+24)
    (1.3695082127e+01 9.0181337804e+24)
    (1.4209909604e+01 9.2319532353e+24)
    (1.4748613160e+01 9.4576916180e+24)
    (1.5316430848e+01 9.6907994060e+24)
    (1.5912205402e+01 9.9347439664e+24)
    (1.6537243804e+01 1.0192661329e+25)
    (1.7194717344e+01 1.0461621833e+25)
    (1.7885901787e+01 1.0744378984e+25)
    (1.8613989945e+01 1.1046571363e+25)
    (1.9379845460e+01 1.1360945859e+25)
    (2.0186705972e+01 1.1692756786e+25)
    (2.1034800734e+01 1.2049486200e+25)
    (2.1932990500e+01 1.2420627168e+25)
    (2.2881431137e+01 1.2813524894e+25)
    (2.3881383122e+01 1.3236660856e+25)
    (2.4941600051e+01 1.3677596790e+25)
    (2.6064042589e+01 1.4145707701e+25)
    (2.7252346416e+01 1.4651007186e+25)
    (2.8390136249e+01 1.5098783928e+25)
    (2.9849584724e+01 1.5737101622e+25)
);
