// DEpsN vs reducedE [V m^2]; air_plasma [23a06d772827b718], T_gas = 300.000000 K
(
    (0 1.2213770171e+24)
    (1.0000000000e-22 1.2213770171e+24)
    (1.0510254106e-22 1.2249247636e+24)
    (1.1046544136e-22 1.2282977823e+24)
    (1.1610198586e-22 1.2303665061e+24)
    (1.2202613736e-22 1.2334939765e+24)
    (1.2825257111e-22 1.2363784236e+24)
    (1.3479671121e-22 1.2398087201e+24)
    (1.4167476874e-22 1.2415189454e+24)
    (1.4890378198e-22 1.2438333831e+24)
    (1.5650165859e-22 1.2460152454e+24)
    (1.6448721998e-22 1.2480903580e+24)
    (1.7288024791e-22 1.2500821527e+24)
    (1.8170153353e-22 1.2520115173e+24)
    (1.9097292888e-22 1.2539518070e+24)
    (2.0071740098e-22 1.2560897091e+24)
    (2.1095908877e-22 1.2577282245e+24)
    (2.2172336289e-22 1.2595769235e+24)
    (2.3303688851e-22 1.2614444398e+24)
    (2.4492769142e-22 1.2633430259e+24)
    (2.5742522744e-22 1.2652840477e+24)
    (2.7056045535e-22 1.2672780472e+24)
    (2.8436591367e-22 1.2693348087e+24)
    (2.9887580116e-22 1.2714634302e+24)
    (3.1412606162e-22 1.2736724047e+24)
    (3.3015447288e-22 1.2759697191e+24)
    (3.4700074041e-22 1.2783629649e+24)
    (3.6470659565e-22 1.2808594682e+24)
    (3.8331589943e-22 1.2834664359e+24)
    (4.0287475057e-22 1.2861911168e+24)
    (4.2343160012e-22 1.2890409788e+24)
    (4.4503737136e-22 1.2920238984e+24)
    (4.6774558595e-22 1.2951483643e+24)
    (4.9161249651e-22 1.2984236906e+24)
    (5.1669722598e-22 1.3018602433e+24)
    (5.4306191407e-22 1.3054696779e+24)
    (5.7077187120e-22 1.3092651908e+24)
    (5.9989574026e-22 1.3132617846e+24)
    (6.3050566670e-22 1.3174765473e+24)
    (6.6267747720e-22 1.3219289430e+24)
    (6.9649086754e-22 1.3266411047e+24)
    (7.3202960001e-22 1.3316381159e+24)
    (7.6938171089e-22 1.3369776896e+24)
    (8.0863972857e-22 1.3426456441e+24)
    (8.4990090271e-22 1.3487135825e+24)
    (8.9326744521e-22 1.3552228621e+24)
    (9.3884678334e-22 1.3622729565e+24)
    (9.8675182591e-22 1.3698328910e+24)
    (1.0371012429e-21 1.3780200014e+24)
    (1.0900197597e-21 1.3869121714e+24)
    (1.1456384654e-21 1.3966256076e+24)
    (1.2040951385e-21 1.4071884608e+24)
    (1.2655345872e-21 1.4187277962e+24)
    (1.3301090091e-21 1.4313382461e+24)
    (1.3979783674e-21 1.4451091838e+24)
    (1.4693107876e-21 1.4601184304e+24)
    (1.5442829737e-21 1.4764249911e+24)
    (1.6230806465e-21 1.4940613404e+24)
    (1.7058990029e-21 1.5130260099e+24)
    (1.7929431998e-21 1.5332577104e+24)
    (1.8844288627e-21 1.5547068273e+24)
    (1.9805826191e-21 1.5772243125e+24)
    (2.0816426604e-21 1.6006358564e+24)
    (2.1878593318e-21 1.6247304854e+24)
    (2.2994957524e-21 1.6492698221e+24)
    (2.4168284673e-21 1.6739995422e+24)
    (2.5401481321e-21 1.6986617869e+24)
    (2.6697602334e-21 1.7230072109e+24)
    (2.8059858454e-21 1.7468055037e+24)
    (2.9491624252e-21 1.7698535499e+24)
    (3.0996446487e-21 1.7919808124e+24)
    (3.2578052895e-21 1.8130519222e+24)
    (3.4240361419e-21 1.8329667826e+24)
    (3.5987489918e-21 1.8516586952e+24)
    (3.7823766366e-21 1.8690910946e+24)
    (3.9753739574e-21 1.8852534617e+24)
    (4.1782190457e-21 1.9001569022e+24)
    (4.3914143879e-21 1.9138297648e+24)
    (4.6154881100e-21 1.9263135557e+24)
    (4.8509952857e-21 1.9376526386e+24)
    (5.0985193118e-21 1.9479178542e+24)
    (5.3586733529e-21 1.9571641217e+24)
    (5.6321018608e-21 1.9654544758e+24)
    (5.9194821706e-21 1.9728520630e+24)
    (6.2215261786e-21 1.9794188894e+24)
    (6.5389821062e-21 1.9852148897e+24)
    (6.8726363528e-21 1.9902972618e+24)
    (7.2233154443e-21 1.9947200125e+24)
    (7.5918880804e-21 1.9985336700e+24)
    (7.9792672866e-21 2.0017851266e+24)
    (8.3864126759e-21 2.0045175801e+24)
    (8.8143328258e-21 2.0067705490e+24)
    (9.2640877770e-21 2.0085799435e+24)
    (9.7367916593e-21 2.0099781741e+24)
    (1.0233615451e-20 2.0109942884e+24)
    (1.0755789881e-20 2.0116541241e+24)
    (1.1304608476e-20 2.0119804726e+24)
    (1.1881430764e-20 2.0119895525e+24)
    (1.2487685647e-20 2.0117046638e+24)
    (1.3124874934e-20 2.0111379429e+24)
    (1.3794577066e-20 2.0103015648e+24)
    (1.4498451025e-20 2.0092054478e+24)
    (1.5238240441e-20 2.0078573956e+24)
    (1.6015777915e-20 2.0062632332e+24)
    (1.6832989559e-20 2.0044269357e+24)
    (1.7691899762e-20 2.0023507516e+24)
    (1.8594636211e-20 2.0000353215e+24)
    (1.9543435158e-20 1.9975424767e+24)
    (2.0540646960e-20 1.9947451520e+24)
    (2.1588741905e-20 1.9917384719e+24)
    (2.2690316324e-20 1.9885210796e+24)
    (2.3848099030e-20 1.9851141313e+24)
    (2.5064958074e-20 1.9815588342e+24)
    (2.6343907850e-20 1.9779236678e+24)
    (2.7688116564e-20 1.9742494329e+24)
    (2.9100914079e-20 1.9713342639e+24)
    (3.0585800168e-20 1.9684294881e+24)
    (3.2146453179e-20 1.9663641974e+24)
    (3.3786739150e-20 1.9655874287e+24)
    (3.5510721387e-20 1.9669953187e+24)
    (3.7322670525e-20 1.9713588308e+24)
    (3.9227075111e-20 1.9801291832e+24)
    (4.1228652724e-20 1.9941110902e+24)
    (4.3332361656e-20 2.0151392410e+24)
    (4.5543413200e-20 2.0449567971e+24)
    (4.7867284557e-20 2.0853672932e+24)
    (5.0309732403e-20 2.1399717811e+24)
    (5.2876807154e-20 2.2066546172e+24)
    (5.5574867948e-20 2.2880521652e+24)
    (5.8410598402e-20 2.3844843317e+24)
    (6.1391023167e-20 2.4966411446e+24)
    (6.4523525328e-20 2.6210219048e+24)
    (6.7815864699e-20 2.7567399660e+24)
    (7.1276197038e-20 2.9012971008e+24)
    (7.4913094254e-20 3.0550088990e+24)
    (7.8735565645e-20 3.2084823412e+24)
    (8.2753080208e-20 3.3625508338e+24)
    (8.6975590100e-20 3.5149702165e+24)
    (9.1413555293e-20 3.6663611879e+24)
    (9.6077969483e-20 3.8103022727e+24)
    (1.0098038732e-19 3.9487110171e+24)
    (1.0613295304e-19 4.0811658685e+24)
    (1.1154843055e-19 4.2076801996e+24)
    (1.1724023501e-19 4.3281516620e+24)
    (1.2322246614e-19 4.4430871556e+24)
    (1.2950994306e-19 4.5529484507e+24)
    (1.3611824108e-19 4.6592273440e+24)
    (1.4306373021e-19 4.7604195342e+24)
    (1.5036361578e-19 4.8582833536e+24)
    (1.5803598101e-19 4.9534053017e+24)
    (1.6609983183e-19 5.0463587453e+24)
    (1.7457514394e-19 5.1378347203e+24)
    (1.8348291233e-19 5.2280556036e+24)
    (1.9284520326e-19 5.3177116644e+24)
    (2.0268520893e-19 5.4072824066e+24)
    (2.1302730493e-19 5.4972222358e+24)
    (2.2389711063e-19 5.5879604000e+24)
    (2.3532155262e-19 5.6799006198e+24)
    (2.4732893146e-19 5.7738093159e+24)
    (2.5994899173e-19 5.8689662977e+24)
    (2.7321299575e-19 5.9667887764e+24)
    (2.8715380103e-19 6.0672930083e+24)
    (3.0180594162e-19 6.1707903721e+24)
    (3.1720571370e-19 6.2781129586e+24)
    (3.3339126548e-19 6.3883033355e+24)
    (3.5040269168e-19 6.5023004477e+24)
    (3.6828213288e-19 6.6200984559e+24)
    (3.8707387991e-19 6.7423657242e+24)
    (4.0682448355e-19 6.8690694842e+24)
    (4.2758286985e-19 7.0004514182e+24)
    (4.4940046133e-19 7.1372655365e+24)
    (4.7233130437e-19 7.2784653472e+24)
    (4.9643220310e-19 7.4248380002e+24)
    (5.2176286008e-19 7.5767335082e+24)
    (5.4838602423e-19 7.7345462845e+24)
    (5.7636764626e-19 7.8977185684e+24)
    (6.0577704204e-19 8.0669863170e+24)
    (6.3668706432e-19 8.2430330304e+24)
    (6.6917428317e-19 8.4255889853e+24)
    (7.0331917570e-19 8.6149483285e+24)
    (7.3920632540e-19 8.8123368827e+24)
    (7.7692463164e-19 9.0181337804e+24)
    (8.1656752994e-19 9.2319532353e+24)
    (8.5823322341e-19 9.4576916180e+24)
    (9.0202492599e-19 9.6907994060e+24)
    (9.4805111817e-19 9.9347439664e+24)
    (9.9642581570e-19 1.0192661329e+25)
    (1.0472688520e-18 1.0461621833e+25)
    (1.1007061752e-18 1.0744378984e+25)
    (1.1568701597e-18 1.1046571363e+25)
    (1.2158999345e-18 1.1360945859e+25)
    (1.2779417279e-18 1.1692756786e+25)
    (1.3431492292e-18 1.2049486200e+25)
    (1.4116839701e-18 1.2420627168e+25)
    (1.4837157242e-18 1.2813524894e+25)
    (1.5594229282e-18 1.3236660856e+25)
    (1.6389931234e-18 1.3677596790e+25)
    (1.7226234204e-18 1.4145707701e+25)
    (1.8105209877e-18 1.4651007186e+25)
    (1.9029035644e-18 1.5098783928e+25)
    (2.0000000000e-18 1.5737101622e+25)
);
