// DTN vs reducedE [V m^2]; air_plasma [23a06d772827b718], T_gas = 300.000000 K
(
    (0 1.1790574609e+24)
    (1.0000000000e-22 1.1790574609e+24)
    (1.0510254106e-22 1.1832368105e+24)
    (1.1046544136e-22 1.1873494140e+24)
    (1.1610198586e-22 1.1896355486e+24)
    (1.2202613736e-22 1.1936781222e+24)
    (1.2825257111e-22 1.1974584475e+24)
    (1.3479671121e-22 1.2014077613e+24)
    (1.4167476874e-22 1.2042009920e+24)
    (1.4890378198e-22 1.2071851785e+24)
    (1.5650165859e-22 1.2099393898e+24)
    (1.6448721998e-22 1.2124887328e+24)
    (1.7288024791e-22 1.2146972113e+24)
    (1.8170153353e-22 1.2170741183e+24)
    (1.9097292888e-22 1.2190343458e+24)
    (2.0071740098e-22 1.2213087254e+24)
    (2.1095908877e-22 1.2229998398e+24)
    (2.2172336289e-22 1.2248165853e+24)
    (2.3303688851e-22 1.2265796321e+24)
    (2.4492769142e-22 1.2283047266e+24)
    (2.5742522744e-22 1.2300063548e+24)
    (2.7056045535e-22 1.2316978412e+24)
    (2.8436591367e-22 1.2333914408e+24)
    (2.9887580116e-22 1.2350984263e+24)
    (3.1412606162e-22 1.2368291707e+24)
    (3.3015447288e-22 1.2385932294e+24)
    (3.4700074041e-22 1.2403994234e+24)
    (3.6470659565e-22 1.2422559252e+24)
    (3.8331589943e-22 1.2441703505e+24)
    (4.0287475057e-22 1.2461498564e+24)
    (4.2343160012e-22 1.2482012473e+24)
    (4.4503737136e-22 1.2503310891e+24)
    (4.6774558595e-22 1.2525458336e+24)
    (4.9161249651e-22 1.2548519500e+24)
    (5.1669722598e-22 1.2572560663e+24)
    (5.4306191407e-22 1.2597651185e+24)
    (5.7077187120e-22 1.2623865086e+24)
    (5.9989574026e-22 1.2651282689e+24)
    (6.3050566670e-22 1.2679992357e+24)
    (6.6267747720e-22 1.2710092292e+24)
    (6.9649086754e-22 1.2741692400e+24)
    (7.3202960001e-22 1.2774916206e+24)
    (7.6938171089e-22 1.2809628393e+24)
    (8.0863972857e-22 1.2846348727e+24)
    (8.4990090271e-22 1.2885417123e+24)
    (8.9326744521e-22 1.2926821228e+24)
    (9.3884678334e-22 1.2971542284e+24)
    (9.8675182591e-22 1.3018357142e+24)
    (1.0371012429e-21 1.3068356621e+24)
    (1.0900197597e-21 1.3121905897e+24)
    (1.1456384654e-21 1.3179314064e+24)
    (1.2040951385e-21 1.3241252293e+24)
    (1.2655345872e-21 1.3308123138e+24)
    (1.3301090091e-21 1.3380482046e+24)
    (1.3979783674e-21 1.3458922606e+24)
    (1.4693107876e-21 1.3544064480e+24)
    (1.5442829737e-21 1.3636535801e+24)
    (1.6230806465e-21 1.3736949705e+24)
    (1.7058990029e-21 1.3845875154e+24)
    (1.7929431998e-21 1.3963645575e+24)
    (1.8844288627e-21 1.4090936372e+24)
    (1.9805826191e-21 1.4227820989e+24)
    (2.0816426604e-21 1.4374328811e+24)
    (2.1878593318e-21 1.4530268873e+24)
    (2.2994957524e-21 1.4695209154e+24)
    (2.4168284673e-21 1.4868468277e+24)
    (2.5401481321e-21 1.5049121612e+24)
    (2.6697602334e-21 1.5236022364e+24)
    (2.8059858454e-21 1.5427836656e+24)
    (2.9491624252e-21 1.5623090036e+24)
    (3.0996446487e-21 1.5820221683e+24)
    (3.2578052895e-21 1.6017641875e+24)
    (3.4240361419e-21 1.6213788219e+24)
    (3.5987489918e-21 1.6407176643e+24)
    (3.7823766366e-21 1.6596444064e+24)
    (3.9753739574e-21 1.6780380841e+24)
    (4.1782190457e-21 1.6957952255e+24)
    (4.3914143879e-21 1.7128309380e+24)
    (4.6154881100e-21 1.7290790444e+24)
    (4.8509952857e-21 1.7444613717e+24)
    (5.0985193118e-21 1.7590050325e+24)
    (5.3586733529e-21 1.7726649464e+24)
    (5.6321018608e-21 1.7854379543e+24)
    (5.9194821706e-21 1.7973320881e+24)
    (6.2215261786e-21 1.8083645792e+24)
    (6.5389821062e-21 1.8185599657e+24)
    (6.8726363528e-21 1.8279483530e+24)
    (7.2233154443e-21 1.8365638641e+24)
    (7.5918880804e-21 1.8444432906e+24)
    (7.9792672866e-21 1.8516249493e+24)
    (8.3864126759e-21 1.8581477343e+24)
    (8.8143328258e-21 1.8640503516e+24)
    (9.2640877770e-21 1.8693707169e+24)
    (9.7367916593e-21 1.8741454989e+24)
    (1.0233615451e-20 1.8784097855e+24)
    (1.0755789881e-20 1.8821968545e+24)
    (1.1304608476e-20 1.8855380308e+24)
    (1.1881430764e-20 1.8884534813e+24)
    (1.2487685647e-20 1.8909843255e+24)
    (1.3124874934e-20 1.8931499758e+24)
    (1.3794577066e-20 1.8949732502e+24)
    (1.4498451025e-20 1.8964749637e+24)
    (1.5238240441e-20 1.8976740021e+24)
    (1.6015777915e-20 1.8985874043e+24)
    (1.6832989559e-20 1.8992304509e+24)
    (1.7691899762e-20 1.8996167553e+24)
    (1.8594636211e-20 1.8997583563e+24)
    (1.9543435158e-20 1.8996857788e+24)
    (2.0540646960e-20 1.8993691805e+24)
    (2.1588741905e-20 1.8987836890e+24)
    (2.2690316324e-20 1.8980554245e+24)
    (2.3848099030e-20 1.8971376373e+24)
    (2.5064958074e-20 1.8960456529e+24)
    (2.6343907850e-20 1.8948002585e+24)
    (2.7688116564e-20 1.8930498785e+24)
    (2.9100914079e-20 1.8919502101e+24)
    (3.0585800168e-20 1.8904336847e+24)
    (3.2146453179e-20 1.8889535492e+24)
    (3.3786739150e-20 1.8873891750e+24)
    (3.5510721387e-20 1.8863502907e+24)
    (3.7322670525e-20 1.8857730067e+24)
    (3.9227075111e-20 1.8859398804e+24)
    (4.1228652724e-20 1.8870572475e+24)
    (4.3332361656e-20 1.8895208485e+24)
    (4.5543413200e-20 1.8937558907e+24)
    (4.7867284557e-20 1.9002561134e+24)
    (5.0309732403e-20 1.9100275100e+24)
    (5.2876807154e-20 1.9228434265e+24)
    (5.5574867948e-20 1.9397429120e+24)
    (5.8410598402e-20 1.9613838611e+24)
    (6.1391023167e-20 1.9882186711e+24)
    (6.4523525328e-20 2.0212495779e+24)
    (6.7815864699e-20 2.0607365927e+24)
    (7.1276197038e-20 2.1070459262e+24)
    (7.4913094254e-20 2.1618348941e+24)
    (7.8735565645e-20 2.2221867365e+24)
    (8.2753080208e-20 2.2894137753e+24)
    (8.6975590100e-20 2.3631691984e+24)
    (9.1413555293e-20 2.4442757196e+24)
    (9.6077969483e-20 2.5293491073e+24)
    (1.0098038732e-19 2.6190134222e+24)
    (1.0613295304e-19 2.7124572888e+24)
    (1.1154843055e-19 2.8080142332e+24)
    (1.1724023501e-19 2.9065670797e+24)
    (1.2322246614e-19 3.0065209762e+24)
    (1.2950994306e-19 3.1072045483e+24)
    (1.3611824108e-19 3.2090732951e+24)
    (1.4306373021e-19 3.3094255751e+24)
    (1.5036361578e-19 3.4091052812e+24)
    (1.5803598101e-19 3.5078448568e+24)
    (1.6609983183e-19 3.6054687523e+24)
    (1.7457514394e-19 3.7015908482e+24)
    (1.8348291233e-19 3.7967316397e+24)
    (1.9284520326e-19 3.8906897930e+24)
    (2.0268520893e-19 3.9835519143e+24)
    (2.1302730493e-19 4.0754438520e+24)
    (2.2389711063e-19 4.1665216052e+24)
    (2.3532155262e-19 4.2569632673e+24)
    (2.4732893146e-19 4.3473430133e+24)
    (2.5994899173e-19 4.4359627434e+24)
    (2.7321299575e-19 4.5256963147e+24)
    (2.8715380103e-19 4.6156294608e+24)
    (3.0180594162e-19 4.7059737161e+24)
    (3.1720571370e-19 4.7974332071e+24)
    (3.3339126548e-19 4.8891676692e+24)
    (3.5040269168e-19 4.9819179153e+24)
    (3.6828213288e-19 5.0748253812e+24)
    (3.8707387991e-19 5.1701085692e+24)
    (4.0682448355e-19 5.2669559895e+24)
    (4.2758286985e-19 5.3655419269e+24)
    (4.4940046133e-19 5.4663037705e+24)
    (4.7233130437e-19 5.5688211419e+24)
    (4.9643220310e-19 5.6735279390e+24)
    (5.2176286008e-19 5.7806006497e+24)
    (5.4838602423e-19 5.8891456631e+24)
    (5.7636764626e-19 6.0013677465e+24)
    (6.0577704204e-19 6.1163809307e+24)
    (6.3668706432e-19 6.2344145342e+24)
    (6.6917428317e-19 6.3542615106e+24)
    (7.0331917570e-19 6.4786669105e+24)
    (7.3920632540e-19 6.6066445715e+24)
    (7.7692463164e-19 6.7383963921e+24)
    (8.1656752994e-19 6.8728866246e+24)
    (8.5823322341e-19 7.0165030961e+24)
    (9.0202492599e-19 7.1605846691e+24)
    (9.4805111817e-19 7.3094816402e+24)
    (9.9642581570e-19 7.4583382178e+24)
    (1.0472688520e-18 7.6183909513e+24)
    (1.1007061752e-18 7.7844343124e+24)
    (1.1568701597e-18 7.9574149991e+24)
    (1.2158999345e-18 8.1369704198e+24)
    (1.2779417279e-18 8.3240895143e+24)
    (1.3431492292e-18 8.5210042068e+24)
    (1.4116839701e-18 8.7251269546e+24)
    (1.4837157242e-18 8.9388105069e+24)
    (1.5594229282e-18 9.1612757882e+24)
    (1.6389931234e-18 9.3965709116e+24)
    (1.7226234204e-18 9.6439291280e+24)
    (1.8105209877e-18 9.9031046490e+24)
    (1.9029035644e-18 1.0161999439e+25)
    (2.0000000000e-18 1.0466622814e+25)
);
