// DTN vs mean energy [eV]; air_plasma [23a06d772827b718], T_gas = 300.000000 K
(
    (0 1.1790574609e+24)
    (8.3422134201e-02 1.1790574609e+24)
    (8.8462680050e-02 1.1832368105e+24)
    (9.3491060499e-02 1.1873494140e+24)
    (9.6777619891e-02 1.1896355486e+24)
    (1.0175997315e-01 1.1936781222e+24)
    (1.0646293907e-01 1.1974584475e+24)
    (1.1133785898e-01 1.2014077613e+24)
    (1.1494524000e-01 1.2042009920e+24)
    (1.1873395973e-01 1.2071851785e+24)
    (1.2224734874e-01 1.2099393898e+24)
    (1.2551219849e-01 1.2124887328e+24)
    (1.2824328374e-01 1.2146972113e+24)
    (1.3141043808e-01 1.2170741183e+24)
    (1.3383153708e-01 1.2190343458e+24)
    (1.3676045299e-01 1.2213087254e+24)
    (1.3906586166e-01 1.2229998398e+24)
    (1.4141448729e-01 1.2248165853e+24)
    (1.4369352067e-01 1.2265796321e+24)
    (1.4592237950e-01 1.2283047266e+24)
    (1.4811895507e-01 1.2300063548e+24)
    (1.5029968859e-01 1.2316978412e+24)
    (1.5247964864e-01 1.2333914408e+24)
    (1.5467260739e-01 1.2350984263e+24)
    (1.5689111725e-01 1.2368291707e+24)
    (1.5914658981e-01 1.2385932294e+24)
    (1.6144937818e-01 1.2403994234e+24)
    (1.6380886523e-01 1.2422559252e+24)
    (1.6623355953e-01 1.2441703505e+24)
    (1.6873119978e-01 1.2461498564e+24)
    (1.7130886915e-01 1.2482012473e+24)
    (1.7397311959e-01 1.2503310891e+24)
    (1.7673010631e-01 1.2525458336e+24)
    (1.7958573144e-01 1.2548519500e+24)
    (1.8254579637e-01 1.2572560663e+24)
    (1.8561616139e-01 1.2597651185e+24)
    (1.8880291207e-01 1.2623865086e+24)
    (1.9211253088e-01 1.2651282689e+24)
    (1.9555207395e-01 1.2679992357e+24)
    (1.9912935206e-01 1.2710092292e+24)
    (2.0285311488e-01 1.2741692400e+24)
    (2.0673323717e-01 1.2774916206e+24)
    (2.1077955069e-01 1.2809628393e+24)
    (2.1499326283e-01 1.2846348727e+24)
    (2.1942255698e-01 1.2885417123e+24)
    (2.2406764334e-01 1.2926821228e+24)
    (2.2896000916e-01 1.2971542284e+24)
    (2.3410210934e-01 1.3018357142e+24)
    (2.3953467239e-01 1.3068356621e+24)
    (2.4529093645e-01 1.3121905897e+24)
    (2.5140825018e-01 1.3179314064e+24)
    (2.5793258691e-01 1.3241252293e+24)
    (2.6491215469e-01 1.3308123138e+24)
    (2.7240227530e-01 1.3380482046e+24)
    (2.8046375297e-01 1.3458922606e+24)
    (2.8916213748e-01 1.3544064480e+24)
    (2.9856646161e-01 1.3636535801e+24)
    (3.0874738545e-01 1.3736949705e+24)
    (3.1977472197e-01 1.3845875154e+24)
    (3.3168362229e-01 1.3963645575e+24)
    (3.4459290637e-01 1.4090936372e+24)
    (3.5851916481e-01 1.4227820989e+24)
    (3.7349390343e-01 1.4374328811e+24)
    (3.8952971105e-01 1.4530268873e+24)
    (4.0661729963e-01 1.4695209154e+24)
    (4.2472352370e-01 1.4868468277e+24)
    (4.4379064350e-01 1.5049121612e+24)
    (4.6373698345e-01 1.5236022364e+24)
    (4.8445899582e-01 1.5427836656e+24)
    (5.0583459041e-01 1.5623090036e+24)
    (5.2772746033e-01 1.5820221683e+24)
    (5.4999204197e-01 1.6017641875e+24)
    (5.7247870695e-01 1.6213788219e+24)
    (5.9503879746e-01 1.6407176643e+24)
    (6.1752917515e-01 1.6596444064e+24)
    (6.3981604274e-01 1.6780380841e+24)
    (6.6177789913e-01 1.6957952255e+24)
    (6.8330758583e-01 1.7128309380e+24)
    (7.0431346420e-01 1.7290790444e+24)
    (7.2467697436e-01 1.7444613717e+24)
    (7.4441509710e-01 1.7590050325e+24)
    (7.6344531747e-01 1.7726649464e+24)
    (7.8173515144e-01 1.7854379543e+24)
    (7.9926434244e-01 1.7973320881e+24)
    (8.1602339392e-01 1.8083645792e+24)
    (8.3201207605e-01 1.8185599657e+24)
    (8.4723797325e-01 1.8279483530e+24)
    (8.6171511997e-01 1.8365638641e+24)
    (8.7546275606e-01 1.8444432906e+24)
    (8.8850422020e-01 1.8516249493e+24)
    (9.0086598971e-01 1.8581477343e+24)
    (9.1257686765e-01 1.8640503516e+24)
    (9.2366731217e-01 1.8693707169e+24)
    (9.3416889937e-01 1.8741454989e+24)
    (9.4411390757e-01 1.8784097855e+24)
    (9.5353500920e-01 1.8821968545e+24)
    (9.6246505520e-01 1.8855380308e+24)
    (9.7091857930e-01 1.8884534813e+24)
    (9.7895628770e-01 1.8909843255e+24)
    (9.8659875486e-01 1.8931499758e+24)
    (9.9387769322e-01 1.8949732502e+24)
    (1.0008245462e+00 1.8964749637e+24)
    (1.0074705061e+00 1.8976740021e+24)
    (1.0138465437e+00 1.8985874043e+24)
    (1.0199834445e+00 1.8992304509e+24)
    (1.0259118506e+00 1.8996167553e+24)
    (1.0316623064e+00 1.8997583563e+24)
    (1.0372368134e+00 1.8996857788e+24)
    (1.0427253204e+00 1.8993691805e+24)
    (1.0479294135e+00 1.8987836890e+24)
    (1.0533131407e+00 1.8980554245e+24)
    (1.0587015549e+00 1.8971376373e+24)
    (1.0641455878e+00 1.8960456529e+24)
    (1.0697076953e+00 1.8948002585e+24)
    (1.0750720293e+00 1.8930498785e+24)
    (1.0809973277e+00 1.8919502101e+24)
    (1.0874475840e+00 1.8904336847e+24)
    (1.0944735414e+00 1.8889535492e+24)
    (1.1021354195e+00 1.8873891750e+24)
    (1.1110462081e+00 1.8863502907e+24)
    (1.1213652590e+00 1.8857730067e+24)
    (1.1333688578e+00 1.8859398804e+24)
    (1.1479276605e+00 1.8870572475e+24)
    (1.1654776904e+00 1.8895208485e+24)
    (1.1867523231e+00 1.8937558907e+24)
    (1.2125891895e+00 1.9002561134e+24)
    (1.2443761699e+00 1.9100275100e+24)
    (1.2823184390e+00 1.9228434265e+24)
    (1.3278130703e+00 1.9397429120e+24)
    (1.3819109720e+00 1.9613838611e+24)
    (1.4462628824e+00 1.9882186711e+24)
    (1.5205346482e+00 2.0212495779e+24)
    (1.6060431212e+00 2.0607365927e+24)
    (1.7033101278e+00 2.1070459262e+24)
    (1.8133236744e+00 2.1618348941e+24)
    (1.9345349977e+00 2.2221867365e+24)
    (2.0673826653e+00 2.2894137753e+24)
    (2.2112586444e+00 2.3631691984e+24)
    (2.3675391486e+00 2.4442757196e+24)
    (2.5306547436e+00 2.5293491073e+24)
    (2.7016797611e+00 2.6190134222e+24)
    (2.8793718350e+00 2.7124572888e+24)
    (3.0627158465e+00 2.8080142332e+24)
    (3.2500925522e+00 2.9065670797e+24)
    (3.4406844079e+00 3.0065209762e+24)
    (3.6335931443e+00 3.1072045483e+24)
    (3.8293914994e+00 3.2090732951e+24)
    (4.0246201322e+00 3.3094255751e+24)
    (4.2205744262e+00 3.4091052812e+24)
    (4.4170654205e+00 3.5078448568e+24)
    (4.6140592698e+00 3.6054687523e+24)
    (4.8118293106e+00 3.7015908482e+24)
    (5.0101425298e+00 3.7967316397e+24)
    (5.2096264803e+00 3.8906897930e+24)
    (5.4106830855e+00 3.9835519143e+24)
    (5.6137791567e+00 4.0754438520e+24)
    (5.8194315888e+00 4.1665216052e+24)
    (6.0281942774e+00 4.2569632673e+24)
    (6.2397182407e+00 4.3473430133e+24)
    (6.4559105451e+00 4.4359627434e+24)
    (6.6776519205e+00 4.5256963147e+24)
    (6.9049922865e+00 4.6156294608e+24)
    (7.1385780794e+00 4.7059737161e+24)
    (7.3786430488e+00 4.7974332071e+24)
    (7.6265303642e+00 4.8891676692e+24)
    (7.8826257025e+00 4.9819179153e+24)
    (8.1497191059e+00 5.0748253812e+24)
    (8.4240092405e+00 5.1701085692e+24)
    (8.7085308876e+00 5.2669559895e+24)
    (9.0040228143e+00 5.3655419269e+24)
    (9.3087340154e+00 5.4663037705e+24)
    (9.6283995994e+00 5.5688211419e+24)
    (9.9612246963e+00 5.6735279390e+24)
    (1.0308125495e+01 5.7806006497e+24)
    (1.0668465983e+01 5.8891456631e+24)
    (1.1045828452e+01 6.0013677465e+24)
    (1.1439820622e+01 6.1163809307e+24)
    (1.1851696174e+01 6.2344145342e+24)
    (1.2280620034e+01 6.3542615106e+24)
    (1.2730516764e+01 6.4786669105e+24)
    (1.3201609335e+01 6.6066445715e+24)
    (1.3695082127e+01 6.7383963921e+24)
    (1.4209909604e+01 6.8728866246e+24)
    (1.4748613160e+01 7.0165030961e+24)
    (1.5316430848e+01 7.1605846691e+24)
    (1.5912205402e+01 7.3094816402e+24)
    (1.6537243804e+01 7.4583382178e+24)
    (1.7194717344e+01 7.6183909513e+24)
    (1.7885901787e+01 7.7844343124e+24)
    (1.8613989945e+01 7.9574149991e+24)
    (1.9379845460e+01 8.1369704198e+24)
    (2.0186705972e+01 8.3240895143e+24)
    (2.1034800734e+01 8.5210042068e+24)
    (2.1932990500e+01 8.7251269546e+24)
    (2.2881431137e+01 8.9388105069e+24)
    (2.3881383122e+01 9.1612757882e+24)
    (2.4941600051e+01 9.3965709116e+24)
    (2.6064042589e+01 9.6439291280e+24)
    (2.7252346416e+01 9.9031046490e+24)
    (2.8390136249e+01 1.0161999439e+25)
    (2.9849584724e+01 1.0466622814e+25)
);
