// eta_EI_O2_ATT [m^2] (reduced, mole-fraction weighted) vs reducedE [V m^2]; air_plasma [23a06d772827b718], T_gas = 300.000000 K
(
    (0 1.7984681038e-21)
    (1.0000000000e-22 1.7984681038e-21)
    (1.0510254106e-22 1.8546623863e-21)
    (1.1046544136e-22 1.9051755941e-21)
    (1.1610198586e-22 1.8540320923e-21)
    (1.2202613736e-22 1.8993127342e-21)
    (1.2825257111e-22 1.9334125230e-21)
    (1.3479671121e-22 1.9769040381e-21)
    (1.4167476874e-22 1.9664141780e-21)
    (1.4890378198e-22 1.9659575196e-21)
    (1.5650165859e-22 1.9552847411e-21)
    (1.6448721998e-22 1.9354874986e-21)
    (1.7288024791e-22 1.9151899089e-21)
    (1.8170153353e-22 1.8732232486e-21)
    (1.9097292888e-22 1.8389119483e-21)
    (2.0071740098e-22 1.7923942927e-21)
    (2.1095908877e-22 1.7404732343e-21)
    (2.2172336289e-22 1.6892416511e-21)
    (2.3303688851e-22 1.6359903672e-21)
    (2.4492769142e-22 1.5813701583e-21)
    (2.5742522744e-22 1.5259404357e-21)
    (2.7056045535e-22 1.4701774853e-21)
    (2.8436591367e-22 1.4144831083e-21)
    (2.9887580116e-22 1.3591931269e-21)
    (3.1412606162e-22 1.3045854381e-21)
    (3.3015447288e-22 1.2508874467e-21)
    (3.4700074041e-22 1.1982827985e-21)
    (3.6470659565e-22 1.1469174034e-21)
    (3.8331589943e-22 1.0969047710e-21)
    (4.0287475057e-22 1.0483307049e-21)
    (4.2343160012e-22 1.0012574094e-21)
    (4.4503737136e-22 9.5572707019e-22)
    (4.6774558595e-22 9.1176496752e-22)
    (4.9161249651e-22 8.6938217816e-22)
    (5.1669722598e-22 8.2857792030e-22)
    (5.4306191407e-22 7.8934158984e-22)
    (5.7077187120e-22 7.5165453387e-22)
    (5.9989574026e-22 7.1549160101e-22)
    (6.3050566670e-22 6.8082250584e-22)
    (6.6267747720e-22 6.4761303924e-22)
    (6.9649086754e-22 6.1582615192e-22)
    (7.3202960001e-22 5.8542293367e-22)
    (7.6938171089e-22 5.5629146900e-22)
    (8.0863972857e-22 5.2849656251e-22)
    (8.4990090271e-22 5.0193789566e-22)
    (8.9326744521e-22 4.7657979377e-22)
    (9.3884678334e-22 4.5235281065e-22)
    (9.8675182591e-22 4.2925362976e-22)
    (1.0371012429e-21 4.0721843464e-22)
    (1.0900197597e-21 3.8620368609e-22)
    (1.1456384654e-21 3.6616683180e-22)
    (1.2040951385e-21 3.4706055827e-22)
    (1.2655345872e-21 3.2884836685e-22)
    (1.3301090091e-21 3.1149073971e-22)
    (1.3979783674e-21 2.9494952811e-22)
    (1.4693107876e-21 2.7918805498e-22)
    (1.5442829737e-21 2.6417122522e-22)
    (1.6230806465e-21 2.4986564779e-22)
    (1.7058990029e-21 2.3623977046e-22)
    (1.7929431998e-21 2.2325847023e-22)
    (1.8844288627e-21 2.1089648799e-22)
    (1.9805826191e-21 1.9912728949e-22)
    (2.0816426604e-21 1.8792592577e-22)
    (2.1878593318e-21 1.7726924737e-22)
    (2.2994957524e-21 1.6713584125e-22)
    (2.4168284673e-21 1.5750592491e-22)
    (2.5401481321e-21 1.4836119778e-22)
    (2.6697602334e-21 1.3968465363e-22)
    (2.8059858454e-21 1.3146036199e-22)
    (2.9491624252e-21 1.2367322982e-22)
    (3.0996446487e-21 1.1630875712e-22)
    (3.2578052895e-21 1.0935280144e-22)
    (3.4240361419e-21 1.0279136531e-22)
    (3.5987489918e-21 9.6610419106e-23)
    (3.7823766366e-21 9.0795768213e-23)
    (3.9753739574e-21 8.5332969591e-23)
    (4.1782190457e-21 8.0207298495e-23)
    (4.3914143879e-21 7.5403762202e-23)
    (4.6154881100e-21 7.0907154295e-23)
    (4.8509952857e-21 6.6692445178e-23)
    (5.0985193118e-21 6.2758891131e-23)
    (5.3586733529e-21 5.9084533499e-23)
    (5.6321018608e-21 5.5653872199e-23)
    (5.9194821706e-21 5.2451682614e-23)
    (6.2215261786e-21 4.9463127092e-23)
    (6.5389821062e-21 4.6673853674e-23)
    (6.8726363528e-21 4.4070079203e-23)
    (7.2233154443e-21 4.1638655355e-23)
    (7.5918880804e-21 3.9367117380e-23)
    (7.9792672866e-21 3.7243716258e-23)
    (8.3864126759e-21 3.5257435688e-23)
    (8.8143328258e-21 3.3397995724e-23)
    (9.2640877770e-21 3.1655845149e-23)
    (9.7367916593e-21 3.0022144685e-23)
    (1.0233615451e-20 2.8488743071e-23)
    (1.0755789881e-20 2.7048147864e-23)
    (1.1304608476e-20 2.5693492529e-23)
    (1.1881430764e-20 2.4415868034e-23)
    (1.2487685647e-20 2.3213639721e-23)
    (1.3124874934e-20 2.2079661226e-23)
    (1.3794577066e-20 2.1009073911e-23)
    (1.4498451025e-20 1.9997439697e-23)
    (1.5238240441e-20 1.9040705895e-23)
    (1.6015777915e-20 1.8135172169e-23)
    (1.6832989559e-20 1.7277459831e-23)
    (1.7691899762e-20 1.6464483588e-23)
    (1.8594636211e-20 1.5693425748e-23)
    (1.9543435158e-20 1.4959832164e-23)
    (2.0540646960e-20 1.4264549707e-23)
    (2.1588741905e-20 1.3604380638e-23)
    (2.2690316324e-20 1.2976017338e-23)
    (2.3848099030e-20 1.2378249785e-23)
    (2.5064958074e-20 1.1809310407e-23)
    (2.6343907850e-20 1.1267555315e-23)
    (2.7688116564e-20 1.0752025000e-23)
    (2.9100914079e-20 1.0254163797e-23)
    (3.0585800168e-20 9.7834894509e-24)
    (3.2146453179e-20 9.3336510447e-24)
    (3.3786739150e-20 8.9040857952e-24)
    (3.5510721387e-20 8.4912289591e-24)
    (3.7322670525e-20 8.0948527923e-24)
    (3.9227075111e-20 7.7133946517e-24)
    (4.1228652724e-20 7.3455735414e-24)
    (4.3332361656e-20 6.9899402143e-24)
    (4.5543413200e-20 6.6451366856e-24)
    (4.7867284557e-20 6.3098792314e-24)
    (5.0309732403e-20 5.9824582921e-24)
    (5.2876807154e-20 5.6626323520e-24)
    (5.5574867948e-20 5.3492873262e-24)
    (5.8410598402e-20 5.0418097266e-24)
    (6.1391023167e-20 4.7399516939e-24)
    (6.4523525328e-20 4.4432069488e-24)
    (6.7815864699e-20 4.1521765411e-24)
    (7.1276197038e-20 3.8673915327e-24)
    (7.4913094254e-20 3.5841390426e-24)
    (7.8735565645e-20 3.3149916243e-24)
    (8.2753080208e-20 3.0549625256e-24)
    (8.6975590100e-20 2.8052085283e-24)
    (9.1413555293e-20 2.5645029935e-24)
    (9.6077969483e-20 2.3387158318e-24)
    (1.0098038732e-19 2.1261362019e-24)
    (1.0613295304e-19 1.9273501314e-24)
    (1.1154843055e-19 1.7430785644e-24)
    (1.1724023501e-19 1.5724822006e-24)
    (1.2322246614e-19 1.4159254301e-24)
    (1.2950994306e-19 1.2730206323e-24)
    (1.3611824108e-19 1.1411325581e-24)
    (1.4306373021e-19 1.0240632507e-24)
    (1.5036361578e-19 9.1852015634e-25)
    (1.5803598101e-19 8.2365669737e-25)
    (1.6609983183e-19 7.3860370555e-25)
    (1.7457514394e-19 6.6227357793e-25)
    (1.8348291233e-19 5.9429155098e-25)
    (1.9284520326e-19 5.3360503354e-25)
    (2.0268520893e-19 4.7946401010e-25)
    (2.1302730493e-19 4.3117471692e-25)
    (2.2389711063e-19 3.8810234856e-25)
    (2.3532155262e-19 3.4967125887e-25)
    (2.4732893146e-19 3.1532551828e-25)
    (2.5994899173e-19 2.8450577039e-25)
    (2.7321299575e-19 2.5708982339e-25)
    (2.8715380103e-19 2.3253795054e-25)
    (3.0180594162e-19 2.1052712082e-25)
    (3.1720571370e-19 1.9056669351e-25)
    (3.3339126548e-19 1.7283221881e-25)
    (3.5040269168e-19 1.5687202352e-25)
    (3.6828213288e-19 1.4216581297e-25)
    (3.8707387991e-19 1.2923903746e-25)
    (4.0682448355e-19 1.1756031044e-25)
    (4.2758286985e-19 1.0699732488e-25)
    (4.4940046133e-19 9.7533224423e-26)
    (4.7233130437e-19 8.8853114961e-26)
    (4.9643220310e-19 8.0979306849e-26)
    (5.2176286008e-19 7.3831003036e-26)
    (5.4838602423e-19 6.7351563264e-26)
    (5.7636764626e-19 6.1443512463e-26)
    (6.0577704204e-19 5.6067627804e-26)
    (6.3668706432e-19 5.1174447747e-26)
    (6.6917428317e-19 4.6713722445e-26)
    (7.0331917570e-19 4.2648746278e-26)
    (7.3920632540e-19 3.8942240058e-26)
    (7.7692463164e-19 3.5562845199e-26)
    (8.1656752994e-19 3.2408189485e-26)
    (8.5823322341e-19 2.9681922991e-26)
    (9.0202492599e-19 2.7103001817e-26)
    (9.4805111817e-19 2.4746566536e-26)
    (9.9642581570e-19 2.2549905666e-26)
    (1.0472688520e-18 2.0587515785e-26)
    (1.1007061752e-18 1.8792581166e-26)
    (1.1568701597e-18 1.7117684829e-26)
    (1.2158999345e-18 1.5620767664e-26)
    (1.2779417279e-18 1.4250515914e-26)
    (1.3431492292e-18 1.3040552594e-26)
    (1.4116839701e-18 1.1884646335e-26)
    (1.4837157242e-18 1.0827173240e-26)
    (1.5594229282e-18 9.8636635861e-27)
    (1.6389931234e-18 8.9781039788e-27)
    (1.7226234204e-18 8.1681977026e-27)
    (1.8105209877e-18 7.4095459964e-27)
    (1.9029035644e-18 6.7732318904e-27)
    (2.0000000000e-18 6.1197044797e-27)
);
