// eta_EI_O2_ATT [m^2] vs mean energy [eV]; air_plasma [23a06d772827b718], T_gas = 300.000000 K
(
    (0 1.7984681038e-21)
    (8.3422134201e-02 1.7984681038e-21)
    (8.8462680050e-02 1.8546623863e-21)
    (9.3491060499e-02 1.9051755941e-21)
    (9.6777619891e-02 1.8540320923e-21)
    (1.0175997315e-01 1.8993127342e-21)
    (1.0646293907e-01 1.9334125230e-21)
    (1.1133785898e-01 1.9769040381e-21)
    (1.1494524000e-01 1.9664141780e-21)
    (1.1873395973e-01 1.9659575196e-21)
    (1.2224734874e-01 1.9552847411e-21)
    (1.2551219849e-01 1.9354874986e-21)
    (1.2824328374e-01 1.9151899089e-21)
    (1.3141043808e-01 1.8732232486e-21)
    (1.3383153708e-01 1.8389119483e-21)
    (1.3676045299e-01 1.7923942927e-21)
    (1.3906586166e-01 1.7404732343e-21)
    (1.4141448729e-01 1.6892416511e-21)
    (1.4369352067e-01 1.6359903672e-21)
    (1.4592237950e-01 1.5813701583e-21)
    (1.4811895507e-01 1.5259404357e-21)
    (1.5029968859e-01 1.4701774853e-21)
    (1.5247964864e-01 1.4144831083e-21)
    (1.5467260739e-01 1.3591931269e-21)
    (1.5689111725e-01 1.3045854381e-21)
    (1.5914658981e-01 1.2508874467e-21)
    (1.6144937818e-01 1.1982827985e-21)
    (1.6380886523e-01 1.1469174034e-21)
    (1.6623355953e-01 1.0969047710e-21)
    (1.6873119978e-01 1.0483307049e-21)
    (1.7130886915e-01 1.0012574094e-21)
    (1.7397311959e-01 9.5572707019e-22)
    (1.7673010631e-01 9.1176496752e-22)
    (1.7958573144e-01 8.6938217816e-22)
    (1.8254579637e-01 8.2857792030e-22)
    (1.8561616139e-01 7.8934158984e-22)
    (1.8880291207e-01 7.5165453387e-22)
    (1.9211253088e-01 7.1549160101e-22)
    (1.9555207395e-01 6.8082250584e-22)
    (1.9912935206e-01 6.4761303924e-22)
    (2.0285311488e-01 6.1582615192e-22)
    (2.0673323717e-01 5.8542293367e-22)
    (2.1077955069e-01 5.5629146900e-22)
    (2.1499326283e-01 5.2849656251e-22)
    (2.1942255698e-01 5.0193789566e-22)
    (2.2406764334e-01 4.7657979377e-22)
    (2.2896000916e-01 4.5235281065e-22)
    (2.3410210934e-01 4.2925362976e-22)
    (2.3953467239e-01 4.0721843464e-22)
    (2.4529093645e-01 3.8620368609e-22)
    (2.5140825018e-01 3.6616683180e-22)
    (2.5793258691e-01 3.4706055827e-22)
    (2.6491215469e-01 3.2884836685e-22)
    (2.7240227530e-01 3.1149073971e-22)
    (2.8046375297e-01 2.9494952811e-22)
    (2.8916213748e-01 2.7918805498e-22)
    (2.9856646161e-01 2.6417122522e-22)
    (3.0874738545e-01 2.4986564779e-22)
    (3.1977472197e-01 2.3623977046e-22)
    (3.3168362229e-01 2.2325847023e-22)
    (3.4459290637e-01 2.1089648799e-22)
    (3.5851916481e-01 1.9912728949e-22)
    (3.7349390343e-01 1.8792592577e-22)
    (3.8952971105e-01 1.7726924737e-22)
    (4.0661729963e-01 1.6713584125e-22)
    (4.2472352370e-01 1.5750592491e-22)
    (4.4379064350e-01 1.4836119778e-22)
    (4.6373698345e-01 1.3968465363e-22)
    (4.8445899582e-01 1.3146036199e-22)
    (5.0583459041e-01 1.2367322982e-22)
    (5.2772746033e-01 1.1630875712e-22)
    (5.4999204197e-01 1.0935280144e-22)
    (5.7247870695e-01 1.0279136531e-22)
    (5.9503879746e-01 9.6610419106e-23)
    (6.1752917515e-01 9.0795768213e-23)
    (6.3981604274e-01 8.5332969591e-23)
    (6.6177789913e-01 8.0207298495e-23)
    (6.8330758583e-01 7.5403762202e-23)
    (7.0431346420e-01 7.0907154295e-23)
    (7.2467697436e-01 6.6692445178e-23)
    (7.4441509710e-01 6.2758891131e-23)
    (7.6344531747e-01 5.9084533499e-23)
    (7.8173515144e-01 5.5653872199e-23)
    (7.9926434244e-01 5.2451682614e-23)
    (8.1602339392e-01 4.9463127092e-23)
    (8.3201207605e-01 4.6673853674e-23)
    (8.4723797325e-01 4.4070079203e-23)
    (8.6171511997e-01 4.1638655355e-23)
    (8.7546275606e-01 3.9367117380e-23)
    (8.8850422020e-01 3.7243716258e-23)
    (9.0086598971e-01 3.5257435688e-23)
    (9.1257686765e-01 3.3397995724e-23)
    (9.2366731217e-01 3.1655845149e-23)
    (9.3416889937e-01 3.0022144685e-23)
    (9.4411390757e-01 2.8488743071e-23)
    (9.5353500920e-01 2.7048147864e-23)
    (9.6246505520e-01 2.5693492529e-23)
    (9.7091857930e-01 2.4415868034e-23)
    (9.7895628770e-01 2.3213639721e-23)
    (9.8659875486e-01 2.2079661226e-23)
    (9.9387769322e-01 2.1009073911e-23)
    (1.0008245462e+00 1.9997439697e-23)
    (1.0074705061e+00 1.9040705895e-23)
    (1.0138465437e+00 1.8135172169e-23)
    (1.0199834445e+00 1.7277459831e-23)
    (1.0259118506e+00 1.6464483588e-23)
    (1.0316623064e+00 1.5693425748e-23)
    (1.0372368134e+00 1.4959832164e-23)
    (1.0427253204e+00 1.4264549707e-23)
    (1.0479294135e+00 1.3604380638e-23)
    (1.0533131407e+00 1.2976017338e-23)
    (1.0587015549e+00 1.2378249785e-23)
    (1.0641455878e+00 1.1809310407e-23)
    (1.0697076953e+00 1.1267555315e-23)
    (1.0750720293e+00 1.0752025000e-23)
    (1.0809973277e+00 1.0254163797e-23)
    (1.0874475840e+00 9.7834894509e-24)
    (1.0944735414e+00 9.3336510447e-24)
    (1.1021354195e+00 8.9040857952e-24)
    (1.1110462081e+00 8.4912289591e-24)
    (1.1213652590e+00 8.0948527923e-24)
    (1.1333688578e+00 7.7133946517e-24)
    (1.1479276605e+00 7.3455735414e-24)
    (1.1654776904e+00 6.9899402143e-24)
    (1.1867523231e+00 6.6451366856e-24)
    (1.2125891895e+00 6.3098792314e-24)
    (1.2443761699e+00 5.9824582921e-24)
    (1.2823184390e+00 5.6626323520e-24)
    (1.3278130703e+00 5.3492873262e-24)
    (1.3819109720e+00 5.0418097266e-24)
    (1.4462628824e+00 4.7399516939e-24)
    (1.5205346482e+00 4.4432069488e-24)
    (1.6060431212e+00 4.1521765411e-24)
    (1.7033101278e+00 3.8673915327e-24)
    (1.8133236744e+00 3.5841390426e-24)
    (1.9345349977e+00 3.3149916243e-24)
    (2.0673826653e+00 3.0549625256e-24)
    (2.2112586444e+00 2.8052085283e-24)
    (2.3675391486e+00 2.5645029935e-24)
    (2.5306547436e+00 2.3387158318e-24)
    (2.7016797611e+00 2.1261362019e-24)
    (2.8793718350e+00 1.9273501314e-24)
    (3.0627158465e+00 1.7430785644e-24)
    (3.2500925522e+00 1.5724822006e-24)
    (3.4406844079e+00 1.4159254301e-24)
    (3.6335931443e+00 1.2730206323e-24)
    (3.8293914994e+00 1.1411325581e-24)
    (4.0246201322e+00 1.0240632507e-24)
    (4.2205744262e+00 9.1852015634e-25)
    (4.4170654205e+00 8.2365669737e-25)
    (4.6140592698e+00 7.3860370555e-25)
    (4.8118293106e+00 6.6227357793e-25)
    (5.0101425298e+00 5.9429155098e-25)
    (5.2096264803e+00 5.3360503354e-25)
    (5.4106830855e+00 4.7946401010e-25)
    (5.6137791567e+00 4.3117471692e-25)
    (5.8194315888e+00 3.8810234856e-25)
    (6.0281942774e+00 3.4967125887e-25)
    (6.2397182407e+00 3.1532551828e-25)
    (6.4559105451e+00 2.8450577039e-25)
    (6.6776519205e+00 2.5708982339e-25)
    (6.9049922865e+00 2.3253795054e-25)
    (7.1385780794e+00 2.1052712082e-25)
    (7.3786430488e+00 1.9056669351e-25)
    (7.6265303642e+00 1.7283221881e-25)
    (7.8826257025e+00 1.5687202352e-25)
    (8.1497191059e+00 1.4216581297e-25)
    (8.4240092405e+00 1.2923903746e-25)
    (8.7085308876e+00 1.1756031044e-25)
    (9.0040228143e+00 1.0699732488e-25)
    (9.3087340154e+00 9.7533224423e-26)
    (9.6283995994e+00 8.8853114961e-26)
    (9.9612246963e+00 8.0979306849e-26)
    (1.0308125495e+01 7.3831003036e-26)
    (1.0668465983e+01 6.7351563264e-26)
    (1.1045828452e+01 6.1443512463e-26)
    (1.1439820622e+01 5.6067627804e-26)
    (1.1851696174e+01 5.1174447747e-26)
    (1.2280620034e+01 4.6713722445e-26)
    (1.2730516764e+01 4.2648746278e-26)
    (1.3201609335e+01 3.8942240058e-26)
    (1.3695082127e+01 3.5562845199e-26)
    (1.4209909604e+01 3.2408189485e-26)
    (1.4748613160e+01 2.9681922991e-26)
    (1.5316430848e+01 2.7103001817e-26)
    (1.5912205402e+01 2.4746566536e-26)
    (1.6537243804e+01 2.2549905666e-26)
    (1.7194717344e+01 2.0587515785e-26)
    (1.7885901787e+01 1.8792581166e-26)
    (1.8613989945e+01 1.7117684829e-26)
    (1.9379845460e+01 1.5620767664e-26)
    (2.0186705972e+01 1.4250515914e-26)
    (2.1034800734e+01 1.3040552594e-26)
    (2.1932990500e+01 1.1884646335e-26)
    (2.2881431137e+01 1.0827173240e-26)
    (2.3881383122e+01 9.8636635861e-27)
    (2.4941600051e+01 8.9781039788e-27)
    (2.6064042589e+01 8.1681977026e-27)
    (2.7252346416e+01 7.4095459964e-27)
    (2.8390136249e+01 6.7732318904e-27)
    (2.9849584724e+01 6.1197044797e-27)
);
