// etaN vs mean energy [eV]; air_plasma [23a06d772827b718], T_gas = 300.000000 K
(
    (0 1.7984681038e-21)
    (8.3422134201e-02 1.7984681038e-21)
    (8.8462680050e-02 1.8546623863e-21)
    (9.3491060499e-02 1.9051755941e-21)
    (9.6777619891e-02 1.8540320923e-21)
    (1.0175997315e-01 1.8993127342e-21)
    (1.0646293907e-01 1.9334125230e-21)
    (1.1133785898e-01 1.9769040381e-21)
    (1.1494524000e-01 1.9664141780e-21)
    (1.1873395973e-01 1.9659575196e-21)
    (1.2224734874e-01 1.9552847411e-21)
    (1.2551219849e-01 1.9354874986e-21)
    (1.2824328374e-01 1.9151899089e-21)
    (1.3141043808e-01 1.8732232486e-21)
    (1.3383153708e-01 1.8389119483e-21)
    (1.3676045299e-01 1.7923942927e-21)
    (1.3906586166e-01 1.7404732343e-21)
    (1.4141448729e-01 1.6892416511e-21)
    (1.4369352067e-01 1.6359903672e-21)
    (1.4592237950e-01 1.5813701583e-21)
    (1.4811895507e-01 1.5259404357e-21)
    (1.5029968859e-01 1.4701774853e-21)
    (1.5247964864e-01 1.4144831083e-21)
    (1.5467260739e-01 1.3591931269e-21)
    (1.5689111725e-01 1.3045854381e-21)
    (1.5914658981e-01 1.2508874467e-21)
    (1.6144937818e-01 1.1982827985e-21)
    (1.6380886523e-01 1.1469174034e-21)
    (1.6623355953e-01 1.0969047710e-21)
    (1.6873119978e-01 1.0483307049e-21)
    (1.7130886915e-01 1.0012574094e-21)
    (1.7397311959e-01 9.5572707019e-22)
    (1.7673010631e-01 9.1176496752e-22)
    (1.7958573144e-01 8.6938217816e-22)
    (1.8254579637e-01 8.2857792030e-22)
    (1.8561616139e-01 7.8934158984e-22)
    (1.8880291207e-01 7.5165453387e-22)
    (1.9211253088e-01 7.1549160101e-22)
    (1.9555207395e-01 6.8082250584e-22)
    (1.9912935206e-01 6.4761303924e-22)
    (2.0285311488e-01 6.1582615192e-22)
    (2.0673323717e-01 5.8542293367e-22)
    (2.1077955069e-01 5.5629146900e-22)
    (2.1499326283e-01 5.2849656251e-22)
    (2.1942255698e-01 5.0193789566e-22)
    (2.2406764334e-01 4.7657979377e-22)
    (2.2896000916e-01 4.5235281065e-22)
    (2.3410210934e-01 4.2925362976e-22)
    (2.3953467239e-01 4.0721843464e-22)
    (2.4529093645e-01 3.8620368609e-22)
    (2.5140825018e-01 3.6616683180e-22)
    (2.5793258691e-01 3.4706055827e-22)
    (2.6491215469e-01 3.2884836685e-22)
    (2.7240227530e-01 3.1149073971e-22)
    (2.8046375297e-01 2.9494952811e-22)
    (2.8916213748e-01 2.7918805498e-22)
    (2.9856646161e-01 2.6417122522e-22)
    (3.0874738545e-01 2.4986564779e-22)
    (3.1977472197e-01 2.3623977046e-22)
    (3.3168362229e-01 2.2325847023e-22)
    (3.4459290637e-01 2.1089648799e-22)
    (3.5851916481e-01 1.9912728949e-22)
    (3.7349390343e-01 1.8792592577e-22)
    (3.8952971105e-01 1.7726924737e-22)
    (4.0661729963e-01 1.6713584125e-22)
    (4.2472352370e-01 1.5750592491e-22)
    (4.4379064350e-01 1.4836119778e-22)
    (4.6373698345e-01 1.3968465363e-22)
    (4.8445899582e-01 1.3146036199e-22)
    (5.0583459041e-01 1.2367322982e-22)
    (5.2772746033e-01 1.1630875712e-22)
    (5.4999204197e-01 1.0935280144e-22)
    (5.7247870695e-01 1.0279136531e-22)
    (5.9503879746e-01 9.6610419106e-23)
    (6.1752917515e-01 9.0795768213e-23)
    (6.3981604274e-01 8.5332969591e-23)
    (6.6177789913e-01 8.0207298495e-23)
    (6.8330758583e-01 7.5403762202e-23)
    (7.0431346420e-01 7.0907154295e-23)
    (7.2467697436e-01 6.6692445178e-23)
    (7.4441509710e-01 6.2758891131e-23)
    (7.6344531747e-01 5.9084533499e-23)
    (7.8173515144e-01 5.5653872199e-23)
    (7.9926434244e-01 5.2451682614e-23)
    (8.1602339392e-01 4.9463127092e-23)
    (8.3201207605e-01 4.6673853674e-23)
    (8.4723797325e-01 4.4070079203e-23)
    (8.6171511997e-01 4.1638655355e-23)
    (8.7546275606e-01 3.9367117380e-23)
    (8.8850422020e-01 3.7243716258e-23)
    (9.0086598971e-01 3.5257435688e-23)
    (9.1257686765e-01 3.3397995724e-23)
    (9.2366731217e-01 3.1655845149e-23)
    (9.3416889937e-01 3.0022144685e-23)
    (9.4411390757e-01 2.8488743071e-23)
    (9.5353500920e-01 2.7048147864e-23)
    (9.6246505520e-01 2.5693492529e-23)
    (9.7091857930e-01 2.4415868034e-23)
    (9.7895628770e-01 2.3213639721e-23)
    (9.8659875486e-01 2.2079661226e-23)
    (9.9387769322e-01 2.1009073911e-23)
    (1.0008245462e+00 1.9997439697e-23)
    (1.0074705061e+00 1.9040705895e-23)
    (1.0138465437e+00 1.8135172169e-23)
    (1.0199834445e+00 1.7277459831e-23)
    (1.0259118506e+00 1.6464483588e-23)
    (1.0316623064e+00 1.5693425748e-23)
    (1.0372368134e+00 1.4959832164e-23)
    (1.0427253204e+00 1.4264549707e-23)
    (1.0479294135e+00 1.3605619144e-23)
    (1.0533131407e+00 1.2978370168e-23)
    (1.0587015549e+00 1.2382622704e-23)
    (1.0641455878e+00 1.1817214698e-23)
    (1.0697076953e+00 1.1281426704e-23)
    (1.0750720293e+00 1.0790367468e-23)
    (1.0809973277e+00 1.0316890202e-23)
    (1.0874475840e+00 9.8847677848e-24)
    (1.0944735414e+00 9.4930407062e-24)
    (1.1021354195e+00 9.1526137804e-24)
    (1.1110462081e+00 8.8637430240e-24)
    (1.1213652590e+00 8.6410575446e-24)
    (1.1333688578e+00 8.5042833187e-24)
    (1.1479276605e+00 8.4575703366e-24)
    (1.1654776904e+00 8.5238312605e-24)
    (1.1867523231e+00 8.7224679826e-24)
    (1.2125891895e+00 9.0738059618e-24)
    (1.2443761699e+00 9.6260602391e-24)
    (1.2823184390e+00 1.0345456625e-23)
    (1.3278130703e+00 1.1272612076e-23)
    (1.3819109720e+00 1.2418981173e-23)
    (1.4462628824e+00 1.3824330785e-23)
    (1.5205346482e+00 1.5418733844e-23)
    (1.6060431212e+00 1.7223873284e-23)
    (1.7033101278e+00 1.9219456245e-23)
    (1.8133236744e+00 2.1378865725e-23)
    (1.9345349977e+00 2.3652762437e-23)
    (2.0673826653e+00 2.6005210997e-23)
    (2.2112586444e+00 2.8387587486e-23)
    (2.3675391486e+00 3.0817769565e-23)
    (2.5306547436e+00 3.3104830985e-23)
    (2.7016797611e+00 3.5274510583e-23)
    (2.8793718350e+00 3.7285997791e-23)
    (3.0627158465e+00 3.9141075179e-23)
    (3.2500925522e+00 4.0740553604e-23)
    (3.4406844079e+00 4.2104288494e-23)
    (3.6335931443e+00 4.3222575651e-23)
    (3.8293914994e+00 4.4097424462e-23)
    (4.0246201322e+00 4.4717307092e-23)
    (4.2205744262e+00 4.5103085525e-23)
    (4.4170654205e+00 4.5267486623e-23)
    (4.6140592698e+00 4.5226120309e-23)
    (4.8118293106e+00 4.5017736569e-23)
    (5.0101425298e+00 4.4613491319e-23)
    (5.2096264803e+00 4.4058530136e-23)
    (5.4106830855e+00 4.3371465072e-23)
    (5.6137791567e+00 4.2570360811e-23)
    (5.8194315888e+00 4.1672461049e-23)
    (6.0281942774e+00 4.0694012892e-23)
    (6.2397182407e+00 3.9627266346e-23)
    (6.4559105451e+00 3.8524081984e-23)
    (6.6776519205e+00 3.7385717133e-23)
    (6.9049922865e+00 3.6217733117e-23)
    (7.1385780794e+00 3.5030307757e-23)
    (7.3786430488e+00 3.3825752649e-23)
    (7.6265303642e+00 3.2623644629e-23)
    (7.8826257025e+00 3.1425165623e-23)
    (8.1497191059e+00 3.0264290009e-23)
    (8.4240092405e+00 2.9086338482e-23)
    (8.7085308876e+00 2.7927765146e-23)
    (9.0040228143e+00 2.6792210086e-23)
    (9.3087340154e+00 2.5665217370e-23)
    (9.6283995994e+00 2.4586515505e-23)
    (9.9612246963e+00 2.3538141252e-23)
    (1.0308125495e+01 2.2521909639e-23)
    (1.0668465983e+01 2.1536234925e-23)
    (1.1045828452e+01 2.0587583129e-23)
    (1.1439820622e+01 1.9673729475e-23)
    (1.1851696174e+01 1.8795777873e-23)
    (1.2280620034e+01 1.7950505465e-23)
    (1.2730516764e+01 1.7142585219e-23)
    (1.3201609335e+01 1.6370009419e-23)
    (1.3695082127e+01 1.5633113328e-23)
    (1.4209909604e+01 1.4927752103e-23)
    (1.4748613160e+01 1.4245648081e-23)
    (1.5316430848e+01 1.3608656670e-23)
    (1.5912205402e+01 1.3003179915e-23)
    (1.6537243804e+01 1.2433408095e-23)
    (1.7194717344e+01 1.1887415739e-23)
    (1.7885901787e+01 1.1370263831e-23)
    (1.8613989945e+01 1.0880464235e-23)
    (1.9379845460e+01 1.0417954327e-23)
    (2.0186705972e+01 9.9811213591e-24)
    (2.1034800734e+01 9.5654899011e-24)
    (2.1932990500e+01 9.1773878501e-24)
    (2.2881431137e+01 8.8116997499e-24)
    (2.3881383122e+01 8.4663871088e-24)
    (2.4941600051e+01 8.1426382668e-24)
    (2.6064042589e+01 7.8383144104e-24)
    (2.7252346416e+01 7.5520580652e-24)
    (2.8390136249e+01 7.2677045458e-24)
    (2.9849584724e+01 7.0319517588e-24)
);
