// k[EI_N2_EXC_N2_V2] [m^3/s] vs mean energy [eV]; air_plasma [23a06d772827b718], T_gas = 300.000000 K
(
    (0 0.0000000000e+00)
    (8.3422134201e-02 0.0000000000e+00)
    (8.8462680050e-02 0.0000000000e+00)
    (9.3491060499e-02 0.0000000000e+00)
    (9.6777619891e-02 0.0000000000e+00)
    (1.0175997315e-01 0.0000000000e+00)
    (1.0646293907e-01 0.0000000000e+00)
    (1.1133785898e-01 1.0487678289e-22)
    (1.1494524000e-01 0.0000000000e+00)
    (1.1873395973e-01 0.0000000000e+00)
    (1.2224734874e-01 0.0000000000e+00)
    (1.2551219849e-01 0.0000000000e+00)
    (1.2824328374e-01 4.4268743873e-22)
    (1.3141043808e-01 0.0000000000e+00)
    (1.3383153708e-01 1.8143200941e-21)
    (1.3676045299e-01 0.0000000000e+00)
    (1.3906586166e-01 0.0000000000e+00)
    (1.4141448729e-01 0.0000000000e+00)
    (1.4369352067e-01 0.0000000000e+00)
    (1.4592237950e-01 0.0000000000e+00)
    (1.4811895507e-01 0.0000000000e+00)
    (1.5029968859e-01 0.0000000000e+00)
    (1.5247964864e-01 0.0000000000e+00)
    (1.5467260739e-01 0.0000000000e+00)
    (1.5689111725e-01 0.0000000000e+00)
    (1.5914658981e-01 0.0000000000e+00)
    (1.6144937818e-01 0.0000000000e+00)
    (1.6380886523e-01 0.0000000000e+00)
    (1.6623355953e-01 0.0000000000e+00)
    (1.6873119978e-01 0.0000000000e+00)
    (1.7130886915e-01 0.0000000000e+00)
    (1.7397311959e-01 0.0000000000e+00)
    (1.7673010631e-01 0.0000000000e+00)
    (1.7958573144e-01 0.0000000000e+00)
    (1.8254579637e-01 0.0000000000e+00)
    (1.8561616139e-01 0.0000000000e+00)
    (1.8880291207e-01 0.0000000000e+00)
    (1.9211253088e-01 0.0000000000e+00)
    (1.9555207395e-01 0.0000000000e+00)
    (1.9912935206e-01 0.0000000000e+00)
    (2.0285311488e-01 0.0000000000e+00)
    (2.0673323717e-01 0.0000000000e+00)
    (2.1077955069e-01 0.0000000000e+00)
    (2.1499326283e-01 0.0000000000e+00)
    (2.1942255698e-01 0.0000000000e+00)
    (2.2406764334e-01 0.0000000000e+00)
    (2.2896000916e-01 0.0000000000e+00)
    (2.3410210934e-01 0.0000000000e+00)
    (2.3953467239e-01 0.0000000000e+00)
    (2.4529093645e-01 0.0000000000e+00)
    (2.5140825018e-01 1.5142283451e-23)
    (2.5793258691e-01 1.4576118961e-23)
    (2.6491215469e-01 1.4874640516e-23)
    (2.7240227530e-01 1.6857187600e-23)
    (2.8046375297e-01 2.2085840897e-23)
    (2.8916213748e-01 3.3427117807e-23)
    (2.9856646161e-01 5.5944995702e-23)
    (3.0874738545e-01 9.8255726820e-23)
    (3.1977472197e-01 1.7449064959e-22)
    (3.3168362229e-01 1.4443828186e-21)
    (3.4459290637e-01 2.3398396233e-21)
    (3.5851916481e-01 3.9967163340e-21)
    (3.7349390343e-01 6.9402115530e-21)
    (3.8952971105e-01 1.1998351714e-20)
    (4.0661729963e-01 2.0437060370e-20)
    (4.2472352370e-01 3.4134424372e-20)
    (4.4379064350e-01 5.5796310400e-20)
    (4.6373698345e-01 8.9212002841e-20)
    (4.8445899582e-01 1.3954431906e-19)
    (5.0583459041e-01 2.1364429105e-19)
    (5.2772746033e-01 3.2037685478e-19)
    (5.4999204197e-01 4.7094170289e-19)
    (5.7247870695e-01 6.7917291105e-19)
    (5.9503879746e-01 9.6180224082e-19)
    (6.1752917515e-01 1.3386741452e-18)
    (6.3981604274e-01 1.8329048579e-18)
    (6.6177789913e-01 2.4709827749e-18)
    (6.8330758583e-01 3.2828118775e-18)
    (7.0431346420e-01 4.3017035498e-18)
    (7.2467697436e-01 5.5181391488e-18)
    (7.4441509710e-01 7.0422495262e-18)
    (7.6344531747e-01 8.8850609288e-18)
    (7.8173515144e-01 1.1090812550e-17)
    (7.9926434244e-01 1.3706566042e-17)
    (8.1602339392e-01 1.6782191990e-17)
    (8.3201207605e-01 2.0370388543e-17)
    (8.4723797325e-01 2.4526727419e-17)
    (8.6171511997e-01 2.9309717639e-17)
    (8.7546275606e-01 3.4780873447e-17)
    (8.8850422020e-01 4.1004770441e-17)
    (9.0086598971e-01 4.8049073105e-17)
    (9.1257686765e-01 5.5984517866e-17)
    (9.2366731217e-01 6.4884838463e-17)
    (9.3416889937e-01 7.4826624442e-17)
    (9.4411390757e-01 8.5889108904e-17)
    (9.5353500920e-01 9.8153887570e-17)
    (9.6246505520e-01 1.1170457745e-16)
    (9.7091857930e-01 1.2664854485e-16)
    (9.7895628770e-01 1.4303553235e-16)
    (9.8659875486e-01 1.6097170776e-16)
    (9.9387769322e-01 1.8054674275e-16)
    (1.0008245462e+00 2.0185102899e-16)
    (1.0074705061e+00 2.2497553152e-16)
    (1.0138465437e+00 2.5001173589e-16)
    (1.0199834445e+00 2.7705169937e-16)
    (1.0259118506e+00 3.0618821046e-16)
    (1.0316623064e+00 3.3751505427e-16)
    (1.0372368134e+00 3.7102873458e-16)
    (1.0427253204e+00 4.0702652936e-16)
    (1.0479294135e+00 4.4494245856e-16)
    (1.0533131407e+00 4.8600460031e-16)
    (1.0587015549e+00 5.2976579385e-16)
    (1.0641455878e+00 5.7633724766e-16)
    (1.0697076953e+00 6.2583386727e-16)
    (1.0750720293e+00 6.7695877951e-16)
    (1.0809973277e+00 7.3215961986e-16)
    (1.0874475840e+00 7.9115544953e-16)
    (1.0944735414e+00 8.5355609107e-16)
    (1.1021354195e+00 9.1858938696e-16)
    (1.1110462081e+00 9.8809225603e-16)
    (1.1213652590e+00 1.0612397975e-15)
    (1.1333688578e+00 1.1354726546e-15)
    (1.1479276605e+00 1.2159479106e-15)
    (1.1654776904e+00 1.2998963049e-15)
    (1.1867523231e+00 1.3870872169e-15)
    (1.2125891895e+00 1.4771704774e-15)
    (1.2443761699e+00 1.5691181987e-15)
    (1.2823184390e+00 1.6633343424e-15)
    (1.3278130703e+00 1.7585015939e-15)
    (1.3819109720e+00 1.8536499807e-15)
    (1.4462628824e+00 1.9465527040e-15)
    (1.5205346482e+00 2.0382679578e-15)
    (1.6060431212e+00 2.1262581628e-15)
    (1.7033101278e+00 2.2091594201e-15)
    (1.8133236744e+00 2.2809328984e-15)
    (1.9345349977e+00 2.3499143422e-15)
    (2.0673826653e+00 2.4101816225e-15)
    (2.2112586444e+00 2.4608663656e-15)
    (2.3675391486e+00 2.5000416931e-15)
    (2.5306547436e+00 2.5300383671e-15)
    (2.7016797611e+00 2.5494403601e-15)
    (2.8793718350e+00 2.5584504239e-15)
    (3.0627158465e+00 2.5546669621e-15)
    (3.2500925522e+00 2.5447419805e-15)
    (3.4406844079e+00 2.5262011557e-15)
    (3.6335931443e+00 2.4999013559e-15)
    (3.8293914994e+00 2.4659933176e-15)
    (4.0246201322e+00 2.4269843278e-15)
    (4.2205744262e+00 2.3829275646e-15)
    (4.4170654205e+00 2.3346602396e-15)
    (4.6140592698e+00 2.2829567402e-15)
    (4.8118293106e+00 2.2275812216e-15)
    (5.0101425298e+00 2.1711652268e-15)
    (5.2096264803e+00 2.1131701852e-15)
    (5.4106830855e+00 2.0540719090e-15)
    (5.6137791567e+00 1.9942776788e-15)
    (5.8194315888e+00 1.9341326951e-15)
    (6.0281942774e+00 1.8739271575e-15)
    (6.2397182407e+00 1.8130835165e-15)
    (6.4559105451e+00 1.7533046798e-15)
    (6.6776519205e+00 1.6943390835e-15)
    (6.9049922865e+00 1.6360343912e-15)
    (7.1385780794e+00 1.5785061229e-15)
    (7.3786430488e+00 1.5208149446e-15)
    (7.6265303642e+00 1.4652646126e-15)
    (7.8826257025e+00 1.4107130215e-15)
    (8.1497191059e+00 1.3551501119e-15)
    (8.4240092405e+00 1.3029167958e-15)
    (8.7085308876e+00 1.2518223584e-15)
    (9.0040228143e+00 1.2018992133e-15)
    (9.3087340154e+00 1.1538312278e-15)
    (9.6283995994e+00 1.1063005230e-15)
    (9.9612246963e+00 1.0600143058e-15)
    (1.0308125495e+01 1.0149841446e-15)
    (1.0668465983e+01 9.7139521146e-16)
    (1.1045828452e+01 9.2888971772e-16)
    (1.1439820622e+01 8.8767307918e-16)
    (1.1851696174e+01 8.4773768544e-16)
    (1.2280620034e+01 8.0820786858e-16)
    (1.2730516764e+01 7.7094658278e-16)
    (1.3201609335e+01 7.3493895996e-16)
    (1.3695082127e+01 7.0017626774e-16)
    (1.4209909604e+01 6.6749463704e-16)
    (1.4748613160e+01 6.3411089170e-16)
    (1.5316430848e+01 6.0304869716e-16)
    (1.5912205402e+01 5.7316092771e-16)
    (1.6537243804e+01 5.4464540936e-16)
    (1.7194717344e+01 5.1699611985e-16)
    (1.7885901787e+01 4.9045822016e-16)
    (1.8613989945e+01 4.6489427829e-16)
    (1.9379845460e+01 4.4050515278e-16)
    (2.0186705972e+01 4.1714221928e-16)
    (2.1034800734e+01 3.9413797453e-16)
    (2.1932990500e+01 3.7283006786e-16)
    (2.2881431137e+01 3.5245141542e-16)
    (2.3881383122e+01 3.3342218893e-16)
    (2.4941600051e+01 3.1474971972e-16)
    (2.6064042589e+01 2.9693288712e-16)
    (2.7252346416e+01 2.8011544836e-16)
    (2.8390136249e+01 2.6446191875e-16)
    (2.9849584724e+01 2.4844587020e-16)
);
