// k[EI_O2_EXC_O2_A1] [m^3/s] vs mean energy [eV]; air_plasma [23a06d772827b718], T_gas = 300.000000 K
(
    (0 0.0000000000e+00)
    (8.3422134201e-02 0.0000000000e+00)
    (8.8462680050e-02 0.0000000000e+00)
    (9.3491060499e-02 0.0000000000e+00)
    (9.6777619891e-02 0.0000000000e+00)
    (1.0175997315e-01 0.0000000000e+00)
    (1.0646293907e-01 0.0000000000e+00)
    (1.1133785898e-01 4.9051156440e-22)
    (1.1494524000e-01 0.0000000000e+00)
    (1.1873395973e-01 0.0000000000e+00)
    (1.2224734874e-01 0.0000000000e+00)
    (1.2551219849e-01 0.0000000000e+00)
    (1.2824328374e-01 1.8149818868e-23)
    (1.3141043808e-01 0.0000000000e+00)
    (1.3383153708e-01 7.5248568590e-23)
    (1.3676045299e-01 2.8057251725e-22)
    (1.3906586166e-01 6.1542154379e-24)
    (1.4141448729e-01 5.8672040007e-24)
    (1.4369352067e-01 5.6024596490e-24)
    (1.4592237950e-01 5.3529311840e-24)
    (1.4811895507e-01 5.1135115903e-24)
    (1.5029968859e-01 4.8805617958e-24)
    (1.5247964864e-01 4.6516986605e-24)
    (1.5467260739e-01 4.4254901376e-24)
    (1.5689111725e-01 4.2012362206e-24)
    (1.5914658981e-01 3.9788709953e-24)
    (1.6144937818e-01 3.7588047987e-24)
    (1.6380886523e-01 3.5418375020e-24)
    (1.6623355953e-01 3.3292202796e-24)
    (1.6873119978e-01 3.1227203423e-24)
    (1.7130886915e-01 2.9249255197e-24)
    (1.7397311959e-01 2.7397930902e-24)
    (1.7673010631e-01 2.5737258732e-24)
    (1.7958573144e-01 2.4373196832e-24)
    (1.8254579637e-01 2.3483037816e-24)
    (1.8561616139e-01 2.3361793628e-24)
    (1.8880291207e-01 2.4494469801e-24)
    (1.9211253088e-01 2.7663602923e-24)
    (1.9555207395e-01 3.4106242362e-24)
    (1.9912935206e-01 4.5735628167e-24)
    (2.0285311488e-01 6.5444712945e-24)
    (2.0673323717e-01 9.7509590576e-24)
    (2.1077955069e-01 1.4050661819e-22)
    (2.1499326283e-01 3.7087781472e-22)
    (2.1942255698e-01 5.5426514011e-22)
    (2.2406764334e-01 8.5586612150e-22)
    (2.2896000916e-01 1.3908868382e-21)
    (2.3410210934e-01 2.1710058133e-21)
    (2.3953467239e-01 3.3840035261e-21)
    (2.4529093645e-01 5.2359222704e-21)
    (2.5140825018e-01 8.0801671183e-21)
    (2.5793258691e-01 1.2184248983e-20)
    (2.6491215469e-01 1.8141639254e-20)
    (2.7240227530e-01 2.6648768062e-20)
    (2.8046375297e-01 3.8602729949e-20)
    (2.8916213748e-01 5.5135209708e-20)
    (2.9856646161e-01 7.7643512318e-20)
    (3.0874738545e-01 1.0781505316e-19)
    (3.1977472197e-01 1.4764109820e-19)
    (3.3168362229e-01 1.9924517687e-19)
    (3.4459290637e-01 2.6545669938e-19)
    (3.5851916481e-01 3.4895257523e-19)
    (3.7349390343e-01 4.5268902476e-19)
    (3.8952971105e-01 5.7969119126e-19)
    (4.0661729963e-01 7.3294019999e-19)
    (4.2472352370e-01 9.1524685840e-19)
    (4.4379064350e-01 1.1291207780e-18)
    (4.6373698345e-01 1.3766451004e-18)
    (4.8445899582e-01 1.6593671606e-18)
    (5.0583459041e-01 1.9782142125e-18)
    (5.2772746033e-01 2.3334409374e-18)
    (5.4999204197e-01 2.7246122436e-18)
    (5.7247870695e-01 3.1506213848e-18)
    (5.9503879746e-01 3.6097402111e-18)
    (6.1752917515e-01 4.0996958636e-18)
    (6.3981604274e-01 4.6177666794e-18)
    (6.6177789913e-01 5.1608895382e-18)
    (6.8330758583e-01 5.7257712247e-18)
    (7.0431346420e-01 6.3089973804e-18)
    (7.2467697436e-01 6.9052430929e-18)
    (7.4441509710e-01 7.5142938355e-18)
    (7.6344531747e-01 8.1314364585e-18)
    (7.8173515144e-01 8.7535753144e-18)
    (7.9926434244e-01 9.3778484923e-18)
    (8.1602339392e-01 1.0001659218e-17)
    (8.3201207605e-01 1.0622695349e-17)
    (8.4723797325e-01 1.1238938709e-17)
    (8.6171511997e-01 1.1848666157e-17)
    (8.7546275606e-01 1.2450444270e-17)
    (8.8850422020e-01 1.3043119421e-17)
    (9.0086598971e-01 1.3625804883e-17)
    (9.1257686765e-01 1.4197866367e-17)
    (9.2366731217e-01 1.4758907139e-17)
    (9.3416889937e-01 1.5308753646e-17)
    (9.4411390757e-01 1.5847442268e-17)
    (9.5353500920e-01 1.6375207602e-17)
    (9.6246505520e-01 1.6892472439e-17)
    (9.7091857930e-01 1.7398560317e-17)
    (9.7895628770e-01 1.7896370546e-17)
    (9.8659875486e-01 1.8385866191e-17)
    (9.9387769322e-01 1.8868108447e-17)
    (1.0008245462e+00 1.9344309610e-17)
    (1.0074705061e+00 1.9815830259e-17)
    (1.0138465437e+00 2.0284177400e-17)
    (1.0199834445e+00 2.0751003535e-17)
    (1.0259118506e+00 2.1218106655e-17)
    (1.0316623064e+00 2.1687431154e-17)
    (1.0372368134e+00 2.2159507607e-17)
    (1.0427253204e+00 2.2640176120e-17)
    (1.0479294135e+00 2.3120320257e-17)
    (1.0533131407e+00 2.3629933231e-17)
    (1.0587015549e+00 2.4160601744e-17)
    (1.0641455878e+00 2.4719885293e-17)
    (1.0697076953e+00 2.5318171934e-17)
    (1.0750720293e+00 2.5932259224e-17)
    (1.0809973277e+00 2.6634962004e-17)
    (1.0874475840e+00 2.7445320809e-17)
    (1.0944735414e+00 2.8382758750e-17)
    (1.1021354195e+00 2.9495999475e-17)
    (1.1110462081e+00 3.0840605187e-17)
    (1.1213652590e+00 3.2489490023e-17)
    (1.1333688578e+00 3.4535444132e-17)
    (1.1479276605e+00 3.7099265008e-17)
    (1.1654776904e+00 4.0308601729e-17)
    (1.1867523231e+00 4.4320523652e-17)
    (1.2125891895e+00 4.9313026640e-17)
    (1.2443761699e+00 5.5621487840e-17)
    (1.2823184390e+00 6.3198722264e-17)
    (1.3278130703e+00 7.2374019320e-17)
    (1.3819109720e+00 8.3354642760e-17)
    (1.4462628824e+00 9.6495257307e-17)
    (1.5205346482e+00 1.1163783889e-16)
    (1.6060431212e+00 1.2904918873e-16)
    (1.7033101278e+00 1.4878978473e-16)
    (1.8133236744e+00 1.7107673688e-16)
    (1.9345349977e+00 1.9537451698e-16)
    (2.0673826653e+00 2.2177326705e-16)
    (2.2112586444e+00 2.5006391942e-16)
    (2.3675391486e+00 2.8049357990e-16)
    (2.5306547436e+00 3.1171391863e-16)
    (2.7016797611e+00 3.4391435489e-16)
    (2.8793718350e+00 3.7675088770e-16)
    (3.0627158465e+00 4.0997786052e-16)
    (3.2500925522e+00 4.4308206312e-16)
    (3.4406844079e+00 4.7587190084e-16)
    (3.6335931443e+00 5.0809159608e-16)
    (3.8293914994e+00 5.3979945812e-16)
    (4.0246201322e+00 5.7020535916e-16)
    (4.2205744262e+00 5.9952138566e-16)
    (4.4170654205e+00 6.2764729153e-16)
    (4.6140592698e+00 6.5451459425e-16)
    (4.8118293106e+00 6.8014068261e-16)
    (5.0101425298e+00 7.0436602351e-16)
    (5.2096264803e+00 7.2727597723e-16)
    (5.4106830855e+00 7.4888315084e-16)
    (5.6137791567e+00 7.6921036302e-16)
    (5.8194315888e+00 7.8828754085e-16)
    (6.0281942774e+00 8.0614914755e-16)
    (6.2397182407e+00 8.2269890661e-16)
    (6.4559105451e+00 8.3815836591e-16)
    (6.6776519205e+00 8.5260215290e-16)
    (6.9049922865e+00 8.6597961856e-16)
    (7.1385780794e+00 8.7832467219e-16)
    (7.3786430488e+00 8.8963635399e-16)
    (7.6265303642e+00 9.0000206026e-16)
    (7.8826257025e+00 9.0942446716e-16)
    (8.1497191059e+00 9.1817880806e-16)
    (8.4240092405e+00 9.2575257943e-16)
    (8.7085308876e+00 9.3245320033e-16)
    (9.0040228143e+00 9.3829835872e-16)
    (9.3087340154e+00 9.4300859990e-16)
    (9.6283995994e+00 9.4721110669e-16)
    (9.9612246963e+00 9.5060388156e-16)
    (1.0308125495e+01 9.5320062963e-16)
    (1.0668465983e+01 9.5483714010e-16)
    (1.1045828452e+01 9.5589779147e-16)
    (1.1439820622e+01 9.5620662469e-16)
    (1.1851696174e+01 9.5577824614e-16)
    (1.2280620034e+01 9.5448750166e-16)
    (1.2730516764e+01 9.5265367712e-16)
    (1.3201609335e+01 9.5013909167e-16)
    (1.3695082127e+01 9.4696663524e-16)
    (1.4209909604e+01 9.4306194401e-16)
    (1.4748613160e+01 9.3839694408e-16)
    (1.5316430848e+01 9.3344072447e-16)
    (1.5912205402e+01 9.2793925765e-16)
    (1.6537243804e+01 9.2179821268e-16)
    (1.7194717344e+01 9.1531298254e-16)
    (1.7885901787e+01 9.0839165826e-16)
    (1.8613989945e+01 9.0094881316e-16)
    (1.9379845460e+01 8.9328107232e-16)
    (2.0186705972e+01 8.8530730599e-16)
    (2.1034800734e+01 8.7682239582e-16)
    (2.1932990500e+01 8.6840252349e-16)
    (2.2881431137e+01 8.5982109243e-16)
    (2.3881383122e+01 8.5090902204e-16)
    (2.4941600051e+01 8.4218335328e-16)
    (2.6064042589e+01 8.3345615154e-16)
    (2.7252346416e+01 8.2461911596e-16)
    (2.8390136249e+01 8.1405476394e-16)
    (2.9849584724e+01 8.0768975299e-16)
);
