// k[EI_O2_EXC_O2_A1] [m^3/s] vs reducedE [V m^2]; air_plasma [23a06d772827b718], T_gas = 300.000000 K
(
    (0 0.0000000000e+00)
    (1.0000000000e-22 0.0000000000e+00)
    (1.0510254106e-22 0.0000000000e+00)
    (1.1046544136e-22 0.0000000000e+00)
    (1.1610198586e-22 0.0000000000e+00)
    (1.2202613736e-22 0.0000000000e+00)
    (1.2825257111e-22 0.0000000000e+00)
    (1.3479671121e-22 4.9051156440e-22)
    (1.4167476874e-22 0.0000000000e+00)
    (1.4890378198e-22 0.0000000000e+00)
    (1.5650165859e-22 0.0000000000e+00)
    (1.6448721998e-22 0.0000000000e+00)
    (1.7288024791e-22 1.8149818868e-23)
    (1.8170153353e-22 0.0000000000e+00)
    (1.9097292888e-22 7.5248568590e-23)
    (2.0071740098e-22 2.8057251725e-22)
    (2.1095908877e-22 6.1542154379e-24)
    (2.2172336289e-22 5.8672040007e-24)
    (2.3303688851e-22 5.6024596490e-24)
    (2.4492769142e-22 5.3529311840e-24)
    (2.5742522744e-22 5.1135115903e-24)
    (2.7056045535e-22 4.8805617958e-24)
    (2.8436591367e-22 4.6516986605e-24)
    (2.9887580116e-22 4.4254901376e-24)
    (3.1412606162e-22 4.2012362206e-24)
    (3.3015447288e-22 3.9788709953e-24)
    (3.4700074041e-22 3.7588047987e-24)
    (3.6470659565e-22 3.5418375020e-24)
    (3.8331589943e-22 3.3292202796e-24)
    (4.0287475057e-22 3.1227203423e-24)
    (4.2343160012e-22 2.9249255197e-24)
    (4.4503737136e-22 2.7397930902e-24)
    (4.6774558595e-22 2.5737258732e-24)
    (4.9161249651e-22 2.4373196832e-24)
    (5.1669722598e-22 2.3483037816e-24)
    (5.4306191407e-22 2.3361793628e-24)
    (5.7077187120e-22 2.4494469801e-24)
    (5.9989574026e-22 2.7663602923e-24)
    (6.3050566670e-22 3.4106242362e-24)
    (6.6267747720e-22 4.5735628167e-24)
    (6.9649086754e-22 6.5444712945e-24)
    (7.3202960001e-22 9.7509590576e-24)
    (7.6938171089e-22 1.4050661819e-22)
    (8.0863972857e-22 3.7087781472e-22)
    (8.4990090271e-22 5.5426514011e-22)
    (8.9326744521e-22 8.5586612150e-22)
    (9.3884678334e-22 1.3908868382e-21)
    (9.8675182591e-22 2.1710058133e-21)
    (1.0371012429e-21 3.3840035261e-21)
    (1.0900197597e-21 5.2359222704e-21)
    (1.1456384654e-21 8.0801671183e-21)
    (1.2040951385e-21 1.2184248983e-20)
    (1.2655345872e-21 1.8141639254e-20)
    (1.3301090091e-21 2.6648768062e-20)
    (1.3979783674e-21 3.8602729949e-20)
    (1.4693107876e-21 5.5135209708e-20)
    (1.5442829737e-21 7.7643512318e-20)
    (1.6230806465e-21 1.0781505316e-19)
    (1.7058990029e-21 1.4764109820e-19)
    (1.7929431998e-21 1.9924517687e-19)
    (1.8844288627e-21 2.6545669938e-19)
    (1.9805826191e-21 3.4895257523e-19)
    (2.0816426604e-21 4.5268902476e-19)
    (2.1878593318e-21 5.7969119126e-19)
    (2.2994957524e-21 7.3294019999e-19)
    (2.4168284673e-21 9.1524685840e-19)
    (2.5401481321e-21 1.1291207780e-18)
    (2.6697602334e-21 1.3766451004e-18)
    (2.8059858454e-21 1.6593671606e-18)
    (2.9491624252e-21 1.9782142125e-18)
    (3.0996446487e-21 2.3334409374e-18)
    (3.2578052895e-21 2.7246122436e-18)
    (3.4240361419e-21 3.1506213848e-18)
    (3.5987489918e-21 3.6097402111e-18)
    (3.7823766366e-21 4.0996958636e-18)
    (3.9753739574e-21 4.6177666794e-18)
    (4.1782190457e-21 5.1608895382e-18)
    (4.3914143879e-21 5.7257712247e-18)
    (4.6154881100e-21 6.3089973804e-18)
    (4.8509952857e-21 6.9052430929e-18)
    (5.0985193118e-21 7.5142938355e-18)
    (5.3586733529e-21 8.1314364585e-18)
    (5.6321018608e-21 8.7535753144e-18)
    (5.9194821706e-21 9.3778484923e-18)
    (6.2215261786e-21 1.0001659218e-17)
    (6.5389821062e-21 1.0622695349e-17)
    (6.8726363528e-21 1.1238938709e-17)
    (7.2233154443e-21 1.1848666157e-17)
    (7.5918880804e-21 1.2450444270e-17)
    (7.9792672866e-21 1.3043119421e-17)
    (8.3864126759e-21 1.3625804883e-17)
    (8.8143328258e-21 1.4197866367e-17)
    (9.2640877770e-21 1.4758907139e-17)
    (9.7367916593e-21 1.5308753646e-17)
    (1.0233615451e-20 1.5847442268e-17)
    (1.0755789881e-20 1.6375207602e-17)
    (1.1304608476e-20 1.6892472439e-17)
    (1.1881430764e-20 1.7398560317e-17)
    (1.2487685647e-20 1.7896370546e-17)
    (1.3124874934e-20 1.8385866191e-17)
    (1.3794577066e-20 1.8868108447e-17)
    (1.4498451025e-20 1.9344309610e-17)
    (1.5238240441e-20 1.9815830259e-17)
    (1.6015777915e-20 2.0284177400e-17)
    (1.6832989559e-20 2.0751003535e-17)
    (1.7691899762e-20 2.1218106655e-17)
    (1.8594636211e-20 2.1687431154e-17)
    (1.9543435158e-20 2.2159507607e-17)
    (2.0540646960e-20 2.2640176120e-17)
    (2.1588741905e-20 2.3120320257e-17)
    (2.2690316324e-20 2.3629933231e-17)
    (2.3848099030e-20 2.4160601744e-17)
    (2.5064958074e-20 2.4719885293e-17)
    (2.6343907850e-20 2.5318171934e-17)
    (2.7688116564e-20 2.5932259224e-17)
    (2.9100914079e-20 2.6634962004e-17)
    (3.0585800168e-20 2.7445320809e-17)
    (3.2146453179e-20 2.8382758750e-17)
    (3.3786739150e-20 2.9495999475e-17)
    (3.5510721387e-20 3.0840605187e-17)
    (3.7322670525e-20 3.2489490023e-17)
    (3.9227075111e-20 3.4535444132e-17)
    (4.1228652724e-20 3.7099265008e-17)
    (4.3332361656e-20 4.0308601729e-17)
    (4.5543413200e-20 4.4320523652e-17)
    (4.7867284557e-20 4.9313026640e-17)
    (5.0309732403e-20 5.5621487840e-17)
    (5.2876807154e-20 6.3198722264e-17)
    (5.5574867948e-20 7.2374019320e-17)
    (5.8410598402e-20 8.3354642760e-17)
    (6.1391023167e-20 9.6495257307e-17)
    (6.4523525328e-20 1.1163783889e-16)
    (6.7815864699e-20 1.2904918873e-16)
    (7.1276197038e-20 1.4878978473e-16)
    (7.4913094254e-20 1.7107673688e-16)
    (7.8735565645e-20 1.9537451698e-16)
    (8.2753080208e-20 2.2177326705e-16)
    (8.6975590100e-20 2.5006391942e-16)
    (9.1413555293e-20 2.8049357990e-16)
    (9.6077969483e-20 3.1171391863e-16)
    (1.0098038732e-19 3.4391435489e-16)
    (1.0613295304e-19 3.7675088770e-16)
    (1.1154843055e-19 4.0997786052e-16)
    (1.1724023501e-19 4.4308206312e-16)
    (1.2322246614e-19 4.7587190084e-16)
    (1.2950994306e-19 5.0809159608e-16)
    (1.3611824108e-19 5.3979945812e-16)
    (1.4306373021e-19 5.7020535916e-16)
    (1.5036361578e-19 5.9952138566e-16)
    (1.5803598101e-19 6.2764729153e-16)
    (1.6609983183e-19 6.5451459425e-16)
    (1.7457514394e-19 6.8014068261e-16)
    (1.8348291233e-19 7.0436602351e-16)
    (1.9284520326e-19 7.2727597723e-16)
    (2.0268520893e-19 7.4888315084e-16)
    (2.1302730493e-19 7.6921036302e-16)
    (2.2389711063e-19 7.8828754085e-16)
    (2.3532155262e-19 8.0614914755e-16)
    (2.4732893146e-19 8.2269890661e-16)
    (2.5994899173e-19 8.3815836591e-16)
    (2.7321299575e-19 8.5260215290e-16)
    (2.8715380103e-19 8.6597961856e-16)
    (3.0180594162e-19 8.7832467219e-16)
    (3.1720571370e-19 8.8963635399e-16)
    (3.3339126548e-19 9.0000206026e-16)
    (3.5040269168e-19 9.0942446716e-16)
    (3.6828213288e-19 9.1817880806e-16)
    (3.8707387991e-19 9.2575257943e-16)
    (4.0682448355e-19 9.3245320033e-16)
    (4.2758286985e-19 9.3829835872e-16)
    (4.4940046133e-19 9.4300859990e-16)
    (4.7233130437e-19 9.4721110669e-16)
    (4.9643220310e-19 9.5060388156e-16)
    (5.2176286008e-19 9.5320062963e-16)
    (5.4838602423e-19 9.5483714010e-16)
    (5.7636764626e-19 9.5589779147e-16)
    (6.0577704204e-19 9.5620662469e-16)
    (6.3668706432e-19 9.5577824614e-16)
    (6.6917428317e-19 9.5448750166e-16)
    (7.0331917570e-19 9.5265367712e-16)
    (7.3920632540e-19 9.5013909167e-16)
    (7.7692463164e-19 9.4696663524e-16)
    (8.1656752994e-19 9.4306194401e-16)
    (8.5823322341e-19 9.3839694408e-16)
    (9.0202492599e-19 9.3344072447e-16)
    (9.4805111817e-19 9.2793925765e-16)
    (9.9642581570e-19 9.2179821268e-16)
    (1.0472688520e-18 9.1531298254e-16)
    (1.1007061752e-18 9.0839165826e-16)
    (1.1568701597e-18 9.0094881316e-16)
    (1.2158999345e-18 8.9328107232e-16)
    (1.2779417279e-18 8.8530730599e-16)
    (1.3431492292e-18 8.7682239582e-16)
    (1.4116839701e-18 8.6840252349e-16)
    (1.4837157242e-18 8.5982109243e-16)
    (1.5594229282e-18 8.5090902204e-16)
    (1.6389931234e-18 8.4218335328e-16)
    (1.7226234204e-18 8.3345615154e-16)
    (1.8105209877e-18 8.2461911596e-16)
    (1.9029035644e-18 8.1405476394e-16)
    (2.0000000000e-18 8.0768975299e-16)
);
