// k[EI_O2_EXC_O2_8_4EV] [m^3/s] vs mean energy [eV]; air_plasma [23a06d772827b718], T_gas = 300.000000 K
(
    (0 0.0000000000e+00)
    (8.3422134201e-02 0.0000000000e+00)
    (8.8462680050e-02 0.0000000000e+00)
    (9.3491060499e-02 0.0000000000e+00)
    (9.6777619891e-02 0.0000000000e+00)
    (1.0175997315e-01 0.0000000000e+00)
    (1.0646293907e-01 0.0000000000e+00)
    (1.1133785898e-01 0.0000000000e+00)
    (1.1494524000e-01 0.0000000000e+00)
    (1.1873395973e-01 0.0000000000e+00)
    (1.2224734874e-01 0.0000000000e+00)
    (1.2551219849e-01 0.0000000000e+00)
    (1.2824328374e-01 0.0000000000e+00)
    (1.3141043808e-01 0.0000000000e+00)
    (1.3383153708e-01 0.0000000000e+00)
    (1.3676045299e-01 0.0000000000e+00)
    (1.3906586166e-01 0.0000000000e+00)
    (1.4141448729e-01 0.0000000000e+00)
    (1.4369352067e-01 0.0000000000e+00)
    (1.4592237950e-01 0.0000000000e+00)
    (1.4811895507e-01 0.0000000000e+00)
    (1.5029968859e-01 0.0000000000e+00)
    (1.5247964864e-01 0.0000000000e+00)
    (1.5467260739e-01 0.0000000000e+00)
    (1.5689111725e-01 0.0000000000e+00)
    (1.5914658981e-01 0.0000000000e+00)
    (1.6144937818e-01 0.0000000000e+00)
    (1.6380886523e-01 0.0000000000e+00)
    (1.6623355953e-01 0.0000000000e+00)
    (1.6873119978e-01 0.0000000000e+00)
    (1.7130886915e-01 0.0000000000e+00)
    (1.7397311959e-01 0.0000000000e+00)
    (1.7673010631e-01 0.0000000000e+00)
    (1.7958573144e-01 0.0000000000e+00)
    (1.8254579637e-01 0.0000000000e+00)
    (1.8561616139e-01 0.0000000000e+00)
    (1.8880291207e-01 0.0000000000e+00)
    (1.9211253088e-01 0.0000000000e+00)
    (1.9555207395e-01 0.0000000000e+00)
    (1.9912935206e-01 0.0000000000e+00)
    (2.0285311488e-01 0.0000000000e+00)
    (2.0673323717e-01 0.0000000000e+00)
    (2.1077955069e-01 0.0000000000e+00)
    (2.1499326283e-01 0.0000000000e+00)
    (2.1942255698e-01 0.0000000000e+00)
    (2.2406764334e-01 0.0000000000e+00)
    (2.2896000916e-01 0.0000000000e+00)
    (2.3410210934e-01 0.0000000000e+00)
    (2.3953467239e-01 0.0000000000e+00)
    (2.4529093645e-01 0.0000000000e+00)
    (2.5140825018e-01 0.0000000000e+00)
    (2.5793258691e-01 0.0000000000e+00)
    (2.6491215469e-01 0.0000000000e+00)
    (2.7240227530e-01 0.0000000000e+00)
    (2.8046375297e-01 0.0000000000e+00)
    (2.8916213748e-01 0.0000000000e+00)
    (2.9856646161e-01 0.0000000000e+00)
    (3.0874738545e-01 0.0000000000e+00)
    (3.1977472197e-01 0.0000000000e+00)
    (3.3168362229e-01 0.0000000000e+00)
    (3.4459290637e-01 0.0000000000e+00)
    (3.5851916481e-01 0.0000000000e+00)
    (3.7349390343e-01 0.0000000000e+00)
    (3.8952971105e-01 0.0000000000e+00)
    (4.0661729963e-01 0.0000000000e+00)
    (4.2472352370e-01 0.0000000000e+00)
    (4.4379064350e-01 0.0000000000e+00)
    (4.6373698345e-01 0.0000000000e+00)
    (4.8445899582e-01 0.0000000000e+00)
    (5.0583459041e-01 0.0000000000e+00)
    (5.2772746033e-01 0.0000000000e+00)
    (5.4999204197e-01 0.0000000000e+00)
    (5.7247870695e-01 0.0000000000e+00)
    (5.9503879746e-01 0.0000000000e+00)
    (6.1752917515e-01 0.0000000000e+00)
    (6.3981604274e-01 0.0000000000e+00)
    (6.6177789913e-01 0.0000000000e+00)
    (6.8330758583e-01 0.0000000000e+00)
    (7.0431346420e-01 0.0000000000e+00)
    (7.2467697436e-01 0.0000000000e+00)
    (7.4441509710e-01 0.0000000000e+00)
    (7.6344531747e-01 0.0000000000e+00)
    (7.8173515144e-01 0.0000000000e+00)
    (7.9926434244e-01 0.0000000000e+00)
    (8.1602339392e-01 0.0000000000e+00)
    (8.3201207605e-01 0.0000000000e+00)
    (8.4723797325e-01 0.0000000000e+00)
    (8.6171511997e-01 0.0000000000e+00)
    (8.7546275606e-01 0.0000000000e+00)
    (8.8850422020e-01 0.0000000000e+00)
    (9.0086598971e-01 0.0000000000e+00)
    (9.1257686765e-01 0.0000000000e+00)
    (9.2366731217e-01 0.0000000000e+00)
    (9.3416889937e-01 0.0000000000e+00)
    (9.4411390757e-01 0.0000000000e+00)
    (9.5353500920e-01 0.0000000000e+00)
    (9.6246505520e-01 0.0000000000e+00)
    (9.7091857930e-01 0.0000000000e+00)
    (9.7895628770e-01 0.0000000000e+00)
    (9.8659875486e-01 0.0000000000e+00)
    (9.9387769322e-01 0.0000000000e+00)
    (1.0008245462e+00 0.0000000000e+00)
    (1.0074705061e+00 0.0000000000e+00)
    (1.0138465437e+00 0.0000000000e+00)
    (1.0199834445e+00 0.0000000000e+00)
    (1.0259118506e+00 0.0000000000e+00)
    (1.0316623064e+00 0.0000000000e+00)
    (1.0372368134e+00 0.0000000000e+00)
    (1.0427253204e+00 0.0000000000e+00)
    (1.0479294135e+00 0.0000000000e+00)
    (1.0533131407e+00 0.0000000000e+00)
    (1.0587015549e+00 0.0000000000e+00)
    (1.0641455878e+00 0.0000000000e+00)
    (1.0697076953e+00 0.0000000000e+00)
    (1.0750720293e+00 2.5611552130e-20)
    (1.0809973277e+00 5.5907380187e-20)
    (1.0874475840e+00 1.0619621099e-19)
    (1.0944735414e+00 1.9618597989e-19)
    (1.1021354195e+00 3.5007354073e-19)
    (1.1110462081e+00 6.1112354427e-19)
    (1.1213652590e+00 1.0402193940e-18)
    (1.1333688578e+00 1.7332176852e-18)
    (1.1479276605e+00 2.8079067768e-18)
    (1.1654776904e+00 4.4492461469e-18)
    (1.1867523231e+00 6.9014801238e-18)
    (1.2125891895e+00 1.0488155207e-17)
    (1.2443761699e+00 1.5741769447e-17)
    (1.2823184390e+00 2.2986187952e-17)
    (1.3278130703e+00 3.2954516851e-17)
    (1.3819109720e+00 4.6412849286e-17)
    (1.4462628824e+00 6.4455066406e-17)
    (1.5205346482e+00 8.7700504535e-17)
    (1.6060431212e+00 1.1740980532e-16)
    (1.7033101278e+00 1.5472816342e-16)
    (1.8133236744e+00 2.0123288948e-16)
    (1.9345349977e+00 2.5723232529e-16)
    (2.0673826653e+00 3.2419786174e-16)
    (2.2112586444e+00 4.0308375685e-16)
    (2.3675391486e+00 4.9584648995e-16)
    (2.5306547436e+00 6.0085853121e-16)
    (2.7016797611e+00 7.1966493741e-16)
    (2.8793718350e+00 8.5253198010e-16)
    (3.0627158465e+00 9.9987669023e-16)
    (3.2500925522e+00 1.1609883844e-15)
    (3.4406844079e+00 1.3360308839e-15)
    (3.6335931443e+00 1.5247399113e-15)
    (3.8293914994e+00 1.7277612573e-15)
    (4.0246201322e+00 1.9425966152e-15)
    (4.2205744262e+00 2.1700329047e-15)
    (4.4170654205e+00 2.4096953536e-15)
    (4.6140592698e+00 2.6612210387e-15)
    (4.8118293106e+00 2.9245700165e-15)
    (5.0101425298e+00 3.1987177077e-15)
    (5.2096264803e+00 3.4837829993e-15)
    (5.4106830855e+00 3.7794904115e-15)
    (5.6137791567e+00 4.0855806655e-15)
    (5.8194315888e+00 4.4018053272e-15)
    (6.0281942774e+00 4.7279206954e-15)
    (6.2397182407e+00 5.0629356346e-15)
    (6.4559105451e+00 5.4076271708e-15)
    (6.6776519205e+00 5.7619789449e-15)
    (6.9049922865e+00 6.1252809552e-15)
    (7.1385780794e+00 6.4972642049e-15)
    (7.3786430488e+00 6.8771470390e-15)
    (7.6265303642e+00 7.2654554007e-15)
    (7.8826257025e+00 7.6615246142e-15)
    (8.1497191059e+00 8.0677411065e-15)
    (8.4240092405e+00 8.4780058420e-15)
    (8.7085308876e+00 8.8949211242e-15)
    (9.0040228143e+00 9.3181034773e-15)
    (9.3087340154e+00 9.7439681241e-15)
    (9.6283995994e+00 1.0178440406e-14)
    (9.9612246963e+00 1.0617809445e-14)
    (1.0308125495e+01 1.1061657880e-14)
    (1.0668465983e+01 1.1507655628e-14)
    (1.1045828452e+01 1.1958831454e-14)
    (1.1439820622e+01 1.2412905794e-14)
    (1.1851696174e+01 1.2869475683e-14)
    (1.2280620034e+01 1.3326057961e-14)
    (1.2730516764e+01 1.3785607230e-14)
    (1.3201609335e+01 1.4246022313e-14)
    (1.3695082127e+01 1.4706733056e-14)
    (1.4209909604e+01 1.5165010579e-14)
    (1.4748613160e+01 1.5620527261e-14)
    (1.5316430848e+01 1.6078681361e-14)
    (1.5912205402e+01 1.6534925602e-14)
    (1.6537243804e+01 1.6986563238e-14)
    (1.7194717344e+01 1.7437591818e-14)
    (1.7885901787e+01 1.7885244238e-14)
    (1.8613989945e+01 1.8327588097e-14)
    (1.9379845460e+01 1.8767037529e-14)
    (2.0186705972e+01 1.9201694929e-14)
    (2.1034800734e+01 1.9625753736e-14)
    (2.1932990500e+01 2.0049750459e-14)
    (2.2881431137e+01 2.0467444482e-14)
    (2.3881383122e+01 2.0873080879e-14)
    (2.4941600051e+01 2.1276878752e-14)
    (2.6064042589e+01 2.1672705865e-14)
    (2.7252346416e+01 2.2055948907e-14)
    (2.8390136249e+01 2.2379863899e-14)
    (2.9849584724e+01 2.2802020265e-14)
);
