// k[EI_O2_EXC_O2_B1] [m^3/s] vs mean energy [eV]; air_plasma [23a06d772827b718], T_gas = 300.000000 K
(
    (0 0.0000000000e+00)
    (8.3422134201e-02 0.0000000000e+00)
    (8.8462680050e-02 0.0000000000e+00)
    (9.3491060499e-02 0.0000000000e+00)
    (9.6777619891e-02 0.0000000000e+00)
    (1.0175997315e-01 0.0000000000e+00)
    (1.0646293907e-01 0.0000000000e+00)
    (1.1133785898e-01 1.2707646975e-23)
    (1.1494524000e-01 0.0000000000e+00)
    (1.1873395973e-01 0.0000000000e+00)
    (1.2224734874e-01 0.0000000000e+00)
    (1.2551219849e-01 0.0000000000e+00)
    (1.2824328374e-01 6.7204042483e-25)
    (1.3141043808e-01 0.0000000000e+00)
    (1.3383153708e-01 2.7623762907e-24)
    (1.3676045299e-01 0.0000000000e+00)
    (1.3906586166e-01 0.0000000000e+00)
    (1.4141448729e-01 0.0000000000e+00)
    (1.4369352067e-01 0.0000000000e+00)
    (1.4592237950e-01 0.0000000000e+00)
    (1.4811895507e-01 0.0000000000e+00)
    (1.5029968859e-01 0.0000000000e+00)
    (1.5247964864e-01 0.0000000000e+00)
    (1.5467260739e-01 0.0000000000e+00)
    (1.5689111725e-01 0.0000000000e+00)
    (1.5914658981e-01 0.0000000000e+00)
    (1.6144937818e-01 0.0000000000e+00)
    (1.6380886523e-01 0.0000000000e+00)
    (1.6623355953e-01 0.0000000000e+00)
    (1.6873119978e-01 0.0000000000e+00)
    (1.7130886915e-01 0.0000000000e+00)
    (1.7397311959e-01 0.0000000000e+00)
    (1.7673010631e-01 0.0000000000e+00)
    (1.7958573144e-01 0.0000000000e+00)
    (1.8254579637e-01 0.0000000000e+00)
    (1.8561616139e-01 0.0000000000e+00)
    (1.8880291207e-01 0.0000000000e+00)
    (1.9211253088e-01 0.0000000000e+00)
    (1.9555207395e-01 0.0000000000e+00)
    (1.9912935206e-01 0.0000000000e+00)
    (2.0285311488e-01 0.0000000000e+00)
    (2.0673323717e-01 0.0000000000e+00)
    (2.1077955069e-01 0.0000000000e+00)
    (2.1499326283e-01 0.0000000000e+00)
    (2.1942255698e-01 0.0000000000e+00)
    (2.2406764334e-01 0.0000000000e+00)
    (2.2896000916e-01 0.0000000000e+00)
    (2.3410210934e-01 0.0000000000e+00)
    (2.3953467239e-01 0.0000000000e+00)
    (2.4529093645e-01 0.0000000000e+00)
    (2.5140825018e-01 2.5280153466e-24)
    (2.5793258691e-01 2.6554275228e-24)
    (2.6491215469e-01 3.1029745693e-24)
    (2.7240227530e-01 4.1643552446e-24)
    (2.8046375297e-01 6.3726112412e-24)
    (2.8916213748e-01 1.0662530923e-23)
    (2.9856646161e-01 1.8618409694e-23)
    (3.0874738545e-01 3.2836051478e-23)
    (3.1977472197e-01 5.7428777921e-23)
    (3.3168362229e-01 9.5928055455e-23)
    (3.4459290637e-01 1.6213765581e-22)
    (3.5851916481e-01 2.6793403275e-22)
    (3.7349390343e-01 4.3268877797e-22)
    (3.8952971105e-01 6.8293186762e-22)
    (4.0661729963e-01 1.0539250477e-21)
    (4.2472352370e-01 1.5911665051e-21)
    (4.4379064350e-01 2.3516654832e-21)
    (4.6373698345e-01 3.4048134000e-21)
    (4.8445899582e-01 4.8326894516e-21)
    (5.0583459041e-01 6.7296756532e-21)
    (5.2772746033e-01 9.2013159608e-21)
    (5.4999204197e-01 1.2362428470e-20)
    (5.7247870695e-01 1.6334557669e-20)
    (5.9503879746e-01 2.1242923217e-20)
    (6.1752917515e-01 2.7213073217e-20)
    (6.3981604274e-01 3.4367476917e-20)
    (6.6177789913e-01 4.2822292627e-20)
    (6.8330758583e-01 5.2684523720e-20)
    (7.0431346420e-01 6.4049734549e-20)
    (7.2467697436e-01 7.6883281383e-20)
    (7.4441509710e-01 9.1435649374e-20)
    (7.6344531747e-01 1.0767557965e-19)
    (7.8173515144e-01 1.2563675982e-19)
    (7.9926434244e-01 1.4533861096e-19)
    (8.1602339392e-01 1.6678770409e-19)
    (8.3201207605e-01 1.8997959862e-19)
    (8.4723797325e-01 2.1490099883e-19)
    (8.6171511997e-01 2.4153212967e-19)
    (8.7546275606e-01 2.6984924471e-19)
    (8.8850422020e-01 2.9982719289e-19)
    (9.0086598971e-01 3.3144198681e-19)
    (9.1257686765e-01 3.6467333004e-19)
    (9.2366731217e-01 3.9950707421e-19)
    (9.3416889937e-01 4.3593758669e-19)
    (9.4411390757e-01 4.7397001604e-19)
    (9.5353500920e-01 5.1362244563e-19)
    (9.6246505520e-01 5.5492792518e-19)
    (9.7091857930e-01 5.9786846045e-19)
    (9.7895628770e-01 6.4261912809e-19)
    (9.8659875486e-01 6.8922239038e-19)
    (9.9387769322e-01 7.3778827844e-19)
    (1.0008245462e+00 7.8845091694e-19)
    (1.0074705061e+00 8.4137037638e-19)
    (1.0138465437e+00 8.9673458736e-19)
    (1.0199834445e+00 9.5476134608e-19)
    (1.0259118506e+00 1.0157004339e-18)
    (1.0316623064e+00 1.0798358617e-18)
    (1.0372368134e+00 1.1473846021e-18)
    (1.0427253204e+00 1.2190378257e-18)
    (1.0479294135e+00 1.2957296952e-18)
    (1.0533131407e+00 1.3784643571e-18)
    (1.0587015549e+00 1.4681470834e-18)
    (1.0641455878e+00 1.5665032134e-18)
    (1.0697076953e+00 1.6759783776e-18)
    (1.0750720293e+00 1.7940628508e-18)
    (1.0809973277e+00 1.9336455850e-18)
    (1.0874475840e+00 2.0981823620e-18)
    (1.0944735414e+00 2.2947329673e-18)
    (1.1021354195e+00 2.5373929696e-18)
    (1.1110462081e+00 2.8347377035e-18)
    (1.1213652590e+00 3.2067683209e-18)
    (1.1333688578e+00 3.6787188334e-18)
    (1.1479276605e+00 4.2735418497e-18)
    (1.1654776904e+00 5.0249378994e-18)
    (1.1867523231e+00 5.9704668510e-18)
    (1.2125891895e+00 7.1526020028e-18)
    (1.2443761699e+00 8.6559170964e-18)
    (1.2823184390e+00 1.0459436402e-17)
    (1.3278130703e+00 1.2646143234e-17)
    (1.3819109720e+00 1.5264947342e-17)
    (1.4462628824e+00 1.8401384106e-17)
    (1.5205346482e+00 2.2013636451e-17)
    (1.6060431212e+00 2.6166234086e-17)
    (1.7033101278e+00 3.0872760455e-17)
    (1.8133236744e+00 3.6189195004e-17)
    (1.9345349977e+00 4.1976904418e-17)
    (2.0673826653e+00 4.8262560979e-17)
    (2.2112586444e+00 5.4996440084e-17)
    (2.3675391486e+00 6.2240285645e-17)
    (2.5306547436e+00 6.9668918554e-17)
    (2.7016797611e+00 7.7331734760e-17)
    (2.8793718350e+00 8.5148914590e-17)
    (3.0627158465e+00 9.3067899630e-17)
    (3.2500925522e+00 1.0096253798e-16)
    (3.4406844079e+00 1.0879447048e-16)
    (3.6335931443e+00 1.1650666778e-16)
    (3.8293914994e+00 1.2411837754e-16)
    (4.0246201322e+00 1.3144331958e-16)
    (4.2205744262e+00 1.3853782929e-16)
    (4.4170654205e+00 1.4538263990e-16)
    (4.6140592698e+00 1.5196606816e-16)
    (4.8118293106e+00 1.5829858710e-16)
    (5.0101425298e+00 1.6434293496e-16)
    (5.2096264803e+00 1.7012576123e-16)
    (5.4106830855e+00 1.7565416849e-16)
    (5.6137791567e+00 1.8093741570e-16)
    (5.8194315888e+00 1.8598611922e-16)
    (6.0281942774e+00 1.9081157988e-16)
    (6.2397182407e+00 1.9539296608e-16)
    (6.4559105451e+00 1.9978643318e-16)
    (6.6776519205e+00 2.0400897466e-16)
    (6.9049922865e+00 2.0805047753e-16)
    (7.1385780794e+00 2.1191899299e-16)
    (7.3786430488e+00 2.1561574605e-16)
    (7.6265303642e+00 2.1915502139e-16)
    (7.8826257025e+00 2.2253747312e-16)
    (8.1497191059e+00 2.2582847507e-16)
    (8.4240092405e+00 2.2889449447e-16)
    (8.7085308876e+00 2.3180669204e-16)
    (9.0040228143e+00 2.3456266684e-16)
    (9.3087340154e+00 2.3708573953e-16)
    (9.6283995994e+00 2.3952130862e-16)
    (9.9612246963e+00 2.4178560699e-16)
    (1.0308125495e+01 2.4387122817e-16)
    (1.0668465983e+01 2.4572446330e-16)
    (1.1045828452e+01 2.4743066518e-16)
    (1.1439820622e+01 2.4893186597e-16)
    (1.1851696174e+01 2.5021762537e-16)
    (1.2280620034e+01 2.5123981401e-16)
    (1.2730516764e+01 2.5206880906e-16)
    (1.3201609335e+01 2.5265208296e-16)
    (1.3695082127e+01 2.5298021566e-16)
    (1.4209909604e+01 2.5301938189e-16)
    (1.4748613160e+01 2.5274190181e-16)
    (1.5316430848e+01 2.5226338871e-16)
    (1.5912205402e+01 2.5149947103e-16)
    (1.6537243804e+01 2.5040952059e-16)
    (1.7194717344e+01 2.4906105445e-16)
    (1.7885901787e+01 2.4741625259e-16)
    (1.8613989945e+01 2.4543229280e-16)
    (1.9379845460e+01 2.4319402286e-16)
    (2.0186705972e+01 2.4066250245e-16)
    (2.1034800734e+01 2.3777219504e-16)
    (2.1932990500e+01 2.3467459396e-16)
    (2.2881431137e+01 2.3130147287e-16)
    (2.3881383122e+01 2.2759919544e-16)
    (2.4941600051e+01 2.2371152450e-16)
    (2.6064042589e+01 2.1958182693e-16)
    (2.7252346416e+01 2.1517788623e-16)
    (2.8390136249e+01 2.1020102108e-16)
    (2.9849584724e+01 2.0585744324e-16)
);
