// k[EI_O2_EXC_O2_V4] [m^3/s] vs reducedE [V m^2]; air_plasma [23a06d772827b718], T_gas = 300.000000 K
(
    (0 0.0000000000e+00)
    (1.0000000000e-22 0.0000000000e+00)
    (1.0510254106e-22 0.0000000000e+00)
    (1.1046544136e-22 0.0000000000e+00)
    (1.1610198586e-22 0.0000000000e+00)
    (1.2202613736e-22 0.0000000000e+00)
    (1.2825257111e-22 0.0000000000e+00)
    (1.3479671121e-22 3.7969636476e-22)
    (1.4167476874e-22 0.0000000000e+00)
    (1.4890378198e-22 0.0000000000e+00)
    (1.5650165859e-22 0.0000000000e+00)
    (1.6448721998e-22 0.0000000000e+00)
    (1.7288024791e-22 1.0670402526e-23)
    (1.8170153353e-22 0.0000000000e+00)
    (1.9097292888e-22 4.5295982228e-23)
    (2.0071740098e-22 1.9832537825e-22)
    (2.1095908877e-22 1.4442177188e-23)
    (2.2172336289e-22 1.4172324403e-23)
    (2.3303688851e-22 1.3953203992e-23)
    (2.4492769142e-22 1.3769882041e-23)
    (2.5742522744e-22 1.3610957237e-23)
    (2.7056045535e-22 1.3467964172e-23)
    (2.8436591367e-22 1.3335570773e-23)
    (2.9887580116e-22 1.3211780805e-23)
    (3.1412606162e-22 1.3098791461e-23)
    (3.3015447288e-22 1.3004968886e-23)
    (3.4700074041e-22 1.2947914297e-23)
    (3.6470659565e-22 1.2959769124e-23)
    (3.8331589943e-22 1.3096248354e-23)
    (4.0287475057e-22 1.3450703239e-23)
    (4.2343160012e-22 1.4176612645e-23)
    (4.4503737136e-22 1.5522233056e-23)
    (4.6774558595e-22 1.7883617859e-23)
    (4.9161249651e-22 2.1883502783e-23)
    (5.1669722598e-22 2.8487285943e-23)
    (5.4306191407e-22 3.9169797433e-23)
    (5.7077187120e-22 5.6150788127e-23)
    (5.9989574026e-22 8.2719483972e-23)
    (6.3050566670e-22 1.2367267865e-22)
    (6.6267747720e-22 1.8589233474e-22)
    (6.9649086754e-22 2.7908858720e-22)
    (7.3202960001e-22 4.1673080447e-22)
    (7.6938171089e-22 7.3658734600e-22)
    (8.0863972857e-22 1.1569786809e-21)
    (8.4990090271e-22 1.6940327577e-21)
    (8.9326744521e-22 2.4851581745e-21)
    (9.3884678334e-22 3.7529215557e-21)
    (9.8675182591e-22 5.4847505802e-21)
    (1.0371012429e-21 7.9811491905e-21)
    (1.0900197597e-21 1.1544322007e-20)
    (1.1456384654e-21 1.6658769025e-20)
    (1.2040951385e-21 2.3718345610e-20)
    (1.2655345872e-21 3.3482230872e-20)
    (1.3301090091e-21 4.6829127414e-20)
    (1.3979783674e-21 6.4852778455e-20)
    (1.4693107876e-21 8.8886046024e-20)
    (1.5442829737e-21 1.2051670726e-19)
    (1.6230806465e-21 1.6159046468e-19)
    (1.7058990029e-21 2.1419653368e-19)
    (1.7929431998e-21 2.8053965221e-19)
    (1.8844288627e-21 3.6322172325e-19)
    (1.9805826191e-21 4.6466729513e-19)
    (2.0816426604e-21 5.8732399350e-19)
    (2.1878593318e-21 7.3345930932e-19)
    (2.2994957524e-21 9.0502199384e-19)
    (2.4168284673e-21 1.1035046078e-18)
    (2.5401481321e-21 1.3298197512e-18)
    (2.6697602334e-21 1.5842023100e-18)
    (2.8059858454e-21 1.8661480967e-18)
    (2.9491624252e-21 2.1743957337e-18)
    (3.0996446487e-21 2.5069540818e-18)
    (3.2578052895e-21 2.8611726913e-18)
    (3.4240361419e-21 3.2338484498e-18)
    (3.5987489918e-21 3.6213584478e-18)
    (3.7823766366e-21 4.0198074439e-18)
    (3.9753739574e-21 4.4251782398e-18)
    (4.1782190457e-21 4.8334745302e-18)
    (4.3914143879e-21 5.2408479709e-18)
    (4.6154881100e-21 5.6437038426e-18)
    (4.8509952857e-21 6.0382043940e-18)
    (5.0985193118e-21 6.4225152801e-18)
    (5.3586733529e-21 6.7936993574e-18)
    (5.6321018608e-21 7.1497320405e-18)
    (5.9194821706e-21 7.4890143186e-18)
    (6.2215261786e-21 7.8103523342e-18)
    (6.5389821062e-21 8.1129267233e-18)
    (6.8726363528e-21 8.3962551331e-18)
    (7.2233154443e-21 8.6601509026e-18)
    (7.5918880804e-21 8.9046803953e-18)
    (7.9792672866e-21 9.1301209513e-18)
    (8.3864126759e-21 9.3369209406e-18)
    (8.8143328258e-21 9.5256629477e-18)
    (9.2640877770e-21 9.6970307385e-18)
    (9.7367916593e-21 9.8517803344e-18)
    (1.0233615451e-20 9.9907152653e-18)
    (1.0755789881e-20 1.0114665874e-17)
    (1.1304608476e-20 1.0224472403e-17)
    (1.1881430764e-20 1.0320411644e-17)
    (1.2487685647e-20 1.0404263577e-17)
    (1.3124874934e-20 1.0476380394e-17)
    (1.3794577066e-20 1.0537515657e-17)
    (1.4498451025e-20 1.0588386900e-17)
    (1.5238240441e-20 1.0629672693e-17)
    (1.6015777915e-20 1.0662010918e-17)
    (1.6832989559e-20 1.0685998029e-17)
    (1.7691899762e-20 1.0702189094e-17)
    (1.8594636211e-20 1.0711098472e-17)
    (1.9543435158e-20 1.0712990512e-17)
    (2.0540646960e-20 1.0708718871e-17)
    (2.1588741905e-20 1.0693649939e-17)
    (2.2690316324e-20 1.0677817096e-17)
    (2.3848099030e-20 1.0656641376e-17)
    (2.5064958074e-20 1.0630374423e-17)
    (2.6343907850e-20 1.0599212726e-17)
    (2.7688116564e-20 1.0568280908e-17)
    (2.9100914079e-20 1.0535614432e-17)
    (3.0585800168e-20 1.0505651037e-17)
    (3.2146453179e-20 1.0480496347e-17)
    (3.3786739150e-20 1.0460656242e-17)
    (3.5510721387e-20 1.0461988313e-17)
    (3.7322670525e-20 1.0489163734e-17)
    (3.9227075111e-20 1.0555680519e-17)
    (4.1228652724e-20 1.0677430032e-17)
    (4.3332361656e-20 1.0876095844e-17)
    (4.5543413200e-20 1.1178702020e-17)
    (4.7867284557e-20 1.1618320176e-17)
    (5.0309732403e-20 1.2246345442e-17)
    (5.2876807154e-20 1.3088824512e-17)
    (5.5574867948e-20 1.4205227077e-17)
    (5.8410598402e-20 1.5651399063e-17)
    (6.1391023167e-20 1.7510838562e-17)
    (6.4523525328e-20 1.9794853633e-17)
    (6.7815864699e-20 2.2581572350e-17)
    (7.1276197038e-20 2.5920634493e-17)
    (7.4913094254e-20 2.9891020323e-17)
    (7.8735565645e-20 3.4440906240e-17)
    (8.2753080208e-20 3.9621715506e-17)
    (8.6975590100e-20 4.5429219803e-17)
    (9.1413555293e-20 5.1936796175e-17)
    (9.6077969483e-20 5.8917586308e-17)
    (1.0098038732e-19 6.6412727973e-17)
    (1.0613295304e-19 7.4357973443e-17)
    (1.1154843055e-19 8.2703644937e-17)
    (1.1724023501e-19 9.1321590378e-17)
    (1.2322246614e-19 1.0015533344e-16)
    (1.2950994306e-19 1.0912287831e-16)
    (1.3611824108e-19 1.1820146305e-16)
    (1.4306373021e-19 1.2718848802e-16)
    (1.5036361578e-19 1.3608455423e-16)
    (1.5803598101e-19 1.4482512457e-16)
    (1.6609983183e-19 1.5335183366e-16)
    (1.7457514394e-19 1.6162766348e-16)
    (1.8348291233e-19 1.6957114918e-16)
    (1.9284520326e-19 1.7716355878e-16)
    (2.0268520893e-19 1.8437011438e-16)
    (2.1302730493e-19 1.9116110254e-16)
    (2.2389711063e-19 1.9751150276e-16)
    (2.3532155262e-19 2.0340063981e-16)
    (2.4732893146e-19 2.0877589596e-16)
    (2.5994899173e-19 2.1367436329e-16)
    (2.7321299575e-19 2.1809421163e-16)
    (2.8715380103e-19 2.2200740598e-16)
    (3.0180594162e-19 2.2541050395e-16)
    (3.1720571370e-19 2.2828713614e-16)
    (3.3339126548e-19 2.3066937350e-16)
    (3.5040269168e-19 2.3254734659e-16)
    (3.6828213288e-19 2.3400643051e-16)
    (3.8707387991e-19 2.3488762555e-16)
    (4.0682448355e-19 2.3529042621e-16)
    (4.2758286985e-19 2.3522616598e-16)
    (4.4940046133e-19 2.3462058461e-16)
    (4.7233130437e-19 2.3366929091e-16)
    (4.9643220310e-19 2.3229360415e-16)
    (5.2176286008e-19 2.3050935616e-16)
    (5.4838602423e-19 2.2829003924e-16)
    (5.7636764626e-19 2.2574722497e-16)
    (6.0577704204e-19 2.2285134912e-16)
    (6.3668706432e-19 2.1962101475e-16)
    (6.6917428317e-19 2.1604424084e-16)
    (7.0331917570e-19 2.1221536557e-16)
    (7.3920632540e-19 2.0811586035e-16)
    (7.7692463164e-19 2.0376830517e-16)
    (8.1656752994e-19 1.9917313364e-16)
    (8.5823322341e-19 1.9435061619e-16)
    (9.0202492599e-19 1.8940709532e-16)
    (9.4805111817e-19 1.8430739084e-16)
    (9.9642581570e-19 1.7903958983e-16)
    (1.0472688520e-18 1.7369574996e-16)
    (1.1007061752e-18 1.6826237814e-16)
    (1.1568701597e-18 1.6272847236e-16)
    (1.2158999345e-18 1.5717932186e-16)
    (1.2779417279e-18 1.5160229828e-16)
    (1.3431492292e-18 1.4596781186e-16)
    (1.4116839701e-18 1.4039532134e-16)
    (1.4837157242e-18 1.3484807963e-16)
    (1.5594229282e-18 1.2929895200e-16)
    (1.6389931234e-18 1.2385380462e-16)
    (1.7226234204e-18 1.1847771393e-16)
    (1.8105209877e-18 1.1315563419e-16)
    (1.9029035644e-18 1.0771188812e-16)
    (2.0000000000e-18 1.0286506340e-16)
);
