// k[EI_N2_EXC_N2_V2] [m^3/s] vs reducedE [V m^2]; air_plasma [23a06d772827b718], T_gas = 300.000000 K
(
    (0 0.0000000000e+00)
    (1.0000000000e-22 0.0000000000e+00)
    (1.0510254106e-22 0.0000000000e+00)
    (1.1046544136e-22 0.0000000000e+00)
    (1.1610198586e-22 0.0000000000e+00)
    (1.2202613736e-22 0.0000000000e+00)
    (1.2825257111e-22 0.0000000000e+00)
    (1.3479671121e-22 1.0487678289e-22)
    (1.4167476874e-22 0.0000000000e+00)
    (1.4890378198e-22 0.0000000000e+00)
    (1.5650165859e-22 0.0000000000e+00)
    (1.6448721998e-22 0.0000000000e+00)
    (1.7288024791e-22 4.4268743873e-22)
    (1.8170153353e-22 0.0000000000e+00)
    (1.9097292888e-22 1.8143200941e-21)
    (2.0071740098e-22 0.0000000000e+00)
    (2.1095908877e-22 0.0000000000e+00)
    (2.2172336289e-22 0.0000000000e+00)
    (2.3303688851e-22 0.0000000000e+00)
    (2.4492769142e-22 0.0000000000e+00)
    (2.5742522744e-22 0.0000000000e+00)
    (2.7056045535e-22 0.0000000000e+00)
    (2.8436591367e-22 0.0000000000e+00)
    (2.9887580116e-22 0.0000000000e+00)
    (3.1412606162e-22 0.0000000000e+00)
    (3.3015447288e-22 0.0000000000e+00)
    (3.4700074041e-22 0.0000000000e+00)
    (3.6470659565e-22 0.0000000000e+00)
    (3.8331589943e-22 0.0000000000e+00)
    (4.0287475057e-22 0.0000000000e+00)
    (4.2343160012e-22 0.0000000000e+00)
    (4.4503737136e-22 0.0000000000e+00)
    (4.6774558595e-22 0.0000000000e+00)
    (4.9161249651e-22 0.0000000000e+00)
    (5.1669722598e-22 0.0000000000e+00)
    (5.4306191407e-22 0.0000000000e+00)
    (5.7077187120e-22 0.0000000000e+00)
    (5.9989574026e-22 0.0000000000e+00)
    (6.3050566670e-22 0.0000000000e+00)
    (6.6267747720e-22 0.0000000000e+00)
    (6.9649086754e-22 0.0000000000e+00)
    (7.3202960001e-22 0.0000000000e+00)
    (7.6938171089e-22 0.0000000000e+00)
    (8.0863972857e-22 0.0000000000e+00)
    (8.4990090271e-22 0.0000000000e+00)
    (8.9326744521e-22 0.0000000000e+00)
    (9.3884678334e-22 0.0000000000e+00)
    (9.8675182591e-22 0.0000000000e+00)
    (1.0371012429e-21 0.0000000000e+00)
    (1.0900197597e-21 0.0000000000e+00)
    (1.1456384654e-21 1.5142283451e-23)
    (1.2040951385e-21 1.4576118961e-23)
    (1.2655345872e-21 1.4874640516e-23)
    (1.3301090091e-21 1.6857187600e-23)
    (1.3979783674e-21 2.2085840897e-23)
    (1.4693107876e-21 3.3427117807e-23)
    (1.5442829737e-21 5.5944995702e-23)
    (1.6230806465e-21 9.8255726820e-23)
    (1.7058990029e-21 1.7449064959e-22)
    (1.7929431998e-21 1.4443828186e-21)
    (1.8844288627e-21 2.3398396233e-21)
    (1.9805826191e-21 3.9967163340e-21)
    (2.0816426604e-21 6.9402115530e-21)
    (2.1878593318e-21 1.1998351714e-20)
    (2.2994957524e-21 2.0437060370e-20)
    (2.4168284673e-21 3.4134424372e-20)
    (2.5401481321e-21 5.5796310400e-20)
    (2.6697602334e-21 8.9212002841e-20)
    (2.8059858454e-21 1.3954431906e-19)
    (2.9491624252e-21 2.1364429105e-19)
    (3.0996446487e-21 3.2037685478e-19)
    (3.2578052895e-21 4.7094170289e-19)
    (3.4240361419e-21 6.7917291105e-19)
    (3.5987489918e-21 9.6180224082e-19)
    (3.7823766366e-21 1.3386741452e-18)
    (3.9753739574e-21 1.8329048579e-18)
    (4.1782190457e-21 2.4709827749e-18)
    (4.3914143879e-21 3.2828118775e-18)
    (4.6154881100e-21 4.3017035498e-18)
    (4.8509952857e-21 5.5181391488e-18)
    (5.0985193118e-21 7.0422495262e-18)
    (5.3586733529e-21 8.8850609288e-18)
    (5.6321018608e-21 1.1090812550e-17)
    (5.9194821706e-21 1.3706566042e-17)
    (6.2215261786e-21 1.6782191990e-17)
    (6.5389821062e-21 2.0370388543e-17)
    (6.8726363528e-21 2.4526727419e-17)
    (7.2233154443e-21 2.9309717639e-17)
    (7.5918880804e-21 3.4780873447e-17)
    (7.9792672866e-21 4.1004770441e-17)
    (8.3864126759e-21 4.8049073105e-17)
    (8.8143328258e-21 5.5984517866e-17)
    (9.2640877770e-21 6.4884838463e-17)
    (9.7367916593e-21 7.4826624442e-17)
    (1.0233615451e-20 8.5889108904e-17)
    (1.0755789881e-20 9.8153887570e-17)
    (1.1304608476e-20 1.1170457745e-16)
    (1.1881430764e-20 1.2664854485e-16)
    (1.2487685647e-20 1.4303553235e-16)
    (1.3124874934e-20 1.6097170776e-16)
    (1.3794577066e-20 1.8054674275e-16)
    (1.4498451025e-20 2.0185102899e-16)
    (1.5238240441e-20 2.2497553152e-16)
    (1.6015777915e-20 2.5001173589e-16)
    (1.6832989559e-20 2.7705169937e-16)
    (1.7691899762e-20 3.0618821046e-16)
    (1.8594636211e-20 3.3751505427e-16)
    (1.9543435158e-20 3.7102873458e-16)
    (2.0540646960e-20 4.0702652936e-16)
    (2.1588741905e-20 4.4494245856e-16)
    (2.2690316324e-20 4.8600460031e-16)
    (2.3848099030e-20 5.2976579385e-16)
    (2.5064958074e-20 5.7633724766e-16)
    (2.6343907850e-20 6.2583386727e-16)
    (2.7688116564e-20 6.7695877951e-16)
    (2.9100914079e-20 7.3215961986e-16)
    (3.0585800168e-20 7.9115544953e-16)
    (3.2146453179e-20 8.5355609107e-16)
    (3.3786739150e-20 9.1858938696e-16)
    (3.5510721387e-20 9.8809225603e-16)
    (3.7322670525e-20 1.0612397975e-15)
    (3.9227075111e-20 1.1354726546e-15)
    (4.1228652724e-20 1.2159479106e-15)
    (4.3332361656e-20 1.2998963049e-15)
    (4.5543413200e-20 1.3870872169e-15)
    (4.7867284557e-20 1.4771704774e-15)
    (5.0309732403e-20 1.5691181987e-15)
    (5.2876807154e-20 1.6633343424e-15)
    (5.5574867948e-20 1.7585015939e-15)
    (5.8410598402e-20 1.8536499807e-15)
    (6.1391023167e-20 1.9465527040e-15)
    (6.4523525328e-20 2.0382679578e-15)
    (6.7815864699e-20 2.1262581628e-15)
    (7.1276197038e-20 2.2091594201e-15)
    (7.4913094254e-20 2.2809328984e-15)
    (7.8735565645e-20 2.3499143422e-15)
    (8.2753080208e-20 2.4101816225e-15)
    (8.6975590100e-20 2.4608663656e-15)
    (9.1413555293e-20 2.5000416931e-15)
    (9.6077969483e-20 2.5300383671e-15)
    (1.0098038732e-19 2.5494403601e-15)
    (1.0613295304e-19 2.5584504239e-15)
    (1.1154843055e-19 2.5546669621e-15)
    (1.1724023501e-19 2.5447419805e-15)
    (1.2322246614e-19 2.5262011557e-15)
    (1.2950994306e-19 2.4999013559e-15)
    (1.3611824108e-19 2.4659933176e-15)
    (1.4306373021e-19 2.4269843278e-15)
    (1.5036361578e-19 2.3829275646e-15)
    (1.5803598101e-19 2.3346602396e-15)
    (1.6609983183e-19 2.2829567402e-15)
    (1.7457514394e-19 2.2275812216e-15)
    (1.8348291233e-19 2.1711652268e-15)
    (1.9284520326e-19 2.1131701852e-15)
    (2.0268520893e-19 2.0540719090e-15)
    (2.1302730493e-19 1.9942776788e-15)
    (2.2389711063e-19 1.9341326951e-15)
    (2.3532155262e-19 1.8739271575e-15)
    (2.4732893146e-19 1.8130835165e-15)
    (2.5994899173e-19 1.7533046798e-15)
    (2.7321299575e-19 1.6943390835e-15)
    (2.8715380103e-19 1.6360343912e-15)
    (3.0180594162e-19 1.5785061229e-15)
    (3.1720571370e-19 1.5208149446e-15)
    (3.3339126548e-19 1.4652646126e-15)
    (3.5040269168e-19 1.4107130215e-15)
    (3.6828213288e-19 1.3551501119e-15)
    (3.8707387991e-19 1.3029167958e-15)
    (4.0682448355e-19 1.2518223584e-15)
    (4.2758286985e-19 1.2018992133e-15)
    (4.4940046133e-19 1.1538312278e-15)
    (4.7233130437e-19 1.1063005230e-15)
    (4.9643220310e-19 1.0600143058e-15)
    (5.2176286008e-19 1.0149841446e-15)
    (5.4838602423e-19 9.7139521146e-16)
    (5.7636764626e-19 9.2888971772e-16)
    (6.0577704204e-19 8.8767307918e-16)
    (6.3668706432e-19 8.4773768544e-16)
    (6.6917428317e-19 8.0820786858e-16)
    (7.0331917570e-19 7.7094658278e-16)
    (7.3920632540e-19 7.3493895996e-16)
    (7.7692463164e-19 7.0017626774e-16)
    (8.1656752994e-19 6.6749463704e-16)
    (8.5823322341e-19 6.3411089170e-16)
    (9.0202492599e-19 6.0304869716e-16)
    (9.4805111817e-19 5.7316092771e-16)
    (9.9642581570e-19 5.4464540936e-16)
    (1.0472688520e-18 5.1699611985e-16)
    (1.1007061752e-18 4.9045822016e-16)
    (1.1568701597e-18 4.6489427829e-16)
    (1.2158999345e-18 4.4050515278e-16)
    (1.2779417279e-18 4.1714221928e-16)
    (1.3431492292e-18 3.9413797453e-16)
    (1.4116839701e-18 3.7283006786e-16)
    (1.4837157242e-18 3.5245141542e-16)
    (1.5594229282e-18 3.3342218893e-16)
    (1.6389931234e-18 3.1474971972e-16)
    (1.7226234204e-18 2.9693288712e-16)
    (1.8105209877e-18 2.8011544836e-16)
    (1.9029035644e-18 2.6446191875e-16)
    (2.0000000000e-18 2.4844587020e-16)
);
