// k[EI_O2_EXC_O2_ROT] [m^3/s] vs mean energy [eV]; air_plasma [23a06d772827b718], T_gas = 300.000000 K
(
    (0 1.3191742488e-18)
    (8.3422134201e-02 1.3191742488e-18)
    (8.8462680050e-02 1.4323794613e-18)
    (9.3491060499e-02 1.5476976429e-18)
    (9.6777619891e-02 1.6203618192e-18)
    (1.0175997315e-01 1.7391033841e-18)
    (1.0646293907e-01 1.8543938752e-18)
    (1.1133785898e-01 1.9779808908e-18)
    (1.1494524000e-01 2.0721175095e-18)
    (1.1873395973e-01 2.1744653827e-18)
    (1.2224734874e-01 2.2729271558e-18)
    (1.2551219849e-01 2.3680724104e-18)
    (1.2824328374e-01 2.4559506793e-18)
    (1.3141043808e-01 2.5511230352e-18)
    (1.3383153708e-01 2.6364732356e-18)
    (1.3676045299e-01 2.7347868774e-18)
    (1.3906586166e-01 2.8178153834e-18)
    (1.4141448729e-01 2.9079294088e-18)
    (1.4369352067e-01 2.9996894449e-18)
    (1.4592237950e-01 3.0937510911e-18)
    (1.4811895507e-01 3.1907424744e-18)
    (1.5029968859e-01 3.2912638205e-18)
    (1.5247964864e-01 3.3958878032e-18)
    (1.5467260739e-01 3.5051604875e-18)
    (1.5689111725e-01 3.6196028153e-18)
    (1.5914658981e-01 3.7397126229e-18)
    (1.6144937818e-01 3.8659671937e-18)
    (1.6380886523e-01 3.9988264065e-18)
    (1.6623355953e-01 4.1387365422e-18)
    (1.6873119978e-01 4.2861347757e-18)
    (1.7130886915e-01 4.4414544057e-18)
    (1.7397311959e-01 4.6051308144e-18)
    (1.7673010631e-01 4.7776081456e-18)
    (1.7958573144e-01 4.9593466258e-18)
    (1.8254579637e-01 5.1508304562e-18)
    (1.8561616139e-01 5.3525761530e-18)
    (1.8880291207e-01 5.5651412114e-18)
    (1.9211253088e-01 5.7891329155e-18)
    (1.9555207395e-01 6.0252171221e-18)
    (1.9912935206e-01 6.2741267936e-18)
    (2.0285311488e-01 6.5366700037e-18)
    (2.0673323717e-01 6.8137370645e-18)
    (2.1077955069e-01 7.1073052438e-18)
    (2.1499326283e-01 7.4167016825e-18)
    (2.1942255698e-01 7.7444916612e-18)
    (2.2406764334e-01 8.0917874799e-18)
    (2.2896000916e-01 8.4613342182e-18)
    (2.3410210934e-01 8.8525232485e-18)
    (2.3953467239e-01 9.2685274149e-18)
    (2.4529093645e-01 9.7114725886e-18)
    (2.5140825018e-01 1.0185205381e-17)
    (2.5793258691e-01 1.0689081331e-17)
    (2.6491215469e-01 1.1227236272e-17)
    (2.7240227530e-01 1.1802311166e-17)
    (2.8046375297e-01 1.2416922718e-17)
    (2.8916213748e-01 1.3073548521e-17)
    (2.9856646161e-01 1.3774381331e-17)
    (3.0874738545e-01 1.4521154286e-17)
    (3.1977472197e-01 1.5314942891e-17)
    (3.3168362229e-01 1.6156514734e-17)
    (3.4459290637e-01 1.7043916432e-17)
    (3.5851916481e-01 1.7975545341e-17)
    (3.7349390343e-01 1.8947874730e-17)
    (3.8952971105e-01 1.9955899746e-17)
    (4.0661729963e-01 2.0993145301e-17)
    (4.2472352370e-01 2.2051769506e-17)
    (4.4379064350e-01 2.3122764842e-17)
    (4.6373698345e-01 2.4196248359e-17)
    (4.8445899582e-01 2.5261821577e-17)
    (5.0583459041e-01 2.6308972278e-17)
    (5.2772746033e-01 2.7327485570e-17)
    (5.4999204197e-01 2.8307831198e-17)
    (5.7247870695e-01 2.9241498012e-17)
    (5.9503879746e-01 3.0121253872e-17)
    (6.1752917515e-01 3.0941318492e-17)
    (6.3981604274e-01 3.1697446336e-17)
    (6.6177789913e-01 3.2386925105e-17)
    (6.8330758583e-01 3.3008501781e-17)
    (7.0431346420e-01 3.3562252065e-17)
    (7.2467697436e-01 3.4049823378e-17)
    (7.4441509710e-01 3.4472777334e-17)
    (7.6344531747e-01 3.4834417311e-17)
    (7.8173515144e-01 3.5138319918e-17)
    (7.9926434244e-01 3.5388462649e-17)
    (8.1602339392e-01 3.5589063141e-17)
    (8.3201207605e-01 3.5744440993e-17)
    (8.4723797325e-01 3.5858903214e-17)
    (8.6171511997e-01 3.5936652771e-17)
    (8.7546275606e-01 3.5981718556e-17)
    (8.8850422020e-01 3.5997904432e-17)
    (9.0086598971e-01 3.5988754639e-17)
    (9.1257686765e-01 3.5957532806e-17)
    (9.2366731217e-01 3.5907211894e-17)
    (9.3416889937e-01 3.5840472636e-17)
    (9.4411390757e-01 3.5759708351e-17)
    (9.5353500920e-01 3.5667034340e-17)
    (9.6246505520e-01 3.5564300392e-17)
    (9.7091857930e-01 3.5453165453e-17)
    (9.7895628770e-01 3.5334878591e-17)
    (9.8659875486e-01 3.5210659693e-17)
    (9.9387769322e-01 3.5081457701e-17)
    (1.0008245462e+00 3.4948037456e-17)
    (1.0074705061e+00 3.4810995735e-17)
    (1.0138465437e+00 3.4670776751e-17)
    (1.0199834445e+00 3.4527687035e-17)
    (1.0259118506e+00 3.4381909647e-17)
    (1.0316623064e+00 3.4233517650e-17)
    (1.0372368134e+00 3.4082095741e-17)
    (1.0427253204e+00 3.3928275656e-17)
    (1.0479294135e+00 3.3768645825e-17)
    (1.0533131407e+00 3.3608141756e-17)
    (1.0587015549e+00 3.3443855064e-17)
    (1.0641455878e+00 3.3275242991e-17)
    (1.0697076953e+00 3.3101619460e-17)
    (1.0750720293e+00 3.2916561722e-17)
    (1.0809973277e+00 3.2731755460e-17)
    (1.0874475840e+00 3.2537480632e-17)
    (1.0944735414e+00 3.2333803898e-17)
    (1.1021354195e+00 3.2110883599e-17)
    (1.1110462081e+00 3.1882490841e-17)
    (1.1213652590e+00 3.1637781883e-17)
    (1.1333688578e+00 3.1372747869e-17)
    (1.1479276605e+00 3.1084469901e-17)
    (1.1654776904e+00 3.0768647577e-17)
    (1.1867523231e+00 3.0420556589e-17)
    (1.2125891895e+00 3.0035120747e-17)
    (1.2443761699e+00 2.9595653687e-17)
    (1.2823184390e+00 2.9119166851e-17)
    (1.3278130703e+00 2.8590007696e-17)
    (1.3819109720e+00 2.8003978407e-17)
    (1.4462628824e+00 2.7341419055e-17)
    (1.5205346482e+00 2.6633534263e-17)
    (1.6060431212e+00 2.5863945037e-17)
    (1.7033101278e+00 2.5034551900e-17)
    (1.8133236744e+00 2.4142959312e-17)
    (1.9345349977e+00 2.3208643938e-17)
    (2.0673826653e+00 2.2232478489e-17)
    (2.2112586444e+00 2.1223807763e-17)
    (2.3675391486e+00 2.0167473204e-17)
    (2.5306547436e+00 1.9126963420e-17)
    (2.7016797611e+00 1.8086421347e-17)
    (2.8793718350e+00 1.7056295414e-17)
    (3.0627158465e+00 1.6040803806e-17)
    (3.2500925522e+00 1.5059014707e-17)
    (3.4406844079e+00 1.4112439784e-17)
    (3.6335931443e+00 1.3206468094e-17)
    (3.8293914994e+00 1.2326794718e-17)
    (4.0246201322e+00 1.1515320926e-17)
    (4.2205744262e+00 1.0751730561e-17)
    (4.4170654205e+00 1.0036237592e-17)
    (4.6140592698e+00 9.3681833257e-18)
    (4.8118293106e+00 8.7390103679e-18)
    (5.0101425298e+00 8.1623196503e-18)
    (5.2096264803e+00 7.6274898688e-18)
    (5.4106830855e+00 7.1320832293e-18)
    (5.6137791567e+00 6.6735380520e-18)
    (5.8194315888e+00 6.2492549075e-18)
    (6.0281942774e+00 5.8566632542e-18)
    (6.2397182407e+00 5.4938034751e-18)
    (6.4559105451e+00 5.1541939091e-18)
    (6.6776519205e+00 4.8425463120e-18)
    (6.9049922865e+00 4.5533080627e-18)
    (7.1385780794e+00 4.2845507059e-18)
    (7.3786430488e+00 4.0307563275e-18)
    (7.6265303642e+00 3.7982147205e-18)
    (7.8826257025e+00 3.5812544832e-18)
    (8.1497191059e+00 3.3691726921e-18)
    (8.4240092405e+00 3.1805881109e-18)
    (8.7085308876e+00 3.0038384055e-18)
    (9.0040228143e+00 2.8379606565e-18)
    (9.3087340154e+00 2.6845059837e-18)
    (9.6283995994e+00 2.5376517888e-18)
    (9.9612246963e+00 2.3993616433e-18)
    (1.0308125495e+01 2.2689949282e-18)
    (1.0668465983e+01 2.1460725020e-18)
    (1.1045828452e+01 2.0299412977e-18)
    (1.1439820622e+01 1.9201917105e-18)
    (1.1851696174e+01 1.8163859235e-18)
    (1.2280620034e+01 1.7186575201e-18)
    (1.2730516764e+01 1.6255989886e-18)
    (1.3201609335e+01 1.5374501039e-18)
    (1.3695082127e+01 1.4539220482e-18)
    (1.4209909604e+01 1.3717342905e-18)
    (1.4748613160e+01 1.3009333435e-18)
    (1.5316430848e+01 1.2296220434e-18)
    (1.5912205402e+01 1.1619898799e-18)
    (1.6537243804e+01 1.0948891874e-18)
    (1.7194717344e+01 1.0344096634e-18)
    (1.7885901787e+01 9.7699624248e-19)
    (1.8613989945e+01 9.2049841372e-19)
    (1.9379845460e+01 8.6901955024e-19)
    (2.0186705972e+01 8.2012584455e-19)
    (2.1034800734e+01 7.7638263619e-19)
    (2.1932990500e+01 7.3188413675e-19)
    (2.2881431137e+01 6.8967051671e-19)
    (2.3881383122e+01 6.4960839882e-19)
    (2.4941600051e+01 6.1162424639e-19)
    (2.6064042589e+01 5.7560076620e-19)
    (2.7252346416e+01 5.3992323699e-19)
    (2.8390136249e+01 5.1123554347e-19)
    (2.9849584724e+01 4.7727918461e-19)
);
