// k[EI_O2_EXC_O2_ROT] [m^3/s] vs reducedE [V m^2]; air_plasma [23a06d772827b718], T_gas = 300.000000 K
(
    (0 1.3191742488e-18)
    (1.0000000000e-22 1.3191742488e-18)
    (1.0510254106e-22 1.4323794613e-18)
    (1.1046544136e-22 1.5476976429e-18)
    (1.1610198586e-22 1.6203618192e-18)
    (1.2202613736e-22 1.7391033841e-18)
    (1.2825257111e-22 1.8543938752e-18)
    (1.3479671121e-22 1.9779808908e-18)
    (1.4167476874e-22 2.0721175095e-18)
    (1.4890378198e-22 2.1744653827e-18)
    (1.5650165859e-22 2.2729271558e-18)
    (1.6448721998e-22 2.3680724104e-18)
    (1.7288024791e-22 2.4559506793e-18)
    (1.8170153353e-22 2.5511230352e-18)
    (1.9097292888e-22 2.6364732356e-18)
    (2.0071740098e-22 2.7347868774e-18)
    (2.1095908877e-22 2.8178153834e-18)
    (2.2172336289e-22 2.9079294088e-18)
    (2.3303688851e-22 2.9996894449e-18)
    (2.4492769142e-22 3.0937510911e-18)
    (2.5742522744e-22 3.1907424744e-18)
    (2.7056045535e-22 3.2912638205e-18)
    (2.8436591367e-22 3.3958878032e-18)
    (2.9887580116e-22 3.5051604875e-18)
    (3.1412606162e-22 3.6196028153e-18)
    (3.3015447288e-22 3.7397126229e-18)
    (3.4700074041e-22 3.8659671937e-18)
    (3.6470659565e-22 3.9988264065e-18)
    (3.8331589943e-22 4.1387365422e-18)
    (4.0287475057e-22 4.2861347757e-18)
    (4.2343160012e-22 4.4414544057e-18)
    (4.4503737136e-22 4.6051308144e-18)
    (4.6774558595e-22 4.7776081456e-18)
    (4.9161249651e-22 4.9593466258e-18)
    (5.1669722598e-22 5.1508304562e-18)
    (5.4306191407e-22 5.3525761530e-18)
    (5.7077187120e-22 5.5651412114e-18)
    (5.9989574026e-22 5.7891329155e-18)
    (6.3050566670e-22 6.0252171221e-18)
    (6.6267747720e-22 6.2741267936e-18)
    (6.9649086754e-22 6.5366700037e-18)
    (7.3202960001e-22 6.8137370645e-18)
    (7.6938171089e-22 7.1073052438e-18)
    (8.0863972857e-22 7.4167016825e-18)
    (8.4990090271e-22 7.7444916612e-18)
    (8.9326744521e-22 8.0917874799e-18)
    (9.3884678334e-22 8.4613342182e-18)
    (9.8675182591e-22 8.8525232485e-18)
    (1.0371012429e-21 9.2685274149e-18)
    (1.0900197597e-21 9.7114725886e-18)
    (1.1456384654e-21 1.0185205381e-17)
    (1.2040951385e-21 1.0689081331e-17)
    (1.2655345872e-21 1.1227236272e-17)
    (1.3301090091e-21 1.1802311166e-17)
    (1.3979783674e-21 1.2416922718e-17)
    (1.4693107876e-21 1.3073548521e-17)
    (1.5442829737e-21 1.3774381331e-17)
    (1.6230806465e-21 1.4521154286e-17)
    (1.7058990029e-21 1.5314942891e-17)
    (1.7929431998e-21 1.6156514734e-17)
    (1.8844288627e-21 1.7043916432e-17)
    (1.9805826191e-21 1.7975545341e-17)
    (2.0816426604e-21 1.8947874730e-17)
    (2.1878593318e-21 1.9955899746e-17)
    (2.2994957524e-21 2.0993145301e-17)
    (2.4168284673e-21 2.2051769506e-17)
    (2.5401481321e-21 2.3122764842e-17)
    (2.6697602334e-21 2.4196248359e-17)
    (2.8059858454e-21 2.5261821577e-17)
    (2.9491624252e-21 2.6308972278e-17)
    (3.0996446487e-21 2.7327485570e-17)
    (3.2578052895e-21 2.8307831198e-17)
    (3.4240361419e-21 2.9241498012e-17)
    (3.5987489918e-21 3.0121253872e-17)
    (3.7823766366e-21 3.0941318492e-17)
    (3.9753739574e-21 3.1697446336e-17)
    (4.1782190457e-21 3.2386925105e-17)
    (4.3914143879e-21 3.3008501781e-17)
    (4.6154881100e-21 3.3562252065e-17)
    (4.8509952857e-21 3.4049823378e-17)
    (5.0985193118e-21 3.4472777334e-17)
    (5.3586733529e-21 3.4834417311e-17)
    (5.6321018608e-21 3.5138319918e-17)
    (5.9194821706e-21 3.5388462649e-17)
    (6.2215261786e-21 3.5589063141e-17)
    (6.5389821062e-21 3.5744440993e-17)
    (6.8726363528e-21 3.5858903214e-17)
    (7.2233154443e-21 3.5936652771e-17)
    (7.5918880804e-21 3.5981718556e-17)
    (7.9792672866e-21 3.5997904432e-17)
    (8.3864126759e-21 3.5988754639e-17)
    (8.8143328258e-21 3.5957532806e-17)
    (9.2640877770e-21 3.5907211894e-17)
    (9.7367916593e-21 3.5840472636e-17)
    (1.0233615451e-20 3.5759708351e-17)
    (1.0755789881e-20 3.5667034340e-17)
    (1.1304608476e-20 3.5564300392e-17)
    (1.1881430764e-20 3.5453165453e-17)
    (1.2487685647e-20 3.5334878591e-17)
    (1.3124874934e-20 3.5210659693e-17)
    (1.3794577066e-20 3.5081457701e-17)
    (1.4498451025e-20 3.4948037456e-17)
    (1.5238240441e-20 3.4810995735e-17)
    (1.6015777915e-20 3.4670776751e-17)
    (1.6832989559e-20 3.4527687035e-17)
    (1.7691899762e-20 3.4381909647e-17)
    (1.8594636211e-20 3.4233517650e-17)
    (1.9543435158e-20 3.4082095741e-17)
    (2.0540646960e-20 3.3928275656e-17)
    (2.1588741905e-20 3.3768645825e-17)
    (2.2690316324e-20 3.3608141756e-17)
    (2.3848099030e-20 3.3443855064e-17)
    (2.5064958074e-20 3.3275242991e-17)
    (2.6343907850e-20 3.3101619460e-17)
    (2.7688116564e-20 3.2916561722e-17)
    (2.9100914079e-20 3.2731755460e-17)
    (3.0585800168e-20 3.2537480632e-17)
    (3.2146453179e-20 3.2333803898e-17)
    (3.3786739150e-20 3.2110883599e-17)
    (3.5510721387e-20 3.1882490841e-17)
    (3.7322670525e-20 3.1637781883e-17)
    (3.9227075111e-20 3.1372747869e-17)
    (4.1228652724e-20 3.1084469901e-17)
    (4.3332361656e-20 3.0768647577e-17)
    (4.5543413200e-20 3.0420556589e-17)
    (4.7867284557e-20 3.0035120747e-17)
    (5.0309732403e-20 2.9595653687e-17)
    (5.2876807154e-20 2.9119166851e-17)
    (5.5574867948e-20 2.8590007696e-17)
    (5.8410598402e-20 2.8003978407e-17)
    (6.1391023167e-20 2.7341419055e-17)
    (6.4523525328e-20 2.6633534263e-17)
    (6.7815864699e-20 2.5863945037e-17)
    (7.1276197038e-20 2.5034551900e-17)
    (7.4913094254e-20 2.4142959312e-17)
    (7.8735565645e-20 2.3208643938e-17)
    (8.2753080208e-20 2.2232478489e-17)
    (8.6975590100e-20 2.1223807763e-17)
    (9.1413555293e-20 2.0167473204e-17)
    (9.6077969483e-20 1.9126963420e-17)
    (1.0098038732e-19 1.8086421347e-17)
    (1.0613295304e-19 1.7056295414e-17)
    (1.1154843055e-19 1.6040803806e-17)
    (1.1724023501e-19 1.5059014707e-17)
    (1.2322246614e-19 1.4112439784e-17)
    (1.2950994306e-19 1.3206468094e-17)
    (1.3611824108e-19 1.2326794718e-17)
    (1.4306373021e-19 1.1515320926e-17)
    (1.5036361578e-19 1.0751730561e-17)
    (1.5803598101e-19 1.0036237592e-17)
    (1.6609983183e-19 9.3681833257e-18)
    (1.7457514394e-19 8.7390103679e-18)
    (1.8348291233e-19 8.1623196503e-18)
    (1.9284520326e-19 7.6274898688e-18)
    (2.0268520893e-19 7.1320832293e-18)
    (2.1302730493e-19 6.6735380520e-18)
    (2.2389711063e-19 6.2492549075e-18)
    (2.3532155262e-19 5.8566632542e-18)
    (2.4732893146e-19 5.4938034751e-18)
    (2.5994899173e-19 5.1541939091e-18)
    (2.7321299575e-19 4.8425463120e-18)
    (2.8715380103e-19 4.5533080627e-18)
    (3.0180594162e-19 4.2845507059e-18)
    (3.1720571370e-19 4.0307563275e-18)
    (3.3339126548e-19 3.7982147205e-18)
    (3.5040269168e-19 3.5812544832e-18)
    (3.6828213288e-19 3.3691726921e-18)
    (3.8707387991e-19 3.1805881109e-18)
    (4.0682448355e-19 3.0038384055e-18)
    (4.2758286985e-19 2.8379606565e-18)
    (4.4940046133e-19 2.6845059837e-18)
    (4.7233130437e-19 2.5376517888e-18)
    (4.9643220310e-19 2.3993616433e-18)
    (5.2176286008e-19 2.2689949282e-18)
    (5.4838602423e-19 2.1460725020e-18)
    (5.7636764626e-19 2.0299412977e-18)
    (6.0577704204e-19 1.9201917105e-18)
    (6.3668706432e-19 1.8163859235e-18)
    (6.6917428317e-19 1.7186575201e-18)
    (7.0331917570e-19 1.6255989886e-18)
    (7.3920632540e-19 1.5374501039e-18)
    (7.7692463164e-19 1.4539220482e-18)
    (8.1656752994e-19 1.3717342905e-18)
    (8.5823322341e-19 1.3009333435e-18)
    (9.0202492599e-19 1.2296220434e-18)
    (9.4805111817e-19 1.1619898799e-18)
    (9.9642581570e-19 1.0948891874e-18)
    (1.0472688520e-18 1.0344096634e-18)
    (1.1007061752e-18 9.7699624248e-19)
    (1.1568701597e-18 9.2049841372e-19)
    (1.2158999345e-18 8.6901955024e-19)
    (1.2779417279e-18 8.2012584455e-19)
    (1.3431492292e-18 7.7638263619e-19)
    (1.4116839701e-18 7.3188413675e-19)
    (1.4837157242e-18 6.8967051671e-19)
    (1.5594229282e-18 6.4960839882e-19)
    (1.6389931234e-18 6.1162424639e-19)
    (1.7226234204e-18 5.7560076620e-19)
    (1.8105209877e-18 5.3992323699e-19)
    (1.9029035644e-18 5.1123554347e-19)
    (2.0000000000e-18 4.7727918461e-19)
);
