// k[EI_N2_EXC_N2_V1RES] [m^3/s] vs reducedE [V m^2]; air_plasma [23a06d772827b718], T_gas = 300.000000 K
(
    (0 0.0000000000e+00)
    (1.0000000000e-22 0.0000000000e+00)
    (1.0510254106e-22 0.0000000000e+00)
    (1.1046544136e-22 0.0000000000e+00)
    (1.1610198586e-22 0.0000000000e+00)
    (1.2202613736e-22 0.0000000000e+00)
    (1.2825257111e-22 0.0000000000e+00)
    (1.3479671121e-22 6.4526740504e-21)
    (1.4167476874e-22 0.0000000000e+00)
    (1.4890378198e-22 0.0000000000e+00)
    (1.5650165859e-22 0.0000000000e+00)
    (1.6448721998e-22 0.0000000000e+00)
    (1.7288024791e-22 9.7052984716e-22)
    (1.8170153353e-22 0.0000000000e+00)
    (1.9097292888e-22 3.9833766957e-21)
    (2.0071740098e-22 0.0000000000e+00)
    (2.1095908877e-22 0.0000000000e+00)
    (2.2172336289e-22 0.0000000000e+00)
    (2.3303688851e-22 0.0000000000e+00)
    (2.4492769142e-22 0.0000000000e+00)
    (2.5742522744e-22 0.0000000000e+00)
    (2.7056045535e-22 0.0000000000e+00)
    (2.8436591367e-22 0.0000000000e+00)
    (2.9887580116e-22 0.0000000000e+00)
    (3.1412606162e-22 0.0000000000e+00)
    (3.3015447288e-22 0.0000000000e+00)
    (3.4700074041e-22 0.0000000000e+00)
    (3.6470659565e-22 0.0000000000e+00)
    (3.8331589943e-22 0.0000000000e+00)
    (4.0287475057e-22 0.0000000000e+00)
    (4.2343160012e-22 0.0000000000e+00)
    (4.4503737136e-22 0.0000000000e+00)
    (4.6774558595e-22 0.0000000000e+00)
    (4.9161249651e-22 0.0000000000e+00)
    (5.1669722598e-22 0.0000000000e+00)
    (5.4306191407e-22 0.0000000000e+00)
    (5.7077187120e-22 0.0000000000e+00)
    (5.9989574026e-22 0.0000000000e+00)
    (6.3050566670e-22 0.0000000000e+00)
    (6.6267747720e-22 0.0000000000e+00)
    (6.9649086754e-22 0.0000000000e+00)
    (7.3202960001e-22 0.0000000000e+00)
    (7.6938171089e-22 0.0000000000e+00)
    (8.0863972857e-22 0.0000000000e+00)
    (8.4990090271e-22 0.0000000000e+00)
    (8.9326744521e-22 0.0000000000e+00)
    (9.3884678334e-22 0.0000000000e+00)
    (9.8675182591e-22 0.0000000000e+00)
    (1.0371012429e-21 0.0000000000e+00)
    (1.0900197597e-21 0.0000000000e+00)
    (1.1456384654e-21 1.6193238309e-21)
    (1.2040951385e-21 1.8879511808e-21)
    (1.2655345872e-21 2.5103202622e-21)
    (1.3301090091e-21 3.7919476432e-21)
    (1.3979783674e-21 6.2677426051e-21)
    (1.4693107876e-21 1.0844322239e-20)
    (1.5442829737e-21 1.9009667301e-20)
    (1.6230806465e-21 3.3129391945e-20)
    (1.7058990029e-21 5.6847638357e-20)
    (1.7929431998e-21 9.3286297266e-20)
    (1.8844288627e-21 1.5317074549e-19)
    (1.9805826191e-21 2.4631425651e-19)
    (2.0816426604e-21 3.8770200897e-19)
    (2.1878593318e-21 5.9733138382e-19)
    (2.2994957524e-21 9.0114727925e-19)
    (2.4168284673e-21 1.3318898189e-18)
    (2.5401481321e-21 1.9297631003e-18)
    (2.6697602334e-21 2.7428369476e-18)
    (2.8059858454e-21 3.8271107115e-18)
    (2.9491624252e-21 5.2461980217e-18)
    (3.0996446487e-21 7.0706306357e-18)
    (3.2578052895e-21 9.3768220287e-18)
    (3.4240361419e-21 1.2245770254e-17)
    (3.5987489918e-21 1.5761608599e-17)
    (3.7823766366e-21 2.0010128133e-17)
    (3.9753739574e-21 2.5077396658e-17)
    (4.1782190457e-21 3.1048584952e-17)
    (4.3914143879e-21 3.8007086574e-17)
    (4.6154881100e-21 4.6033986244e-17)
    (4.8509952857e-21 5.5032265360e-17)
    (5.0985193118e-21 6.5341317877e-17)
    (5.3586733529e-21 7.6910168294e-17)
    (5.6321018608e-21 8.9798904696e-17)
    (5.9194821706e-21 1.0406405606e-16)
    (6.2215261786e-21 1.1975913758e-16)
    (6.5389821062e-21 1.3693524589e-16)
    (6.8726363528e-21 1.5564165566e-16)
    (7.2233154443e-21 1.7592638096e-16)
    (7.5918880804e-21 1.9783667905e-16)
    (7.9792672866e-21 2.2141948903e-16)
    (8.3864126759e-21 2.4672181207e-16)
    (8.8143328258e-21 2.7379105230e-16)
    (9.2640877770e-21 3.0267534666e-16)
    (9.7367916593e-21 3.3342391774e-16)
    (1.0233615451e-20 3.6608748425e-16)
    (1.0755789881e-20 4.0071876090e-16)
    (1.1304608476e-20 4.3737307163e-16)
    (1.1881430764e-20 4.7601490769e-16)
    (1.2487685647e-20 5.1684838390e-16)
    (1.3124874934e-20 5.5987603457e-16)
    (1.3794577066e-20 6.0516601682e-16)
    (1.4498451025e-20 6.5279244081e-16)
    (1.5238240441e-20 7.0283637663e-16)
    (1.6015777915e-20 7.5538686618e-16)
    (1.6832989559e-20 8.1054190591e-16)
    (1.7691899762e-20 8.6840936812e-16)
    (1.8594636211e-20 9.2910783278e-16)
    (1.9543435158e-20 9.9244203694e-16)
    (2.0540646960e-20 1.0591684327e-15)
    (2.1588741905e-20 1.1273835074e-15)
    (2.2690316324e-20 1.2007796288e-15)
    (2.3848099030e-20 1.2777560676e-15)
    (2.5064958074e-20 1.3584932846e-15)
    (2.6343907850e-20 1.4431797503e-15)
    (2.7688116564e-20 1.5284822628e-15)
    (2.9100914079e-20 1.6202211143e-15)
    (3.0585800168e-20 1.7180522217e-15)
    (3.2146453179e-20 1.8206049237e-15)
    (3.3786739150e-20 1.9261697842e-15)
    (3.5510721387e-20 2.0386456538e-15)
    (3.7322670525e-20 2.1561899351e-15)
    (3.9227075111e-20 2.2738578451e-15)
    (4.1228652724e-20 2.4016293443e-15)
    (4.3332361656e-20 2.5341113723e-15)
    (4.5543413200e-20 2.6709043683e-15)
    (4.7867284557e-20 2.8114177876e-15)
    (5.0309732403e-20 2.9530358698e-15)
    (5.2876807154e-20 3.0982899604e-15)
    (5.5574867948e-20 3.2440998262e-15)
    (5.8410598402e-20 3.3889151340e-15)
    (6.1391023167e-20 3.5297110872e-15)
    (6.4523525328e-20 3.6671737445e-15)
    (6.7815864699e-20 3.7978205413e-15)
    (7.1276197038e-20 3.9195502336e-15)
    (7.4913094254e-20 4.0213808977e-15)
    (7.8735565645e-20 4.1197626036e-15)
    (8.2753080208e-20 4.2037722260e-15)
    (8.6975590100e-20 4.2721603498e-15)
    (9.1413555293e-20 4.3209776851e-15)
    (9.6077969483e-20 4.3562050597e-15)
    (1.0098038732e-19 4.3745960843e-15)
    (1.0613295304e-19 4.3765894120e-15)
    (1.1154843055e-19 4.3583793212e-15)
    (1.1724023501e-19 4.3308098914e-15)
    (1.2322246614e-19 4.2899167384e-15)
    (1.2950994306e-19 4.2371109741e-15)
    (1.3611824108e-19 4.1719107136e-15)
    (1.4306373021e-19 4.0999097905e-15)
    (1.5036361578e-19 4.0203518488e-15)
    (1.5803598101e-19 3.9345623805e-15)
    (1.6609983183e-19 3.8437591268e-15)
    (1.7457514394e-19 3.7480554025e-15)
    (1.8348291233e-19 3.6505535092e-15)
    (1.9284520326e-19 3.5509247383e-15)
    (2.0268520893e-19 3.4498991620e-15)
    (2.1302730493e-19 3.3480976694e-15)
    (2.2389711063e-19 3.2460429999e-15)
    (2.3532155262e-19 3.1441715649e-15)
    (2.4732893146e-19 3.0410099169e-15)
    (2.5994899173e-19 2.9398862179e-15)
    (2.7321299575e-19 2.8408047720e-15)
    (2.8715380103e-19 2.7429565117e-15)
    (3.0180594162e-19 2.6465105080e-15)
    (3.1720571370e-19 2.5508886418e-15)
    (3.3339126548e-19 2.4577678795e-15)
    (3.5040269168e-19 2.3663825065e-15)
    (3.6828213288e-19 2.2735143418e-15)
    (3.8707387991e-19 2.1860866600e-15)
    (4.0682448355e-19 2.1005910045e-15)
    (4.2758286985e-19 2.0170728798e-15)
    (4.4940046133e-19 1.9362173778e-15)
    (4.7233130437e-19 1.8567666115e-15)
    (4.9643220310e-19 1.7793923096e-15)
    (5.2176286008e-19 1.7041104043e-15)
    (5.4838602423e-19 1.6312800125e-15)
    (5.7636764626e-19 1.5601959265e-15)
    (6.0577704204e-19 1.4912524600e-15)
    (6.3668706432e-19 1.4244362258e-15)
    (6.6917428317e-19 1.3584272874e-15)
    (7.0331917570e-19 1.2960368536e-15)
    (7.3920632540e-19 1.2357291039e-15)
    (7.7692463164e-19 1.1774899808e-15)
    (8.1656752994e-19 1.1222999992e-15)
    (8.5823322341e-19 1.0666517784e-15)
    (9.0202492599e-19 1.0145803743e-15)
    (9.4805111817e-19 9.6446174836e-16)
    (9.9642581570e-19 9.1665264475e-16)
    (1.0472688520e-18 8.7025534073e-16)
    (1.1007061752e-18 8.2570967491e-16)
    (1.1568701597e-18 7.8257438554e-16)
    (1.2158999345e-18 7.4164100334e-16)
    (1.2779417279e-18 7.0241660054e-16)
    (1.3431492292e-18 6.6394892621e-16)
    (1.4116839701e-18 6.2812783220e-16)
    (1.4837157242e-18 5.9386087428e-16)
    (1.5594229282e-18 5.6185721469e-16)
    (1.6389931234e-18 5.3044415136e-16)
    (1.7226234204e-18 5.0046431246e-16)
    (1.8105209877e-18 4.7203242037e-16)
    (1.9029035644e-18 4.4570413496e-16)
    (2.0000000000e-18 4.1875688604e-16)
);
