// k[EI_O2_EXC_O2_V3] [m^3/s] vs mean energy [eV]; air_plasma [23a06d772827b718], T_gas = 300.000000 K
(
    (0 0.0000000000e+00)
    (8.3422134201e-02 0.0000000000e+00)
    (8.8462680050e-02 0.0000000000e+00)
    (9.3491060499e-02 0.0000000000e+00)
    (9.6777619891e-02 0.0000000000e+00)
    (1.0175997315e-01 0.0000000000e+00)
    (1.0646293907e-01 0.0000000000e+00)
    (1.1133785898e-01 1.8432071202e-21)
    (1.1494524000e-01 0.0000000000e+00)
    (1.1873395973e-01 0.0000000000e+00)
    (1.2224734874e-01 0.0000000000e+00)
    (1.2551219849e-01 0.0000000000e+00)
    (1.2824328374e-01 7.2024487795e-23)
    (1.3141043808e-01 0.0000000000e+00)
    (1.3383153708e-01 3.0265566857e-22)
    (1.3676045299e-01 1.0699408025e-21)
    (1.3906586166e-01 2.4016285073e-22)
    (1.4141448729e-01 2.3576270072e-22)
    (1.4369352067e-01 2.3226730780e-22)
    (1.4592237950e-01 2.2945665499e-22)
    (1.4811895507e-01 2.2718317843e-22)
    (1.5029968859e-01 2.2536862510e-22)
    (1.5247964864e-01 2.2401732598e-22)
    (1.5467260739e-01 2.2323410815e-22)
    (1.5689111725e-01 2.2325928105e-22)
    (1.5914658981e-01 2.2453038469e-22)
    (1.6144937818e-01 2.2777264023e-22)
    (1.6380886523e-01 2.3413980751e-22)
    (1.6623355953e-01 2.4543294438e-22)
    (1.6873119978e-01 2.6442138436e-22)
    (1.7130886915e-01 2.9532444341e-22)
    (1.7397311959e-01 3.4451681758e-22)
    (1.7673010631e-01 4.2155992059e-22)
    (1.7958573144e-01 5.4068021447e-22)
    (1.8254579637e-01 7.2287390015e-22)
    (1.8561616139e-01 9.9885397177e-22)
    (1.8880291207e-01 1.4131207462e-21)
    (1.9211253088e-01 2.0294717342e-21)
    (1.9555207395e-01 2.9383296171e-21)
    (1.9912935206e-01 4.2662872603e-21)
    (2.0285311488e-01 6.1882642836e-21)
    (2.0673323717e-01 8.9426153674e-21)
    (2.1077955069e-01 1.5164337141e-20)
    (2.1499326283e-01 2.1827445235e-20)
    (2.1942255698e-01 3.1373650171e-20)
    (2.2406764334e-01 4.4888618178e-20)
    (2.2896000916e-01 6.4087396971e-20)
    (2.3410210934e-01 9.0444089749e-20)
    (2.3953467239e-01 1.2661882007e-19)
    (2.4529093645e-01 1.7571944613e-19)
    (2.5140825018e-01 2.4197519004e-19)
    (2.5793258691e-01 3.2939005360e-19)
    (2.6491215469e-01 4.4392155877e-19)
    (2.7240227530e-01 5.9213768316e-19)
    (2.8046375297e-01 7.8153762835e-19)
    (2.8916213748e-01 1.0204655202e-18)
    (2.9856646161e-01 1.3179406518e-18)
    (3.0874738545e-01 1.6833935143e-18)
    (3.1977472197e-01 2.1263038535e-18)
    (3.3168362229e-01 2.6552688505e-18)
    (3.4459290637e-01 3.2793469376e-18)
    (3.5851916481e-01 4.0047449164e-18)
    (3.7349390343e-01 4.8360312565e-18)
    (3.8952971105e-01 5.7751838132e-18)
    (4.0661729963e-01 6.8211792279e-18)
    (4.2472352370e-01 7.9697398331e-18)
    (4.4379064350e-01 9.2132761774e-18)
    (4.6373698345e-01 1.0541044218e-17)
    (4.8445899582e-01 1.1939513029e-17)
    (5.0583459041e-01 1.3392915280e-17)
    (5.2772746033e-01 1.4883932779e-17)
    (5.4999204197e-01 1.6394456260e-17)
    (5.7247870695e-01 1.7906354252e-17)
    (5.9503879746e-01 1.9402190227e-17)
    (6.1752917515e-01 2.0865838715e-17)
    (6.3981604274e-01 2.2282966994e-17)
    (6.6177789913e-01 2.3641366289e-17)
    (6.8330758583e-01 2.4931132485e-17)
    (7.0431346420e-01 2.6144709218e-17)
    (7.2467697436e-01 2.7276577680e-17)
    (7.4441509710e-01 2.8324103523e-17)
    (7.6344531747e-01 2.9285775246e-17)
    (7.8173515144e-01 3.0161955235e-17)
    (7.9926434244e-01 3.0954361129e-17)
    (8.1602339392e-01 3.1665792577e-17)
    (8.3201207605e-01 3.2299873248e-17)
    (8.4723797325e-01 3.2860816637e-17)
    (8.6171511997e-01 3.3353220631e-17)
    (8.7546275606e-01 3.3781892797e-17)
    (8.8850422020e-01 3.4151706238e-17)
    (9.0086598971e-01 3.4467484264e-17)
    (9.1257686765e-01 3.4733911231e-17)
    (9.2366731217e-01 3.4955466335e-17)
    (9.3416889937e-01 3.5136376998e-17)
    (9.4411390757e-01 3.5280588531e-17)
    (9.5353500920e-01 3.5391746979e-17)
    (9.6246505520e-01 3.5473192368e-17)
    (9.7091857930e-01 3.5527692085e-17)
    (9.7895628770e-01 3.5558227261e-17)
    (9.8659875486e-01 3.5567197969e-17)
    (9.9387769322e-01 3.5556757686e-17)
    (1.0008245462e+00 3.5528800098e-17)
    (1.0074705061e+00 3.5484976395e-17)
    (1.0138465437e+00 3.5426713194e-17)
    (1.0199834445e+00 3.5355230695e-17)
    (1.0259118506e+00 3.5271560732e-17)
    (1.0316623064e+00 3.5176564509e-17)
    (1.0372368134e+00 3.5070270020e-17)
    (1.0427253204e+00 3.4954565441e-17)
    (1.0479294135e+00 3.4824646276e-17)
    (1.0533131407e+00 3.4689814884e-17)
    (1.0587015549e+00 3.4545948190e-17)
    (1.0641455878e+00 3.4393218831e-17)
    (1.0697076953e+00 3.4231748282e-17)
    (1.0750720293e+00 3.4066918477e-17)
    (1.0809973277e+00 3.3904338036e-17)
    (1.0874475840e+00 3.3737462847e-17)
    (1.0944735414e+00 3.3575994016e-17)
    (1.1021354195e+00 3.3414902067e-17)
    (1.1110462081e+00 3.3291726359e-17)
    (1.1213652590e+00 3.3207754782e-17)
    (1.1333688578e+00 3.3189171339e-17)
    (1.1479276605e+00 3.3253383978e-17)
    (1.1654776904e+00 3.3440974861e-17)
    (1.1867523231e+00 3.3796760315e-17)
    (1.2125891895e+00 3.4375730432e-17)
    (1.2443761699e+00 3.5262414643e-17)
    (1.2823184390e+00 3.6502474970e-17)
    (1.3278130703e+00 3.8194511492e-17)
    (1.3819109720e+00 4.0432260359e-17)
    (1.4462628824e+00 4.3345650775e-17)
    (1.5205346482e+00 4.6975646347e-17)
    (1.6060431212e+00 5.1443646440e-17)
    (1.7033101278e+00 5.6834554768e-17)
    (1.8133236744e+00 6.3290268603e-17)
    (1.9345349977e+00 7.0711500342e-17)
    (2.0673826653e+00 7.9195649268e-17)
    (2.2112586444e+00 8.8739404444e-17)
    (2.3675391486e+00 9.9461765480e-17)
    (2.5306547436e+00 1.1100391988e-16)
    (2.7016797611e+00 1.2343074587e-16)
    (2.8793718350e+00 1.3663926541e-16)
    (3.0627158465e+00 1.5055169861e-16)
    (3.2500925522e+00 1.6495578050e-16)
    (3.4406844079e+00 1.7976212279e-16)
    (3.6335931443e+00 1.9483704126e-16)
    (3.8293914994e+00 2.1014189650e-16)
    (4.0246201322e+00 2.2534779389e-16)
    (4.2205744262e+00 2.4045357035e-16)
    (4.4170654205e+00 2.5535255553e-16)
    (4.6140592698e+00 2.6994775052e-16)
    (4.8118293106e+00 2.8417604058e-16)
    (5.0101425298e+00 2.9790266670e-16)
    (5.2096264803e+00 3.1109372338e-16)
    (5.4106830855e+00 3.2368887496e-16)
    (5.6137791567e+00 3.3563555370e-16)
    (5.8194315888e+00 3.4688835630e-16)
    (6.0281942774e+00 3.5740849196e-16)
    (6.2397182407e+00 3.6710144093e-16)
    (6.4559105451e+00 3.7602563197e-16)
    (6.6776519205e+00 3.8417502046e-16)
    (6.9049922865e+00 3.9149409381e-16)
    (7.1385780794e+00 3.9797071149e-16)
    (7.3786430488e+00 4.0356847760e-16)
    (7.6265303642e+00 4.0833906860e-16)
    (7.8826257025e+00 4.1225714403e-16)
    (8.1497191059e+00 4.1546243934e-16)
    (8.4240092405e+00 4.1767547234e-16)
    (8.7085308876e+00 4.1906045813e-16)
    (9.0040228143e+00 4.1963071656e-16)
    (9.3087340154e+00 4.1924873270e-16)
    (9.6283995994e+00 4.1825336152e-16)
    (9.9612246963e+00 4.1650028735e-16)
    (1.0308125495e+01 4.1401211665e-16)
    (1.0668465983e+01 4.1073644848e-16)
    (1.1045828452e+01 4.0686678023e-16)
    (1.1439820622e+01 4.0234634405e-16)
    (1.1851696174e+01 3.9720425381e-16)
    (1.2280620034e+01 3.9141526694e-16)
    (1.2730516764e+01 3.8514469307e-16)
    (1.3201609335e+01 3.7835652292e-16)
    (1.3695082127e+01 3.7108853885e-16)
    (1.4209909604e+01 3.6333735367e-16)
    (1.4748613160e+01 3.5514131586e-16)
    (1.5316430848e+01 3.4668792748e-16)
    (1.5912205402e+01 3.3791292464e-16)
    (1.6537243804e+01 3.2879193565e-16)
    (1.7194717344e+01 3.1949449678e-16)
    (1.7885901787e+01 3.0999403029e-16)
    (1.8613989945e+01 3.0027063504e-16)
    (1.9379845460e+01 2.9047900469e-16)
    (2.0186705972e+01 2.8059704467e-16)
    (2.1034800734e+01 2.7057166358e-16)
    (2.1932990500e+01 2.6062119772e-16)
    (2.2881431137e+01 2.5068019379e-16)
    (2.3881383122e+01 2.4069980714e-16)
    (2.4941600051e+01 2.3087630356e-16)
    (2.6064042589e+01 2.2114691212e-16)
    (2.7252346416e+01 2.1148410569e-16)
    (2.8390136249e+01 2.0157132586e-16)
    (2.9849584724e+01 1.9272571696e-16)
);
