// k[EI_O2_EXC_O2_B1] [m^3/s] vs reducedE [V m^2]; air_plasma [23a06d772827b718], T_gas = 300.000000 K
(
    (0 0.0000000000e+00)
    (1.0000000000e-22 0.0000000000e+00)
    (1.0510254106e-22 0.0000000000e+00)
    (1.1046544136e-22 0.0000000000e+00)
    (1.1610198586e-22 0.0000000000e+00)
    (1.2202613736e-22 0.0000000000e+00)
    (1.2825257111e-22 0.0000000000e+00)
    (1.3479671121e-22 1.2707646975e-23)
    (1.4167476874e-22 0.0000000000e+00)
    (1.4890378198e-22 0.0000000000e+00)
    (1.5650165859e-22 0.0000000000e+00)
    (1.6448721998e-22 0.0000000000e+00)
    (1.7288024791e-22 6.7204042483e-25)
    (1.8170153353e-22 0.0000000000e+00)
    (1.9097292888e-22 2.7623762907e-24)
    (2.0071740098e-22 0.0000000000e+00)
    (2.1095908877e-22 0.0000000000e+00)
    (2.2172336289e-22 0.0000000000e+00)
    (2.3303688851e-22 0.0000000000e+00)
    (2.4492769142e-22 0.0000000000e+00)
    (2.5742522744e-22 0.0000000000e+00)
    (2.7056045535e-22 0.0000000000e+00)
    (2.8436591367e-22 0.0000000000e+00)
    (2.9887580116e-22 0.0000000000e+00)
    (3.1412606162e-22 0.0000000000e+00)
    (3.3015447288e-22 0.0000000000e+00)
    (3.4700074041e-22 0.0000000000e+00)
    (3.6470659565e-22 0.0000000000e+00)
    (3.8331589943e-22 0.0000000000e+00)
    (4.0287475057e-22 0.0000000000e+00)
    (4.2343160012e-22 0.0000000000e+00)
    (4.4503737136e-22 0.0000000000e+00)
    (4.6774558595e-22 0.0000000000e+00)
    (4.9161249651e-22 0.0000000000e+00)
    (5.1669722598e-22 0.0000000000e+00)
    (5.4306191407e-22 0.0000000000e+00)
    (5.7077187120e-22 0.0000000000e+00)
    (5.9989574026e-22 0.0000000000e+00)
    (6.3050566670e-22 0.0000000000e+00)
    (6.6267747720e-22 0.0000000000e+00)
    (6.9649086754e-22 0.0000000000e+00)
    (7.3202960001e-22 0.0000000000e+00)
    (7.6938171089e-22 0.0000000000e+00)
    (8.0863972857e-22 0.0000000000e+00)
    (8.4990090271e-22 0.0000000000e+00)
    (8.9326744521e-22 0.0000000000e+00)
    (9.3884678334e-22 0.0000000000e+00)
    (9.8675182591e-22 0.0000000000e+00)
    (1.0371012429e-21 0.0000000000e+00)
    (1.0900197597e-21 0.0000000000e+00)
    (1.1456384654e-21 2.5280153466e-24)
    (1.2040951385e-21 2.6554275228e-24)
    (1.2655345872e-21 3.1029745693e-24)
    (1.3301090091e-21 4.1643552446e-24)
    (1.3979783674e-21 6.3726112412e-24)
    (1.4693107876e-21 1.0662530923e-23)
    (1.5442829737e-21 1.8618409694e-23)
    (1.6230806465e-21 3.2836051478e-23)
    (1.7058990029e-21 5.7428777921e-23)
    (1.7929431998e-21 9.5928055455e-23)
    (1.8844288627e-21 1.6213765581e-22)
    (1.9805826191e-21 2.6793403275e-22)
    (2.0816426604e-21 4.3268877797e-22)
    (2.1878593318e-21 6.8293186762e-22)
    (2.2994957524e-21 1.0539250477e-21)
    (2.4168284673e-21 1.5911665051e-21)
    (2.5401481321e-21 2.3516654832e-21)
    (2.6697602334e-21 3.4048134000e-21)
    (2.8059858454e-21 4.8326894516e-21)
    (2.9491624252e-21 6.7296756532e-21)
    (3.0996446487e-21 9.2013159608e-21)
    (3.2578052895e-21 1.2362428470e-20)
    (3.4240361419e-21 1.6334557669e-20)
    (3.5987489918e-21 2.1242923217e-20)
    (3.7823766366e-21 2.7213073217e-20)
    (3.9753739574e-21 3.4367476917e-20)
    (4.1782190457e-21 4.2822292627e-20)
    (4.3914143879e-21 5.2684523720e-20)
    (4.6154881100e-21 6.4049734549e-20)
    (4.8509952857e-21 7.6883281383e-20)
    (5.0985193118e-21 9.1435649374e-20)
    (5.3586733529e-21 1.0767557965e-19)
    (5.6321018608e-21 1.2563675982e-19)
    (5.9194821706e-21 1.4533861096e-19)
    (6.2215261786e-21 1.6678770409e-19)
    (6.5389821062e-21 1.8997959862e-19)
    (6.8726363528e-21 2.1490099883e-19)
    (7.2233154443e-21 2.4153212967e-19)
    (7.5918880804e-21 2.6984924471e-19)
    (7.9792672866e-21 2.9982719289e-19)
    (8.3864126759e-21 3.3144198681e-19)
    (8.8143328258e-21 3.6467333004e-19)
    (9.2640877770e-21 3.9950707421e-19)
    (9.7367916593e-21 4.3593758669e-19)
    (1.0233615451e-20 4.7397001604e-19)
    (1.0755789881e-20 5.1362244563e-19)
    (1.1304608476e-20 5.5492792518e-19)
    (1.1881430764e-20 5.9786846045e-19)
    (1.2487685647e-20 6.4261912809e-19)
    (1.3124874934e-20 6.8922239038e-19)
    (1.3794577066e-20 7.3778827844e-19)
    (1.4498451025e-20 7.8845091694e-19)
    (1.5238240441e-20 8.4137037638e-19)
    (1.6015777915e-20 8.9673458736e-19)
    (1.6832989559e-20 9.5476134608e-19)
    (1.7691899762e-20 1.0157004339e-18)
    (1.8594636211e-20 1.0798358617e-18)
    (1.9543435158e-20 1.1473846021e-18)
    (2.0540646960e-20 1.2190378257e-18)
    (2.1588741905e-20 1.2957296952e-18)
    (2.2690316324e-20 1.3784643571e-18)
    (2.3848099030e-20 1.4681470834e-18)
    (2.5064958074e-20 1.5665032134e-18)
    (2.6343907850e-20 1.6759783776e-18)
    (2.7688116564e-20 1.7940628508e-18)
    (2.9100914079e-20 1.9336455850e-18)
    (3.0585800168e-20 2.0981823620e-18)
    (3.2146453179e-20 2.2947329673e-18)
    (3.3786739150e-20 2.5373929696e-18)
    (3.5510721387e-20 2.8347377035e-18)
    (3.7322670525e-20 3.2067683209e-18)
    (3.9227075111e-20 3.6787188334e-18)
    (4.1228652724e-20 4.2735418497e-18)
    (4.3332361656e-20 5.0249378994e-18)
    (4.5543413200e-20 5.9704668510e-18)
    (4.7867284557e-20 7.1526020028e-18)
    (5.0309732403e-20 8.6559170964e-18)
    (5.2876807154e-20 1.0459436402e-17)
    (5.5574867948e-20 1.2646143234e-17)
    (5.8410598402e-20 1.5264947342e-17)
    (6.1391023167e-20 1.8401384106e-17)
    (6.4523525328e-20 2.2013636451e-17)
    (6.7815864699e-20 2.6166234086e-17)
    (7.1276197038e-20 3.0872760455e-17)
    (7.4913094254e-20 3.6189195004e-17)
    (7.8735565645e-20 4.1976904418e-17)
    (8.2753080208e-20 4.8262560979e-17)
    (8.6975590100e-20 5.4996440084e-17)
    (9.1413555293e-20 6.2240285645e-17)
    (9.6077969483e-20 6.9668918554e-17)
    (1.0098038732e-19 7.7331734760e-17)
    (1.0613295304e-19 8.5148914590e-17)
    (1.1154843055e-19 9.3067899630e-17)
    (1.1724023501e-19 1.0096253798e-16)
    (1.2322246614e-19 1.0879447048e-16)
    (1.2950994306e-19 1.1650666778e-16)
    (1.3611824108e-19 1.2411837754e-16)
    (1.4306373021e-19 1.3144331958e-16)
    (1.5036361578e-19 1.3853782929e-16)
    (1.5803598101e-19 1.4538263990e-16)
    (1.6609983183e-19 1.5196606816e-16)
    (1.7457514394e-19 1.5829858710e-16)
    (1.8348291233e-19 1.6434293496e-16)
    (1.9284520326e-19 1.7012576123e-16)
    (2.0268520893e-19 1.7565416849e-16)
    (2.1302730493e-19 1.8093741570e-16)
    (2.2389711063e-19 1.8598611922e-16)
    (2.3532155262e-19 1.9081157988e-16)
    (2.4732893146e-19 1.9539296608e-16)
    (2.5994899173e-19 1.9978643318e-16)
    (2.7321299575e-19 2.0400897466e-16)
    (2.8715380103e-19 2.0805047753e-16)
    (3.0180594162e-19 2.1191899299e-16)
    (3.1720571370e-19 2.1561574605e-16)
    (3.3339126548e-19 2.1915502139e-16)
    (3.5040269168e-19 2.2253747312e-16)
    (3.6828213288e-19 2.2582847507e-16)
    (3.8707387991e-19 2.2889449447e-16)
    (4.0682448355e-19 2.3180669204e-16)
    (4.2758286985e-19 2.3456266684e-16)
    (4.4940046133e-19 2.3708573953e-16)
    (4.7233130437e-19 2.3952130862e-16)
    (4.9643220310e-19 2.4178560699e-16)
    (5.2176286008e-19 2.4387122817e-16)
    (5.4838602423e-19 2.4572446330e-16)
    (5.7636764626e-19 2.4743066518e-16)
    (6.0577704204e-19 2.4893186597e-16)
    (6.3668706432e-19 2.5021762537e-16)
    (6.6917428317e-19 2.5123981401e-16)
    (7.0331917570e-19 2.5206880906e-16)
    (7.3920632540e-19 2.5265208296e-16)
    (7.7692463164e-19 2.5298021566e-16)
    (8.1656752994e-19 2.5301938189e-16)
    (8.5823322341e-19 2.5274190181e-16)
    (9.0202492599e-19 2.5226338871e-16)
    (9.4805111817e-19 2.5149947103e-16)
    (9.9642581570e-19 2.5040952059e-16)
    (1.0472688520e-18 2.4906105445e-16)
    (1.1007061752e-18 2.4741625259e-16)
    (1.1568701597e-18 2.4543229280e-16)
    (1.2158999345e-18 2.4319402286e-16)
    (1.2779417279e-18 2.4066250245e-16)
    (1.3431492292e-18 2.3777219504e-16)
    (1.4116839701e-18 2.3467459396e-16)
    (1.4837157242e-18 2.3130147287e-16)
    (1.5594229282e-18 2.2759919544e-16)
    (1.6389931234e-18 2.2371152450e-16)
    (1.7226234204e-18 2.1958182693e-16)
    (1.8105209877e-18 2.1517788623e-16)
    (1.9029035644e-18 2.1020102108e-16)
    (2.0000000000e-18 2.0585744324e-16)
);
