// k[EI_O2_EXC_O2_V1] [m^3/s] vs mean energy [eV]; air_plasma [23a06d772827b718], T_gas = 300.000000 K
(
    (0 5.3315362316e-19)
    (8.3422134201e-02 5.3315362316e-19)
    (8.8462680050e-02 6.6444797710e-19)
    (9.3491060499e-02 8.2084211168e-19)
    (9.6777619891e-02 9.5687527313e-19)
    (1.0175997315e-01 1.1563215820e-18)
    (1.0646293907e-01 1.3839246165e-18)
    (1.1133785898e-01 1.6866007826e-18)
    (1.1494524000e-01 1.9316289646e-18)
    (1.1873395973e-01 2.2567649374e-18)
    (1.2224734874e-01 2.6201015733e-18)
    (1.2551219849e-01 3.0251017843e-18)
    (1.2824328374e-01 3.4626048212e-18)
    (1.3141043808e-01 3.9756643390e-18)
    (1.3383153708e-01 4.5211964679e-18)
    (1.3676045299e-01 5.1943374512e-18)
    (1.3906586166e-01 5.8176938002e-18)
    (1.4141448729e-01 6.5644508476e-18)
    (1.4369352067e-01 7.3872205307e-18)
    (1.4592237950e-01 8.2926887120e-18)
    (1.4811895507e-01 9.2881067939e-18)
    (1.5029968859e-01 1.0381338428e-17)
    (1.5247964864e-01 1.1580908237e-17)
    (1.5467260739e-01 1.2896051809e-17)
    (1.5689111725e-01 1.4336767200e-17)
    (1.5914658981e-01 1.5913867899e-17)
    (1.6144937818e-01 1.7639036621e-17)
    (1.6380886523e-01 1.9524879680e-17)
    (1.6623355953e-01 2.1584981259e-17)
    (1.6873119978e-01 2.3833956072e-17)
    (1.7130886915e-01 2.6287499148e-17)
    (1.7397311959e-01 2.8962430394e-17)
    (1.7673010631e-01 3.1876731517e-17)
    (1.7958573144e-01 3.5049571688e-17)
    (1.8254579637e-01 3.8501318293e-17)
    (1.8561616139e-01 4.2253527903e-17)
    (1.8880291207e-01 4.6328912299e-17)
    (1.9211253088e-01 5.0751272910e-17)
    (1.9555207395e-01 5.5545396742e-17)
    (1.9912935206e-01 6.0736905556e-17)
    (2.0285311488e-01 6.6352049157e-17)
    (2.0673323717e-01 7.2417432968e-17)
    (2.1077955069e-01 7.8965664512e-17)
    (2.1499326283e-01 8.6001270591e-17)
    (2.1942255698e-01 9.3575845308e-17)
    (2.2406764334e-01 1.0170236778e-16)
    (2.2896000916e-01 1.1042753564e-16)
    (2.3410210934e-01 1.1971567571e-16)
    (2.3953467239e-01 1.2960735311e-16)
    (2.4529093645e-01 1.4010967393e-16)
    (2.5140825018e-01 1.5127051800e-16)
    (2.5793258691e-01 1.6298286834e-16)
    (2.6491215469e-01 1.7527622814e-16)
    (2.7240227530e-01 1.8811824890e-16)
    (2.8046375297e-01 2.0146243245e-16)
    (2.8916213748e-01 2.1524661667e-16)
    (2.9856646161e-01 2.2939180959e-16)
    (3.0874738545e-01 2.4380155862e-16)
    (3.1977472197e-01 2.5836205270e-16)
    (3.3168362229e-01 2.7296648061e-16)
    (3.4459290637e-01 2.8742437703e-16)
    (3.5851916481e-01 3.0160309636e-16)
    (3.7349390343e-01 3.1534079890e-16)
    (3.8952971105e-01 3.2847441993e-16)
    (4.0661729963e-01 3.4084570983e-16)
    (4.2472352370e-01 3.5230755990e-16)
    (4.4379064350e-01 3.6273013069e-16)
    (4.6373698345e-01 3.7200627729e-16)
    (4.8445899582e-01 3.8005581090e-16)
    (5.0583459041e-01 3.8682824547e-16)
    (5.2772746033e-01 3.9230383566e-16)
    (5.4999204197e-01 3.9649289184e-16)
    (5.7247870695e-01 3.9943352951e-16)
    (5.9503879746e-01 4.0118814854e-16)
    (6.1752917515e-01 4.0183902437e-16)
    (6.3981604274e-01 4.0148342374e-16)
    (6.6177789913e-01 4.0022863596e-16)
    (6.8330758583e-01 3.9818725087e-16)
    (7.0431346420e-01 3.9547293137e-16)
    (7.2467697436e-01 3.9220804620e-16)
    (7.4441509710e-01 3.8847959341e-16)
    (7.6344531747e-01 3.8439511913e-16)
    (7.8173515144e-01 3.8004470681e-16)
    (7.9926434244e-01 3.7550891433e-16)
    (8.1602339392e-01 3.7085848729e-16)
    (8.3201207605e-01 3.6615447327e-16)
    (8.4723797325e-01 3.6144863575e-16)
    (8.6171511997e-01 3.5678407616e-16)
    (8.7546275606e-01 3.5219598551e-16)
    (8.8850422020e-01 3.4771246096e-16)
    (9.0086598971e-01 3.4335533713e-16)
    (9.1257686765e-01 3.3914099408e-16)
    (9.2366731217e-01 3.3508111568e-16)
    (9.3416889937e-01 3.3118338156e-16)
    (9.4411390757e-01 3.2745208325e-16)
    (9.5353500920e-01 3.2388866188e-16)
    (9.6246505520e-01 3.2049216901e-16)
    (9.7091857930e-01 3.1726683359e-16)
    (9.7895628770e-01 3.1419757221e-16)
    (9.8659875486e-01 3.1128317109e-16)
    (9.9387769322e-01 3.0851696200e-16)
    (1.0008245462e+00 3.0589141014e-16)
    (1.0074705061e+00 3.0339828012e-16)
    (1.0138465437e+00 3.0102877508e-16)
    (1.0199834445e+00 2.9877365354e-16)
    (1.0259118506e+00 2.9662332783e-16)
    (1.0316623064e+00 2.9456794702e-16)
    (1.0372368134e+00 2.9259600053e-16)
    (1.0427253204e+00 2.9069998943e-16)
    (1.0479294135e+00 2.8888180028e-16)
    (1.0533131407e+00 2.8709834382e-16)
    (1.0587015549e+00 2.8535611256e-16)
    (1.0641455878e+00 2.8364317344e-16)
    (1.0697076953e+00 2.8194674334e-16)
    (1.0750720293e+00 2.8027450815e-16)
    (1.0809973277e+00 2.7853709611e-16)
    (1.0874475840e+00 2.7680597802e-16)
    (1.0944735414e+00 2.7502875092e-16)
    (1.1021354195e+00 2.7321795562e-16)
    (1.1110462081e+00 2.7127250024e-16)
    (1.1213652590e+00 2.6920732491e-16)
    (1.1333688578e+00 2.6696751114e-16)
    (1.1479276605e+00 2.6455713806e-16)
    (1.1654776904e+00 2.6191779499e-16)
    (1.1867523231e+00 2.5900530984e-16)
    (1.2125891895e+00 2.5577281998e-16)
    (1.2443761699e+00 2.5214986903e-16)
    (1.2823184390e+00 2.4812345026e-16)
    (1.3278130703e+00 2.4363789221e-16)
    (1.3819109720e+00 2.3865549006e-16)
    (1.4462628824e+00 2.3300031029e-16)
    (1.5205346482e+00 2.2695197899e-16)
    (1.6060431212e+00 2.2036325576e-16)
    (1.7033101278e+00 2.1325069442e-16)
    (1.8133236744e+00 2.0561982235e-16)
    (1.9345349977e+00 1.9758266917e-16)
    (2.0673826653e+00 1.8917971642e-16)
    (2.2112586444e+00 1.8049276404e-16)
    (2.3675391486e+00 1.7145925176e-16)
    (2.5306547436e+00 1.6248794609e-16)
    (2.7016797611e+00 1.5351685439e-16)
    (2.8793718350e+00 1.4463718109e-16)
    (3.0627158465e+00 1.3585667161e-16)
    (3.2500925522e+00 1.2740243947e-16)
    (3.4406844079e+00 1.1925544827e-16)
    (3.6335931443e+00 1.1146247908e-16)
    (3.8293914994e+00 1.0391326867e-16)
    (4.0246201322e+00 9.6941350817e-17)
    (4.2205744262e+00 9.0386482607e-17)
    (4.4170654205e+00 8.4250264284e-17)
    (4.6140592698e+00 7.8526709276e-17)
    (4.8118293106e+00 7.3147739022e-17)
    (5.0101425298e+00 6.8217246586e-17)
    (5.2096264803e+00 6.3650381501e-17)
    (5.4106830855e+00 5.9425741950e-17)
    (5.6137791567e+00 5.5520876262e-17)
    (5.8194315888e+00 5.1913030473e-17)
    (6.0281942774e+00 4.8579725419e-17)
    (6.2397182407e+00 4.5506629564e-17)
    (6.4559105451e+00 4.2635088966e-17)
    (6.6776519205e+00 4.0000975873e-17)
    (6.9049922865e+00 3.7560532828e-17)
    (7.1385780794e+00 3.5296914014e-17)
    (7.3786430488e+00 3.3169125021e-17)
    (7.6265303642e+00 3.1216758563e-17)
    (7.8826257025e+00 2.9398566163e-17)
    (8.1497191059e+00 2.7619940601e-17)
    (8.4240092405e+00 2.6046083185e-17)
    (8.7085308876e+00 2.4573588345e-17)
    (9.0040228143e+00 2.3194057910e-17)
    (9.3087340154e+00 2.1926070324e-17)
    (9.6283995994e+00 2.0708007046e-17)
    (9.9612246963e+00 1.9562880126e-17)
    (1.0308125495e+01 1.8485096662e-17)
    (1.0668465983e+01 1.7472861225e-17)
    (1.1045828452e+01 1.6515343091e-17)
    (1.1439820622e+01 1.5611754987e-17)
    (1.1851696174e+01 1.4758287555e-17)
    (1.2280620034e+01 1.3951643304e-17)
    (1.2730516764e+01 1.3189043489e-17)
    (1.3201609335e+01 1.2467493680e-17)
    (1.3695082127e+01 1.1784499258e-17)
    (1.4209909604e+01 1.1113073179e-17)
    (1.4748613160e+01 1.0535474727e-17)
    (1.5316430848e+01 9.9540095950e-18)
    (1.5912205402e+01 9.4030123509e-18)
    (1.6537243804e+01 8.8574578418e-18)
    (1.7194717344e+01 8.3654152004e-18)
    (1.7885901787e+01 7.8986543726e-18)
    (1.8613989945e+01 7.4404318920e-18)
    (1.9379845460e+01 7.0223640342e-18)
    (2.0186705972e+01 6.6255351306e-18)
    (2.1034800734e+01 6.2713346766e-18)
    (2.1932990500e+01 5.9105183382e-18)
    (2.2881431137e+01 5.5684010544e-18)
    (2.3881383122e+01 5.2458146098e-18)
    (2.4941600051e+01 4.9380050819e-18)
    (2.6064042589e+01 4.6462235472e-18)
    (2.7252346416e+01 4.3588497182e-18)
    (2.8390136249e+01 4.1200633089e-18)
    (2.9849584724e+01 3.8516126551e-18)
);
