// k[EI_O2_EXC_O2_V2] [m^3/s] vs mean energy [eV]; air_plasma [23a06d772827b718], T_gas = 300.000000 K
(
    (0 0.0000000000e+00)
    (8.3422134201e-02 0.0000000000e+00)
    (8.8462680050e-02 0.0000000000e+00)
    (9.3491060499e-02 0.0000000000e+00)
    (9.6777619891e-02 1.1333084197e-21)
    (1.0175997315e-01 1.0456582667e-21)
    (1.0646293907e-01 9.7772245213e-22)
    (1.1133785898e-01 5.9839747814e-21)
    (1.1494524000e-01 9.0367327639e-22)
    (1.1873395973e-01 8.9840591802e-22)
    (1.2224734874e-01 9.1539835438e-22)
    (1.2551219849e-01 9.5640766231e-22)
    (1.2824328374e-01 6.9937770908e-22)
    (1.3141043808e-01 1.1239669819e-21)
    (1.3383153708e-01 1.7506191180e-21)
    (1.3676045299e-01 4.3219288188e-21)
    (1.3906586166e-01 3.0296953328e-21)
    (1.4141448729e-01 3.2847534369e-21)
    (1.4369352067e-01 3.6398162750e-21)
    (1.4592237950e-01 4.1272466810e-21)
    (1.4811895507e-01 4.7927251392e-21)
    (1.5029968859e-01 5.6995400191e-21)
    (1.5247964864e-01 6.9342470898e-21)
    (1.5467260739e-01 8.6138818122e-21)
    (1.5689111725e-01 1.0895148053e-20)
    (1.5914658981e-01 1.3986027173e-20)
    (1.6144937818e-01 1.8160228468e-20)
    (1.6380886523e-01 2.3775100151e-20)
    (1.6623355953e-01 3.1293694727e-20)
    (1.6873119978e-01 4.1311661825e-20)
    (1.7130886915e-01 5.4589893543e-20)
    (1.7397311959e-01 7.2093806963e-20)
    (1.7673010631e-01 9.5040332732e-20)
    (1.7958573144e-01 1.2495360962e-19)
    (1.8254579637e-01 1.6373053583e-19)
    (1.8561616139e-01 2.1371717161e-19)
    (1.8880291207e-01 2.7779693507e-19)
    (1.9211253088e-01 3.5949108889e-19)
    (1.9555207395e-01 4.6307167238e-19)
    (1.9912935206e-01 5.9368623144e-19)
    (2.0285311488e-01 7.5749267808e-19)
    (2.0673323717e-01 9.6180126712e-19)
    (2.1077955069e-01 1.2201698943e-18)
    (2.1499326283e-01 1.5328115557e-18)
    (2.1942255698e-01 1.9188433617e-18)
    (2.2406764334e-01 2.3904745980e-18)
    (2.2896000916e-01 2.9682160000e-18)
    (2.3410210934e-01 3.6607273986e-18)
    (2.3953467239e-01 4.4921638439e-18)
    (2.4529093645e-01 5.4842657137e-18)
    (2.5140825018e-01 6.6632146437e-18)
    (2.5793258691e-01 8.0486731500e-18)
    (2.6491215469e-01 9.6688644335e-18)
    (2.7240227530e-01 1.1549640605e-17)
    (2.8046375297e-01 1.3716054598e-17)
    (2.8916213748e-01 1.6191217620e-17)
    (2.9856646161e-01 1.8994969194e-17)
    (3.0874738545e-01 2.2142406582e-17)
    (3.1977472197e-01 2.5642349241e-17)
    (3.3168362229e-01 2.9499652214e-17)
    (3.4459290637e-01 3.3698589368e-17)
    (3.5851916481e-01 3.8224883802e-17)
    (3.7349390343e-01 4.3049741930e-17)
    (3.8952971105e-01 4.8133749738e-17)
    (4.0661729963e-01 5.3427568103e-17)
    (4.2472352370e-01 5.8873310019e-17)
    (4.4379064350e-01 6.4406545529e-17)
    (4.6373698345e-01 6.9958806293e-17)
    (4.8445899582e-01 7.5460399951e-17)
    (5.0583459041e-01 8.0843305992e-17)
    (5.2772746033e-01 8.6043916931e-17)
    (5.4999204197e-01 9.1005412095e-17)
    (5.7247870695e-01 9.5679601320e-17)
    (5.9503879746e-01 1.0002814222e-16)
    (6.1752917515e-01 1.0402310569e-16)
    (6.3981604274e-01 1.0764692889e-16)
    (6.6177789913e-01 1.1089184437e-16)
    (6.8330758583e-01 1.1375890531e-16)
    (7.0431346420e-01 1.1625673845e-16)
    (7.2467697436e-01 1.1840284973e-16)
    (7.4441509710e-01 1.2021229069e-16)
    (7.6344531747e-01 1.2171033953e-16)
    (7.8173515144e-01 1.2292226567e-16)
    (7.9926434244e-01 1.2387444272e-16)
    (8.1602339392e-01 1.2459344732e-16)
    (8.3201207605e-01 1.2510533980e-16)
    (8.4723797325e-01 1.2543511737e-16)
    (8.6171511997e-01 1.2560632265e-16)
    (8.7546275606e-01 1.2564078598e-16)
    (8.8850422020e-01 1.2555847852e-16)
    (9.0086598971e-01 1.2537745342e-16)
    (9.1257686765e-01 1.2511385406e-16)
    (9.2366731217e-01 1.2478197103e-16)
    (9.3416889937e-01 1.2439433217e-16)
    (9.4411390757e-01 1.2396181315e-16)
    (9.5353500920e-01 1.2349375860e-16)
    (9.6246505520e-01 1.2299810670e-16)
    (9.7091857930e-01 1.2248397065e-16)
    (9.7895628770e-01 1.2195218515e-16)
    (9.8659875486e-01 1.2140959247e-16)
    (9.9387769322e-01 1.2085975317e-16)
    (1.0008245462e+00 1.2030539505e-16)
    (1.0074705061e+00 1.1974850381e-16)
    (1.0138465437e+00 1.1919040634e-16)
    (1.0199834445e+00 1.1863184715e-16)
    (1.0259118506e+00 1.1807305844e-16)
    (1.0316623064e+00 1.1751382435e-16)
    (1.0372368134e+00 1.1695243342e-16)
    (1.0427253204e+00 1.1638994179e-16)
    (1.0479294135e+00 1.1582634194e-16)
    (1.0533131407e+00 1.1525317195e-16)
    (1.0587015549e+00 1.1467258445e-16)
    (1.0641455878e+00 1.1408206194e-16)
    (1.0697076953e+00 1.1347859234e-16)
    (1.0750720293e+00 1.1285133027e-16)
    (1.0809973277e+00 1.1223117481e-16)
    (1.0874475840e+00 1.1156361540e-16)
    (1.0944735414e+00 1.1086561892e-16)
    (1.1021354195e+00 1.1009737684e-16)
    (1.1110462081e+00 1.0931735742e-16)
    (1.1213652590e+00 1.0848135753e-16)
    (1.1333688578e+00 1.0758195987e-16)
    (1.1479276605e+00 1.0659440465e-16)
    (1.1654776904e+00 1.0551111575e-16)
    (1.1867523231e+00 1.0431554291e-16)
    (1.2125891895e+00 1.0298998904e-16)
    (1.2443761699e+00 1.0148898014e-16)
    (1.2823184390e+00 9.9845783983e-17)
    (1.3278130703e+00 9.8019642820e-17)
    (1.3819109720e+00 9.5996177021e-17)
    (1.4462628824e+00 9.3704188092e-17)
    (1.5205346482e+00 9.1259212066e-17)
    (1.6060431212e+00 8.8600855807e-17)
    (1.7033101278e+00 8.5735980506e-17)
    (1.8133236744e+00 8.2660774632e-17)
    (1.9345349977e+00 7.9433705231e-17)
    (2.0673826653e+00 7.6063096657e-17)
    (2.2112586444e+00 7.2581447718e-17)
    (2.3675391486e+00 6.8947251724e-17)
    (2.5306547436e+00 6.5357348346e-17)
    (2.7016797611e+00 6.1769009546e-17)
    (2.8793718350e+00 5.8218312672e-17)
    (3.0627158465e+00 5.4718430096e-17)
    (3.2500925522e+00 5.1337904415e-17)
    (3.4406844079e+00 4.8080364051e-17)
    (3.6335931443e+00 4.4964262593e-17)
    (3.8293914994e+00 4.1939292935e-17)
    (4.0246201322e+00 3.9151398454e-17)
    (4.2205744262e+00 3.6529600726e-17)
    (4.4170654205e+00 3.4074474767e-17)
    (4.6140592698e+00 3.1783595289e-17)
    (4.8118293106e+00 2.9628776212e-17)
    (5.0101425298e+00 2.7653678242e-17)
    (5.2096264803e+00 2.5823232161e-17)
    (5.4106830855e+00 2.4128929985e-17)
    (5.6137791567e+00 2.2561850570e-17)
    (5.8194315888e+00 2.1112955561e-17)
    (6.0281942774e+00 1.9773317867e-17)
    (6.2397182407e+00 1.8536650010e-17)
    (6.4559105451e+00 1.7379416186e-17)
    (6.6776519205e+00 1.6318476383e-17)
    (6.9049922865e+00 1.5334635968e-17)
    (7.1385780794e+00 1.4421218483e-17)
    (7.3786430488e+00 1.3561147384e-17)
    (7.6265303642e+00 1.2771875006e-17)
    (7.8826257025e+00 1.2036113081e-17)
    (8.1497191059e+00 1.1317751955e-17)
    (8.4240092405e+00 1.0679283694e-17)
    (8.7085308876e+00 1.0081364909e-17)
    (9.0040228143e+00 9.5206653002e-18)
    (9.3087340154e+00 9.0012691347e-18)
    (9.6283995994e+00 8.5057425915e-18)
    (9.9612246963e+00 8.0394403242e-18)
    (1.0308125495e+01 7.6001514732e-18)
    (1.0668465983e+01 7.1873306841e-18)
    (1.1045828452e+01 6.7963618116e-18)
    (1.1439820622e+01 6.4271050863e-18)
    (1.1851696174e+01 6.0780512780e-18)
    (1.2280620034e+01 5.7492344951e-18)
    (1.2730516764e+01 5.4367088366e-18)
    (1.3201609335e+01 5.1408143936e-18)
    (1.3695082127e+01 4.8605584562e-18)
    (1.4209909604e+01 4.5852917807e-18)
    (1.4748613160e+01 4.3479474359e-18)
    (1.5316430848e+01 4.1089171611e-18)
    (1.5912205402e+01 3.8823034119e-18)
    (1.6537243804e+01 3.6571433128e-18)
    (1.7194717344e+01 3.4546811892e-18)
    (1.7885901787e+01 3.2625389169e-18)
    (1.8613989945e+01 3.0729913726e-18)
    (1.9379845460e+01 2.9008661607e-18)
    (2.0186705972e+01 2.7374185350e-18)
    (2.1034800734e+01 2.5910511886e-18)
    (2.1932990500e+01 2.4423759457e-18)
    (2.2881431137e+01 2.3013559319e-18)
    (2.3881383122e+01 2.1678578698e-18)
    (2.4941600051e+01 2.0409589789e-18)
    (2.6064042589e+01 1.9206283842e-18)
    (2.7252346416e+01 1.8018662350e-18)
    (2.8390136249e+01 1.7052246256e-18)
    (2.9849584724e+01 1.5925763709e-18)
);
