// k[EI_N2_EXC_N2_V6] [m^3/s] vs mean energy [eV]; air_plasma [23a06d772827b718], T_gas = 300.000000 K
(
    (0 0.0000000000e+00)
    (8.3422134201e-02 0.0000000000e+00)
    (8.8462680050e-02 0.0000000000e+00)
    (9.3491060499e-02 0.0000000000e+00)
    (9.6777619891e-02 0.0000000000e+00)
    (1.0175997315e-01 0.0000000000e+00)
    (1.0646293907e-01 0.0000000000e+00)
    (1.1133785898e-01 0.0000000000e+00)
    (1.1494524000e-01 0.0000000000e+00)
    (1.1873395973e-01 0.0000000000e+00)
    (1.2224734874e-01 0.0000000000e+00)
    (1.2551219849e-01 0.0000000000e+00)
    (1.2824328374e-01 0.0000000000e+00)
    (1.3141043808e-01 0.0000000000e+00)
    (1.3383153708e-01 0.0000000000e+00)
    (1.3676045299e-01 0.0000000000e+00)
    (1.3906586166e-01 0.0000000000e+00)
    (1.4141448729e-01 0.0000000000e+00)
    (1.4369352067e-01 0.0000000000e+00)
    (1.4592237950e-01 0.0000000000e+00)
    (1.4811895507e-01 0.0000000000e+00)
    (1.5029968859e-01 0.0000000000e+00)
    (1.5247964864e-01 0.0000000000e+00)
    (1.5467260739e-01 0.0000000000e+00)
    (1.5689111725e-01 0.0000000000e+00)
    (1.5914658981e-01 0.0000000000e+00)
    (1.6144937818e-01 0.0000000000e+00)
    (1.6380886523e-01 0.0000000000e+00)
    (1.6623355953e-01 0.0000000000e+00)
    (1.6873119978e-01 0.0000000000e+00)
    (1.7130886915e-01 0.0000000000e+00)
    (1.7397311959e-01 0.0000000000e+00)
    (1.7673010631e-01 0.0000000000e+00)
    (1.7958573144e-01 0.0000000000e+00)
    (1.8254579637e-01 0.0000000000e+00)
    (1.8561616139e-01 0.0000000000e+00)
    (1.8880291207e-01 0.0000000000e+00)
    (1.9211253088e-01 0.0000000000e+00)
    (1.9555207395e-01 0.0000000000e+00)
    (1.9912935206e-01 0.0000000000e+00)
    (2.0285311488e-01 0.0000000000e+00)
    (2.0673323717e-01 0.0000000000e+00)
    (2.1077955069e-01 0.0000000000e+00)
    (2.1499326283e-01 0.0000000000e+00)
    (2.1942255698e-01 0.0000000000e+00)
    (2.2406764334e-01 0.0000000000e+00)
    (2.2896000916e-01 0.0000000000e+00)
    (2.3410210934e-01 0.0000000000e+00)
    (2.3953467239e-01 0.0000000000e+00)
    (2.4529093645e-01 0.0000000000e+00)
    (2.5140825018e-01 0.0000000000e+00)
    (2.5793258691e-01 0.0000000000e+00)
    (2.6491215469e-01 0.0000000000e+00)
    (2.7240227530e-01 0.0000000000e+00)
    (2.8046375297e-01 0.0000000000e+00)
    (2.8916213748e-01 0.0000000000e+00)
    (2.9856646161e-01 0.0000000000e+00)
    (3.0874738545e-01 0.0000000000e+00)
    (3.1977472197e-01 0.0000000000e+00)
    (3.3168362229e-01 0.0000000000e+00)
    (3.4459290637e-01 0.0000000000e+00)
    (3.5851916481e-01 0.0000000000e+00)
    (3.7349390343e-01 0.0000000000e+00)
    (3.8952971105e-01 0.0000000000e+00)
    (4.0661729963e-01 0.0000000000e+00)
    (4.2472352370e-01 0.0000000000e+00)
    (4.4379064350e-01 0.0000000000e+00)
    (4.6373698345e-01 0.0000000000e+00)
    (4.8445899582e-01 0.0000000000e+00)
    (5.0583459041e-01 0.0000000000e+00)
    (5.2772746033e-01 0.0000000000e+00)
    (5.4999204197e-01 0.0000000000e+00)
    (5.7247870695e-01 0.0000000000e+00)
    (5.9503879746e-01 0.0000000000e+00)
    (6.1752917515e-01 0.0000000000e+00)
    (6.3981604274e-01 0.0000000000e+00)
    (6.6177789913e-01 0.0000000000e+00)
    (6.8330758583e-01 0.0000000000e+00)
    (7.0431346420e-01 0.0000000000e+00)
    (7.2467697436e-01 2.5453501805e-24)
    (7.4441509710e-01 2.3345246768e-24)
    (7.6344531747e-01 2.2865530900e-24)
    (7.8173515144e-01 2.5142183648e-24)
    (7.9926434244e-01 3.2618342668e-24)
    (8.1602339392e-01 5.0306768680e-24)
    (8.3201207605e-01 8.8071087212e-24)
    (8.4723797325e-01 1.6459553733e-23)
    (8.6171511997e-01 3.1402501950e-23)
    (8.7546275606e-01 5.9664400776e-23)
    (8.8850422020e-01 1.1153871288e-22)
    (9.0086598971e-01 2.0404017871e-22)
    (9.1257686765e-01 3.6442399603e-22)
    (9.2366731217e-01 6.3504528202e-22)
    (9.3416889937e-01 1.0798292502e-21)
    (9.4411390757e-01 1.7925816734e-21)
    (9.5353500920e-01 2.9072867500e-21)
    (9.6246505520e-01 4.6104153493e-21)
    (9.7091857930e-01 2.9389988763e-20)
    (9.7895628770e-01 4.8313761872e-20)
    (9.8659875486e-01 7.7871001328e-20)
    (9.9387769322e-01 1.2315414507e-19)
    (1.0008245462e+00 1.9126111640e-19)
    (1.0074705061e+00 2.9190348096e-19)
    (1.0138465437e+00 4.3813501467e-19)
    (1.0199834445e+00 6.4720535491e-19)
    (1.0259118506e+00 9.4153774262e-19)
    (1.0316623064e+00 1.3498226492e-18)
    (1.0372368134e+00 1.8825159101e-18)
    (1.0427253204e+00 2.6193872059e-18)
    (1.0479294135e+00 3.6521878104e-18)
    (1.0533131407e+00 4.9426949460e-18)
    (1.0587015549e+00 6.6114800497e-18)
    (1.0641455878e+00 8.7448491313e-18)
    (1.0697076953e+00 1.1442211686e-17)
    (1.0750720293e+00 1.5006323552e-17)
    (1.0809973277e+00 1.9319775239e-17)
    (1.0874475840e+00 2.4467999543e-17)
    (1.0944735414e+00 3.0708277379e-17)
    (1.1021354195e+00 3.8405230685e-17)
    (1.1110462081e+00 4.7336541600e-17)
    (1.1213652590e+00 5.7862110514e-17)
    (1.1333688578e+00 7.0263641151e-17)
    (1.1479276605e+00 8.4478818559e-17)
    (1.1654776904e+00 1.0077219961e-16)
    (1.1867523231e+00 1.1926933850e-16)
    (1.2125891895e+00 1.4006110459e-16)
    (1.2443761699e+00 1.6393350803e-16)
    (1.2823184390e+00 1.8940684790e-16)
    (1.3278130703e+00 2.1711625589e-16)
    (1.3819109720e+00 2.4690018208e-16)
    (1.4462628824e+00 2.7866541608e-16)
    (1.5205346482e+00 3.1175589584e-16)
    (1.6060431212e+00 3.4592901432e-16)
    (1.7033101278e+00 3.8070101653e-16)
    (1.8133236744e+00 4.1570738056e-16)
    (1.9345349977e+00 4.4996010615e-16)
    (2.0673826653e+00 4.8313756027e-16)
    (2.2112586444e+00 5.1469113829e-16)
    (2.3675391486e+00 5.4456438199e-16)
    (2.5306547436e+00 5.7137941988e-16)
    (2.7016797611e+00 5.9529991899e-16)
    (2.8793718350e+00 6.1608024693e-16)
    (3.0627158465e+00 6.3362037300e-16)
    (3.2500925522e+00 6.4777704977e-16)
    (3.4406844079e+00 6.5862084738e-16)
    (3.6335931443e+00 6.6625384526e-16)
    (3.8293914994e+00 6.7140021598e-16)
    (4.0246201322e+00 6.7305548241e-16)
    (4.2205744262e+00 6.7210165269e-16)
    (4.4170654205e+00 6.6878157586e-16)
    (4.6140592698e+00 6.6334314082e-16)
    (4.8118293106e+00 6.5581858191e-16)
    (5.0101425298e+00 6.4687960600e-16)
    (5.2096264803e+00 6.3652517947e-16)
    (5.4106830855e+00 6.2496032172e-16)
    (5.6137791567e+00 6.1237266251e-16)
    (5.8194315888e+00 5.9893209336e-16)
    (6.0281942774e+00 5.8479115939e-16)
    (6.2397182407e+00 5.7000307169e-16)
    (6.4559105451e+00 5.5507751775e-16)
    (6.6776519205e+00 5.3957566268e-16)
    (6.9049922865e+00 5.2383026957e-16)
    (7.1385780794e+00 5.0792412867e-16)
    (7.3786430488e+00 4.9199334372e-16)
    (7.6265303642e+00 4.7598057483e-16)
    (7.8826257025e+00 4.6000022242e-16)
    (8.1497191059e+00 4.4355253013e-16)
    (8.4240092405e+00 4.2781232934e-16)
    (8.7085308876e+00 4.1223971211e-16)
    (9.0040228143e+00 3.9686823038e-16)
    (9.3087340154e+00 3.8196840344e-16)
    (9.6283995994e+00 3.6707193498e-16)
    (9.9612246963e+00 3.5245737154e-16)
    (1.0308125495e+01 3.3814349950e-16)
    (1.0668465983e+01 3.2405994459e-16)
    (1.1045828452e+01 3.1040719019e-16)
    (1.1439820622e+01 2.9710058060e-16)
    (1.1851696174e+01 2.8414744407e-16)
    (1.2280620034e+01 2.7156984395e-16)
    (1.2730516764e+01 2.5934597084e-16)
    (1.3201609335e+01 2.4749530211e-16)
    (1.3695082127e+01 2.3602062058e-16)
    (1.4209909604e+01 2.2504456052e-16)
    (1.4748613160e+01 2.1427082880e-16)
    (1.5316430848e+01 2.0392277136e-16)
    (1.5912205402e+01 1.9394666650e-16)
    (1.6537243804e+01 1.8416041873e-16)
    (1.7194717344e+01 1.7493383269e-16)
    (1.7885901787e+01 1.6606187070e-16)
    (1.8613989945e+01 1.5778779682e-16)
    (1.9379845460e+01 1.4956660887e-16)
    (2.0186705972e+01 1.4168398633e-16)
    (2.1034800734e+01 1.3381304146e-16)
    (2.1932990500e+01 1.2662760484e-16)
    (2.2881431137e+01 1.1974863456e-16)
    (2.3881383122e+01 1.1327823468e-16)
    (2.4941600051e+01 1.0697024922e-16)
    (2.6064042589e+01 1.0094626126e-16)
    (2.7252346416e+01 9.5308455538e-17)
    (2.8390136249e+01 8.9997567116e-17)
    (2.9849584724e+01 8.4565421289e-17)
);
