// k[EI_O2_EXC_O2_V4] [m^3/s] vs mean energy [eV]; air_plasma [23a06d772827b718], T_gas = 300.000000 K
(
    (0 0.0000000000e+00)
    (8.3422134201e-02 0.0000000000e+00)
    (8.8462680050e-02 0.0000000000e+00)
    (9.3491060499e-02 0.0000000000e+00)
    (9.6777619891e-02 0.0000000000e+00)
    (1.0175997315e-01 0.0000000000e+00)
    (1.0646293907e-01 0.0000000000e+00)
    (1.1133785898e-01 3.7969636476e-22)
    (1.1494524000e-01 0.0000000000e+00)
    (1.1873395973e-01 0.0000000000e+00)
    (1.2224734874e-01 0.0000000000e+00)
    (1.2551219849e-01 0.0000000000e+00)
    (1.2824328374e-01 1.0670402526e-23)
    (1.3141043808e-01 0.0000000000e+00)
    (1.3383153708e-01 4.5295982228e-23)
    (1.3676045299e-01 1.9832537825e-22)
    (1.3906586166e-01 1.4442177188e-23)
    (1.4141448729e-01 1.4172324403e-23)
    (1.4369352067e-01 1.3953203992e-23)
    (1.4592237950e-01 1.3769882041e-23)
    (1.4811895507e-01 1.3610957237e-23)
    (1.5029968859e-01 1.3467964172e-23)
    (1.5247964864e-01 1.3335570773e-23)
    (1.5467260739e-01 1.3211780805e-23)
    (1.5689111725e-01 1.3098791461e-23)
    (1.5914658981e-01 1.3004968886e-23)
    (1.6144937818e-01 1.2947914297e-23)
    (1.6380886523e-01 1.2959769124e-23)
    (1.6623355953e-01 1.3096248354e-23)
    (1.6873119978e-01 1.3450703239e-23)
    (1.7130886915e-01 1.4176612645e-23)
    (1.7397311959e-01 1.5522233056e-23)
    (1.7673010631e-01 1.7883617859e-23)
    (1.7958573144e-01 2.1883502783e-23)
    (1.8254579637e-01 2.8487285943e-23)
    (1.8561616139e-01 3.9169797433e-23)
    (1.8880291207e-01 5.6150788127e-23)
    (1.9211253088e-01 8.2719483972e-23)
    (1.9555207395e-01 1.2367267865e-22)
    (1.9912935206e-01 1.8589233474e-22)
    (2.0285311488e-01 2.7908858720e-22)
    (2.0673323717e-01 4.1673080447e-22)
    (2.1077955069e-01 7.3658734600e-22)
    (2.1499326283e-01 1.1569786809e-21)
    (2.1942255698e-01 1.6940327577e-21)
    (2.2406764334e-01 2.4851581745e-21)
    (2.2896000916e-01 3.7529215557e-21)
    (2.3410210934e-01 5.4847505802e-21)
    (2.3953467239e-01 7.9811491905e-21)
    (2.4529093645e-01 1.1544322007e-20)
    (2.5140825018e-01 1.6658769025e-20)
    (2.5793258691e-01 2.3718345610e-20)
    (2.6491215469e-01 3.3482230872e-20)
    (2.7240227530e-01 4.6829127414e-20)
    (2.8046375297e-01 6.4852778455e-20)
    (2.8916213748e-01 8.8886046024e-20)
    (2.9856646161e-01 1.2051670726e-19)
    (3.0874738545e-01 1.6159046468e-19)
    (3.1977472197e-01 2.1419653368e-19)
    (3.3168362229e-01 2.8053965221e-19)
    (3.4459290637e-01 3.6322172325e-19)
    (3.5851916481e-01 4.6466729513e-19)
    (3.7349390343e-01 5.8732399350e-19)
    (3.8952971105e-01 7.3345930932e-19)
    (4.0661729963e-01 9.0502199384e-19)
    (4.2472352370e-01 1.1035046078e-18)
    (4.4379064350e-01 1.3298197512e-18)
    (4.6373698345e-01 1.5842023100e-18)
    (4.8445899582e-01 1.8661480967e-18)
    (5.0583459041e-01 2.1743957337e-18)
    (5.2772746033e-01 2.5069540818e-18)
    (5.4999204197e-01 2.8611726913e-18)
    (5.7247870695e-01 3.2338484498e-18)
    (5.9503879746e-01 3.6213584478e-18)
    (6.1752917515e-01 4.0198074439e-18)
    (6.3981604274e-01 4.4251782398e-18)
    (6.6177789913e-01 4.8334745302e-18)
    (6.8330758583e-01 5.2408479709e-18)
    (7.0431346420e-01 5.6437038426e-18)
    (7.2467697436e-01 6.0382043940e-18)
    (7.4441509710e-01 6.4225152801e-18)
    (7.6344531747e-01 6.7936993574e-18)
    (7.8173515144e-01 7.1497320405e-18)
    (7.9926434244e-01 7.4890143186e-18)
    (8.1602339392e-01 7.8103523342e-18)
    (8.3201207605e-01 8.1129267233e-18)
    (8.4723797325e-01 8.3962551331e-18)
    (8.6171511997e-01 8.6601509026e-18)
    (8.7546275606e-01 8.9046803953e-18)
    (8.8850422020e-01 9.1301209513e-18)
    (9.0086598971e-01 9.3369209406e-18)
    (9.1257686765e-01 9.5256629477e-18)
    (9.2366731217e-01 9.6970307385e-18)
    (9.3416889937e-01 9.8517803344e-18)
    (9.4411390757e-01 9.9907152653e-18)
    (9.5353500920e-01 1.0114665874e-17)
    (9.6246505520e-01 1.0224472403e-17)
    (9.7091857930e-01 1.0320411644e-17)
    (9.7895628770e-01 1.0404263577e-17)
    (9.8659875486e-01 1.0476380394e-17)
    (9.9387769322e-01 1.0537515657e-17)
    (1.0008245462e+00 1.0588386900e-17)
    (1.0074705061e+00 1.0629672693e-17)
    (1.0138465437e+00 1.0662010918e-17)
    (1.0199834445e+00 1.0685998029e-17)
    (1.0259118506e+00 1.0702189094e-17)
    (1.0316623064e+00 1.0711098472e-17)
    (1.0372368134e+00 1.0712990512e-17)
    (1.0427253204e+00 1.0708718871e-17)
    (1.0479294135e+00 1.0693649939e-17)
    (1.0533131407e+00 1.0677817096e-17)
    (1.0587015549e+00 1.0656641376e-17)
    (1.0641455878e+00 1.0630374423e-17)
    (1.0697076953e+00 1.0599212726e-17)
    (1.0750720293e+00 1.0568280908e-17)
    (1.0809973277e+00 1.0535614432e-17)
    (1.0874475840e+00 1.0505651037e-17)
    (1.0944735414e+00 1.0480496347e-17)
    (1.1021354195e+00 1.0460656242e-17)
    (1.1110462081e+00 1.0461988313e-17)
    (1.1213652590e+00 1.0489163734e-17)
    (1.1333688578e+00 1.0555680519e-17)
    (1.1479276605e+00 1.0677430032e-17)
    (1.1654776904e+00 1.0876095844e-17)
    (1.1867523231e+00 1.1178702020e-17)
    (1.2125891895e+00 1.1618320176e-17)
    (1.2443761699e+00 1.2246345442e-17)
    (1.2823184390e+00 1.3088824512e-17)
    (1.3278130703e+00 1.4205227077e-17)
    (1.3819109720e+00 1.5651399063e-17)
    (1.4462628824e+00 1.7510838562e-17)
    (1.5205346482e+00 1.9794853633e-17)
    (1.6060431212e+00 2.2581572350e-17)
    (1.7033101278e+00 2.5920634493e-17)
    (1.8133236744e+00 2.9891020323e-17)
    (1.9345349977e+00 3.4440906240e-17)
    (2.0673826653e+00 3.9621715506e-17)
    (2.2112586444e+00 4.5429219803e-17)
    (2.3675391486e+00 5.1936796175e-17)
    (2.5306547436e+00 5.8917586308e-17)
    (2.7016797611e+00 6.6412727973e-17)
    (2.8793718350e+00 7.4357973443e-17)
    (3.0627158465e+00 8.2703644937e-17)
    (3.2500925522e+00 9.1321590378e-17)
    (3.4406844079e+00 1.0015533344e-16)
    (3.6335931443e+00 1.0912287831e-16)
    (3.8293914994e+00 1.1820146305e-16)
    (4.0246201322e+00 1.2718848802e-16)
    (4.2205744262e+00 1.3608455423e-16)
    (4.4170654205e+00 1.4482512457e-16)
    (4.6140592698e+00 1.5335183366e-16)
    (4.8118293106e+00 1.6162766348e-16)
    (5.0101425298e+00 1.6957114918e-16)
    (5.2096264803e+00 1.7716355878e-16)
    (5.4106830855e+00 1.8437011438e-16)
    (5.6137791567e+00 1.9116110254e-16)
    (5.8194315888e+00 1.9751150276e-16)
    (6.0281942774e+00 2.0340063981e-16)
    (6.2397182407e+00 2.0877589596e-16)
    (6.4559105451e+00 2.1367436329e-16)
    (6.6776519205e+00 2.1809421163e-16)
    (6.9049922865e+00 2.2200740598e-16)
    (7.1385780794e+00 2.2541050395e-16)
    (7.3786430488e+00 2.2828713614e-16)
    (7.6265303642e+00 2.3066937350e-16)
    (7.8826257025e+00 2.3254734659e-16)
    (8.1497191059e+00 2.3400643051e-16)
    (8.4240092405e+00 2.3488762555e-16)
    (8.7085308876e+00 2.3529042621e-16)
    (9.0040228143e+00 2.3522616598e-16)
    (9.3087340154e+00 2.3462058461e-16)
    (9.6283995994e+00 2.3366929091e-16)
    (9.9612246963e+00 2.3229360415e-16)
    (1.0308125495e+01 2.3050935616e-16)
    (1.0668465983e+01 2.2829003924e-16)
    (1.1045828452e+01 2.2574722497e-16)
    (1.1439820622e+01 2.2285134912e-16)
    (1.1851696174e+01 2.1962101475e-16)
    (1.2280620034e+01 2.1604424084e-16)
    (1.2730516764e+01 2.1221536557e-16)
    (1.3201609335e+01 2.0811586035e-16)
    (1.3695082127e+01 2.0376830517e-16)
    (1.4209909604e+01 1.9917313364e-16)
    (1.4748613160e+01 1.9435061619e-16)
    (1.5316430848e+01 1.8940709532e-16)
    (1.5912205402e+01 1.8430739084e-16)
    (1.6537243804e+01 1.7903958983e-16)
    (1.7194717344e+01 1.7369574996e-16)
    (1.7885901787e+01 1.6826237814e-16)
    (1.8613989945e+01 1.6272847236e-16)
    (1.9379845460e+01 1.5717932186e-16)
    (2.0186705972e+01 1.5160229828e-16)
    (2.1034800734e+01 1.4596781186e-16)
    (2.1932990500e+01 1.4039532134e-16)
    (2.2881431137e+01 1.3484807963e-16)
    (2.3881383122e+01 1.2929895200e-16)
    (2.4941600051e+01 1.2385380462e-16)
    (2.6064042589e+01 1.1847771393e-16)
    (2.7252346416e+01 1.1315563419e-16)
    (2.8390136249e+01 1.0771188812e-16)
    (2.9849584724e+01 1.0286506340e-16)
);
