// k[EI_N2_EXC_N2_V1RES] [m^3/s] vs mean energy [eV]; air_plasma [23a06d772827b718], T_gas = 300.000000 K
(
    (0 0.0000000000e+00)
    (8.3422134201e-02 0.0000000000e+00)
    (8.8462680050e-02 0.0000000000e+00)
    (9.3491060499e-02 0.0000000000e+00)
    (9.6777619891e-02 0.0000000000e+00)
    (1.0175997315e-01 0.0000000000e+00)
    (1.0646293907e-01 0.0000000000e+00)
    (1.1133785898e-01 6.4526740504e-21)
    (1.1494524000e-01 0.0000000000e+00)
    (1.1873395973e-01 0.0000000000e+00)
    (1.2224734874e-01 0.0000000000e+00)
    (1.2551219849e-01 0.0000000000e+00)
    (1.2824328374e-01 9.7052984716e-22)
    (1.3141043808e-01 0.0000000000e+00)
    (1.3383153708e-01 3.9833766957e-21)
    (1.3676045299e-01 0.0000000000e+00)
    (1.3906586166e-01 0.0000000000e+00)
    (1.4141448729e-01 0.0000000000e+00)
    (1.4369352067e-01 0.0000000000e+00)
    (1.4592237950e-01 0.0000000000e+00)
    (1.4811895507e-01 0.0000000000e+00)
    (1.5029968859e-01 0.0000000000e+00)
    (1.5247964864e-01 0.0000000000e+00)
    (1.5467260739e-01 0.0000000000e+00)
    (1.5689111725e-01 0.0000000000e+00)
    (1.5914658981e-01 0.0000000000e+00)
    (1.6144937818e-01 0.0000000000e+00)
    (1.6380886523e-01 0.0000000000e+00)
    (1.6623355953e-01 0.0000000000e+00)
    (1.6873119978e-01 0.0000000000e+00)
    (1.7130886915e-01 0.0000000000e+00)
    (1.7397311959e-01 0.0000000000e+00)
    (1.7673010631e-01 0.0000000000e+00)
    (1.7958573144e-01 0.0000000000e+00)
    (1.8254579637e-01 0.0000000000e+00)
    (1.8561616139e-01 0.0000000000e+00)
    (1.8880291207e-01 0.0000000000e+00)
    (1.9211253088e-01 0.0000000000e+00)
    (1.9555207395e-01 0.0000000000e+00)
    (1.9912935206e-01 0.0000000000e+00)
    (2.0285311488e-01 0.0000000000e+00)
    (2.0673323717e-01 0.0000000000e+00)
    (2.1077955069e-01 0.0000000000e+00)
    (2.1499326283e-01 0.0000000000e+00)
    (2.1942255698e-01 0.0000000000e+00)
    (2.2406764334e-01 0.0000000000e+00)
    (2.2896000916e-01 0.0000000000e+00)
    (2.3410210934e-01 0.0000000000e+00)
    (2.3953467239e-01 0.0000000000e+00)
    (2.4529093645e-01 0.0000000000e+00)
    (2.5140825018e-01 1.6193238309e-21)
    (2.5793258691e-01 1.8879511808e-21)
    (2.6491215469e-01 2.5103202622e-21)
    (2.7240227530e-01 3.7919476432e-21)
    (2.8046375297e-01 6.2677426051e-21)
    (2.8916213748e-01 1.0844322239e-20)
    (2.9856646161e-01 1.9009667301e-20)
    (3.0874738545e-01 3.3129391945e-20)
    (3.1977472197e-01 5.6847638357e-20)
    (3.3168362229e-01 9.3286297266e-20)
    (3.4459290637e-01 1.5317074549e-19)
    (3.5851916481e-01 2.4631425651e-19)
    (3.7349390343e-01 3.8770200897e-19)
    (3.8952971105e-01 5.9733138382e-19)
    (4.0661729963e-01 9.0114727925e-19)
    (4.2472352370e-01 1.3318898189e-18)
    (4.4379064350e-01 1.9297631003e-18)
    (4.6373698345e-01 2.7428369476e-18)
    (4.8445899582e-01 3.8271107115e-18)
    (5.0583459041e-01 5.2461980217e-18)
    (5.2772746033e-01 7.0706306357e-18)
    (5.4999204197e-01 9.3768220287e-18)
    (5.7247870695e-01 1.2245770254e-17)
    (5.9503879746e-01 1.5761608599e-17)
    (6.1752917515e-01 2.0010128133e-17)
    (6.3981604274e-01 2.5077396658e-17)
    (6.6177789913e-01 3.1048584952e-17)
    (6.8330758583e-01 3.8007086574e-17)
    (7.0431346420e-01 4.6033986244e-17)
    (7.2467697436e-01 5.5032265360e-17)
    (7.4441509710e-01 6.5341317877e-17)
    (7.6344531747e-01 7.6910168294e-17)
    (7.8173515144e-01 8.9798904696e-17)
    (7.9926434244e-01 1.0406405606e-16)
    (8.1602339392e-01 1.1975913758e-16)
    (8.3201207605e-01 1.3693524589e-16)
    (8.4723797325e-01 1.5564165566e-16)
    (8.6171511997e-01 1.7592638096e-16)
    (8.7546275606e-01 1.9783667905e-16)
    (8.8850422020e-01 2.2141948903e-16)
    (9.0086598971e-01 2.4672181207e-16)
    (9.1257686765e-01 2.7379105230e-16)
    (9.2366731217e-01 3.0267534666e-16)
    (9.3416889937e-01 3.3342391774e-16)
    (9.4411390757e-01 3.6608748425e-16)
    (9.5353500920e-01 4.0071876090e-16)
    (9.6246505520e-01 4.3737307163e-16)
    (9.7091857930e-01 4.7601490769e-16)
    (9.7895628770e-01 5.1684838390e-16)
    (9.8659875486e-01 5.5987603457e-16)
    (9.9387769322e-01 6.0516601682e-16)
    (1.0008245462e+00 6.5279244081e-16)
    (1.0074705061e+00 7.0283637663e-16)
    (1.0138465437e+00 7.5538686618e-16)
    (1.0199834445e+00 8.1054190591e-16)
    (1.0259118506e+00 8.6840936812e-16)
    (1.0316623064e+00 9.2910783278e-16)
    (1.0372368134e+00 9.9244203694e-16)
    (1.0427253204e+00 1.0591684327e-15)
    (1.0479294135e+00 1.1273835074e-15)
    (1.0533131407e+00 1.2007796288e-15)
    (1.0587015549e+00 1.2777560676e-15)
    (1.0641455878e+00 1.3584932846e-15)
    (1.0697076953e+00 1.4431797503e-15)
    (1.0750720293e+00 1.5284822628e-15)
    (1.0809973277e+00 1.6202211143e-15)
    (1.0874475840e+00 1.7180522217e-15)
    (1.0944735414e+00 1.8206049237e-15)
    (1.1021354195e+00 1.9261697842e-15)
    (1.1110462081e+00 2.0386456538e-15)
    (1.1213652590e+00 2.1561899351e-15)
    (1.1333688578e+00 2.2738578451e-15)
    (1.1479276605e+00 2.4016293443e-15)
    (1.1654776904e+00 2.5341113723e-15)
    (1.1867523231e+00 2.6709043683e-15)
    (1.2125891895e+00 2.8114177876e-15)
    (1.2443761699e+00 2.9530358698e-15)
    (1.2823184390e+00 3.0982899604e-15)
    (1.3278130703e+00 3.2440998262e-15)
    (1.3819109720e+00 3.3889151340e-15)
    (1.4462628824e+00 3.5297110872e-15)
    (1.5205346482e+00 3.6671737445e-15)
    (1.6060431212e+00 3.7978205413e-15)
    (1.7033101278e+00 3.9195502336e-15)
    (1.8133236744e+00 4.0213808977e-15)
    (1.9345349977e+00 4.1197626036e-15)
    (2.0673826653e+00 4.2037722260e-15)
    (2.2112586444e+00 4.2721603498e-15)
    (2.3675391486e+00 4.3209776851e-15)
    (2.5306547436e+00 4.3562050597e-15)
    (2.7016797611e+00 4.3745960843e-15)
    (2.8793718350e+00 4.3765894120e-15)
    (3.0627158465e+00 4.3583793212e-15)
    (3.2500925522e+00 4.3308098914e-15)
    (3.4406844079e+00 4.2899167384e-15)
    (3.6335931443e+00 4.2371109741e-15)
    (3.8293914994e+00 4.1719107136e-15)
    (4.0246201322e+00 4.0999097905e-15)
    (4.2205744262e+00 4.0203518488e-15)
    (4.4170654205e+00 3.9345623805e-15)
    (4.6140592698e+00 3.8437591268e-15)
    (4.8118293106e+00 3.7480554025e-15)
    (5.0101425298e+00 3.6505535092e-15)
    (5.2096264803e+00 3.5509247383e-15)
    (5.4106830855e+00 3.4498991620e-15)
    (5.6137791567e+00 3.3480976694e-15)
    (5.8194315888e+00 3.2460429999e-15)
    (6.0281942774e+00 3.1441715649e-15)
    (6.2397182407e+00 3.0410099169e-15)
    (6.4559105451e+00 2.9398862179e-15)
    (6.6776519205e+00 2.8408047720e-15)
    (6.9049922865e+00 2.7429565117e-15)
    (7.1385780794e+00 2.6465105080e-15)
    (7.3786430488e+00 2.5508886418e-15)
    (7.6265303642e+00 2.4577678795e-15)
    (7.8826257025e+00 2.3663825065e-15)
    (8.1497191059e+00 2.2735143418e-15)
    (8.4240092405e+00 2.1860866600e-15)
    (8.7085308876e+00 2.1005910045e-15)
    (9.0040228143e+00 2.0170728798e-15)
    (9.3087340154e+00 1.9362173778e-15)
    (9.6283995994e+00 1.8567666115e-15)
    (9.9612246963e+00 1.7793923096e-15)
    (1.0308125495e+01 1.7041104043e-15)
    (1.0668465983e+01 1.6312800125e-15)
    (1.1045828452e+01 1.5601959265e-15)
    (1.1439820622e+01 1.4912524600e-15)
    (1.1851696174e+01 1.4244362258e-15)
    (1.2280620034e+01 1.3584272874e-15)
    (1.2730516764e+01 1.2960368536e-15)
    (1.3201609335e+01 1.2357291039e-15)
    (1.3695082127e+01 1.1774899808e-15)
    (1.4209909604e+01 1.1222999992e-15)
    (1.4748613160e+01 1.0666517784e-15)
    (1.5316430848e+01 1.0145803743e-15)
    (1.5912205402e+01 9.6446174836e-16)
    (1.6537243804e+01 9.1665264475e-16)
    (1.7194717344e+01 8.7025534073e-16)
    (1.7885901787e+01 8.2570967491e-16)
    (1.8613989945e+01 7.8257438554e-16)
    (1.9379845460e+01 7.4164100334e-16)
    (2.0186705972e+01 7.0241660054e-16)
    (2.1034800734e+01 6.6394892621e-16)
    (2.1932990500e+01 6.2812783220e-16)
    (2.2881431137e+01 5.9386087428e-16)
    (2.3881383122e+01 5.6185721469e-16)
    (2.4941600051e+01 5.3044415136e-16)
    (2.6064042589e+01 5.0046431246e-16)
    (2.7252346416e+01 4.7203242037e-16)
    (2.8390136249e+01 4.4570413496e-16)
    (2.9849584724e+01 4.1875688604e-16)
);
