// k[EI_N2_EXC_N2_ROT] [m^3/s] vs mean energy [eV]; air_plasma [23a06d772827b718], T_gas = 300.000000 K
(
    (0 3.6440253747e-17)
    (8.3422134201e-02 3.6440253747e-17)
    (8.8462680050e-02 3.7964771008e-17)
    (9.3491060499e-02 3.9455102362e-17)
    (9.6777619891e-02 4.0540765434e-17)
    (1.0175997315e-01 4.1964895750e-17)
    (1.0646293907e-01 4.3284177400e-17)
    (1.1133785898e-01 4.4581848090e-17)
    (1.1494524000e-01 4.5598882572e-17)
    (1.1873395973e-01 4.6603718936e-17)
    (1.2224734874e-01 4.7518002825e-17)
    (1.2551219849e-01 4.8351398633e-17)
    (1.2824328374e-01 4.8991804761e-17)
    (1.3141043808e-01 4.9813667546e-17)
    (1.3383153708e-01 5.0354055891e-17)
    (1.3676045299e-01 5.1060485106e-17)
    (1.3906586166e-01 5.1608011687e-17)
    (1.4141448729e-01 5.2138489342e-17)
    (1.4369352067e-01 5.2642359863e-17)
    (1.4592237950e-01 5.3124752722e-17)
    (1.4811895507e-01 5.3590264808e-17)
    (1.5029968859e-01 5.4043009111e-17)
    (1.5247964864e-01 5.4486658561e-17)
    (1.5467260739e-01 5.4924484986e-17)
    (1.5689111725e-01 5.5359394005e-17)
    (1.5914658981e-01 5.5793956739e-17)
    (1.6144937818e-01 5.6230439046e-17)
    (1.6380886523e-01 5.6670829203e-17)
    (1.6623355953e-01 5.7116864772e-17)
    (1.6873119978e-01 5.7570059106e-17)
    (1.7130886915e-01 5.8031728073e-17)
    (1.7397311959e-01 5.8503017203e-17)
    (1.7673010631e-01 5.8984929520e-17)
    (1.7958573144e-01 5.9478354008e-17)
    (1.8254579637e-01 5.9984094747e-17)
    (1.8561616139e-01 6.0502900622e-17)
    (1.8880291207e-01 6.1035495562e-17)
    (1.9211253088e-01 6.1582609249e-17)
    (1.9555207395e-01 6.2145008374e-17)
    (1.9912935206e-01 6.2723528562e-17)
    (2.0285311488e-01 6.3319107062e-17)
    (2.0673323717e-01 6.3932816347e-17)
    (2.1077955069e-01 6.4564015693e-17)
    (2.1499326283e-01 6.5214405599e-17)
    (2.1942255698e-01 6.5893024873e-17)
    (2.2406764334e-01 6.6597566640e-17)
    (2.2896000916e-01 6.7329744699e-17)
    (2.3410210934e-01 6.8096263431e-17)
    (2.3953467239e-01 6.8900692264e-17)
    (2.4529093645e-01 6.9749058178e-17)
    (2.5140825018e-01 7.0645209953e-17)
    (2.5793258691e-01 7.1605608260e-17)
    (2.6491215469e-01 7.2637453145e-17)
    (2.7240227530e-01 7.3753902248e-17)
    (2.8046375297e-01 7.4970488633e-17)
    (2.8916213748e-01 7.6305272114e-17)
    (2.9856646161e-01 7.7778895532e-17)
    (3.0874738545e-01 7.9414512719e-17)
    (3.1977472197e-01 8.1237557512e-17)
    (3.3168362229e-01 8.3267386263e-17)
    (3.4459290637e-01 8.5548525263e-17)
    (3.5851916481e-01 8.8102158691e-17)
    (3.7349390343e-01 9.0957113361e-17)
    (3.8952971105e-01 9.4140913690e-17)
    (4.0661729963e-01 9.7678821125e-17)
    (4.2472352370e-01 1.0159296390e-16)
    (4.4379064350e-01 1.0590164563e-16)
    (4.6373698345e-01 1.1061890852e-16)
    (4.8445899582e-01 1.1575440197e-16)
    (5.0583459041e-01 1.2131357467e-16)
    (5.2772746033e-01 1.2729817220e-16)
    (5.4999204197e-01 1.3370698997e-16)
    (5.7247870695e-01 1.4053680752e-16)
    (5.9503879746e-01 1.4778341846e-16)
    (6.1752917515e-01 1.5544267092e-16)
    (6.3981604274e-01 1.6351144523e-16)
    (6.6177789913e-01 1.7198851455e-16)
    (6.8330758583e-01 1.8087525634e-16)
    (7.0431346420e-01 1.9017620414e-16)
    (7.2467697436e-01 1.9982133644e-16)
    (7.4441509710e-01 2.0994444743e-16)
    (7.6344531747e-01 2.2050356456e-16)
    (7.8173515144e-01 2.3151389029e-16)
    (7.9926434244e-01 2.4299359880e-16)
    (8.1602339392e-01 2.5496372811e-16)
    (8.3201207605e-01 2.6744809051e-16)
    (8.4723797325e-01 2.8047322305e-16)
    (8.6171511997e-01 2.9406839438e-16)
    (8.7546275606e-01 3.0826567923e-16)
    (8.8850422020e-01 3.2310010786e-16)
    (9.0086598971e-01 3.3860989398e-16)
    (9.1257686765e-01 3.5483674206e-16)
    (9.2366731217e-01 3.7182623224e-16)
    (9.3416889937e-01 3.8962827843e-16)
    (9.4411390757e-01 4.0829765280e-16)
    (9.5353500920e-01 4.2789456715e-16)
    (9.6246505520e-01 4.4848529857e-16)
    (9.7091857930e-01 4.7008373809e-16)
    (9.7895628770e-01 4.9285831882e-16)
    (9.8659875486e-01 5.1685587244e-16)
    (9.9387769322e-01 5.4216909353e-16)
    (1.0008245462e+00 5.6889890018e-16)
    (1.0074705061e+00 5.9715486650e-16)
    (1.0138465437e+00 6.2705561027e-16)
    (1.0199834445e+00 6.5872913364e-16)
    (1.0259118506e+00 6.9231311694e-16)
    (1.0316623064e+00 7.2795516634e-16)
    (1.0372368134e+00 7.6565803617e-16)
    (1.0427253204e+00 8.0588948135e-16)
    (1.0479294135e+00 8.4787386946e-16)
    (1.0533131407e+00 8.9342659658e-16)
    (1.0587015549e+00 9.4192889546e-16)
    (1.0641455878e+00 9.9359020384e-16)
    (1.0697076953e+00 1.0486297793e-15)
    (1.0750720293e+00 1.1055824263e-15)
    (1.0809973277e+00 1.1674153625e-15)
    (1.0874475840e+00 1.2340239232e-15)
    (1.0944735414e+00 1.3049453736e-15)
    (1.1021354195e+00 1.3794833285e-15)
    (1.1110462081e+00 1.4597067933e-15)
    (1.1213652590e+00 1.5448406778e-15)
    (1.1333688578e+00 1.6321001584e-15)
    (1.1479276605e+00 1.7274306796e-15)
    (1.1654776904e+00 1.8277854351e-15)
    (1.1867523231e+00 1.9329890376e-15)
    (1.2125891895e+00 2.0427134273e-15)
    (1.2443761699e+00 2.1561711955e-15)
    (1.2823184390e+00 2.2731814019e-15)
    (1.3278130703e+00 2.3925472921e-15)
    (1.3819109720e+00 2.5131054836e-15)
    (1.4462628824e+00 2.6323816798e-15)
    (1.5205346482e+00 2.7510816339e-15)
    (1.6060431212e+00 2.8662920824e-15)
    (1.7033101278e+00 2.9762133260e-15)
    (1.8133236744e+00 3.0739393119e-15)
    (1.9345349977e+00 3.1681294293e-15)
    (2.0673826653e+00 3.2519884745e-15)
    (2.2112586444e+00 3.3242133129e-15)
    (2.3675391486e+00 3.3820905869e-15)
    (2.5306547436e+00 3.4284643343e-15)
    (2.7016797611e+00 3.4612731223e-15)
    (2.8793718350e+00 3.4805788132e-15)
    (3.0627158465e+00 3.4836251122e-15)
    (3.2500925522e+00 3.4777235966e-15)
    (3.4406844079e+00 3.4601501931e-15)
    (3.6335931443e+00 3.4319098649e-15)
    (3.8293914994e+00 3.3933930884e-15)
    (4.0246201322e+00 3.3472096478e-15)
    (4.2205744262e+00 3.2937231377e-15)
    (4.4170654205e+00 3.2340118879e-15)
    (4.6140592698e+00 3.1690894876e-15)
    (4.8118293106e+00 3.0986826143e-15)
    (5.0101425298e+00 3.0262042952e-15)
    (5.2096264803e+00 2.9510213291e-15)
    (5.4106830855e+00 2.8737944409e-15)
    (5.6137791567e+00 2.7950982015e-15)
    (5.8194315888e+00 2.7154277945e-15)
    (6.0281942774e+00 2.6352069706e-15)
    (6.2397182407e+00 2.5538328470e-15)
    (6.4559105451e+00 2.4734600856e-15)
    (6.6776519205e+00 2.3936741577e-15)
    (6.9049922865e+00 2.3144504487e-15)
    (7.1385780794e+00 2.2359759270e-15)
    (7.3786430488e+00 2.1578406149e-15)
    (7.6265303642e+00 2.0814284089e-15)
    (7.8826257025e+00 2.0061608161e-15)
    (8.1497191059e+00 1.9295860059e-15)
    (8.4240092405e+00 1.8570805024e-15)
    (8.7085308876e+00 1.7859792655e-15)
    (9.0040228143e+00 1.7163447791e-15)
    (9.3087340154e+00 1.6489749919e-15)
    (9.6283995994e+00 1.5824051616e-15)
    (9.9612246963e+00 1.5174492857e-15)
    (1.0308125495e+01 1.4541367308e-15)
    (1.0668465983e+01 1.3924455630e-15)
    (1.1045828452e+01 1.3325113830e-15)
    (1.1439820622e+01 1.2742967460e-15)
    (1.1851696174e+01 1.2178014523e-15)
    (1.2280620034e+01 1.1621245541e-15)
    (1.2730516764e+01 1.1092177460e-15)
    (1.3201609335e+01 1.0580229606e-15)
    (1.3695082127e+01 1.0085355170e-15)
    (1.4209909604e+01 9.6165269480e-16)
    (1.4748613160e+01 9.1437231748e-16)
    (1.5316430848e+01 8.6999148476e-16)
    (1.5912205402e+01 8.2724502155e-16)
    (1.6537243804e+01 7.8624690160e-16)
    (1.7194717344e+01 7.4665065144e-16)
    (1.7885901787e+01 7.0861029980e-16)
    (1.8613989945e+01 6.7204528030e-16)
    (1.9379845460e+01 6.3700802884e-16)
    (2.0186705972e+01 6.0341983500e-16)
    (2.1034800734e+01 5.7041001689e-16)
    (2.1932990500e+01 5.3972110295e-16)
    (2.2881431137e+01 5.1035271960e-16)
    (2.3881383122e+01 4.8279970878e-16)
    (2.4941600051e+01 4.5587731182e-16)
    (2.6064042589e+01 4.3017385554e-16)
    (2.7252346416e+01 4.0586268805e-16)
    (2.8390136249e+01 3.8322507032e-16)
    (2.9849584724e+01 3.6012736797e-16)
);
