// k[EI_O2_EXC_O2_V2] [m^3/s] vs reducedE [V m^2]; air_plasma [23a06d772827b718], T_gas = 300.000000 K
(
    (0 0.0000000000e+00)
    (1.0000000000e-22 0.0000000000e+00)
    (1.0510254106e-22 0.0000000000e+00)
    (1.1046544136e-22 0.0000000000e+00)
    (1.1610198586e-22 1.1333084197e-21)
    (1.2202613736e-22 1.0456582667e-21)
    (1.2825257111e-22 9.7772245213e-22)
    (1.3479671121e-22 5.9839747814e-21)
    (1.4167476874e-22 9.0367327639e-22)
    (1.4890378198e-22 8.9840591802e-22)
    (1.5650165859e-22 9.1539835438e-22)
    (1.6448721998e-22 9.5640766231e-22)
    (1.7288024791e-22 6.9937770908e-22)
    (1.8170153353e-22 1.1239669819e-21)
    (1.9097292888e-22 1.7506191180e-21)
    (2.0071740098e-22 4.3219288188e-21)
    (2.1095908877e-22 3.0296953328e-21)
    (2.2172336289e-22 3.2847534369e-21)
    (2.3303688851e-22 3.6398162750e-21)
    (2.4492769142e-22 4.1272466810e-21)
    (2.5742522744e-22 4.7927251392e-21)
    (2.7056045535e-22 5.6995400191e-21)
    (2.8436591367e-22 6.9342470898e-21)
    (2.9887580116e-22 8.6138818122e-21)
    (3.1412606162e-22 1.0895148053e-20)
    (3.3015447288e-22 1.3986027173e-20)
    (3.4700074041e-22 1.8160228468e-20)
    (3.6470659565e-22 2.3775100151e-20)
    (3.8331589943e-22 3.1293694727e-20)
    (4.0287475057e-22 4.1311661825e-20)
    (4.2343160012e-22 5.4589893543e-20)
    (4.4503737136e-22 7.2093806963e-20)
    (4.6774558595e-22 9.5040332732e-20)
    (4.9161249651e-22 1.2495360962e-19)
    (5.1669722598e-22 1.6373053583e-19)
    (5.4306191407e-22 2.1371717161e-19)
    (5.7077187120e-22 2.7779693507e-19)
    (5.9989574026e-22 3.5949108889e-19)
    (6.3050566670e-22 4.6307167238e-19)
    (6.6267747720e-22 5.9368623144e-19)
    (6.9649086754e-22 7.5749267808e-19)
    (7.3202960001e-22 9.6180126712e-19)
    (7.6938171089e-22 1.2201698943e-18)
    (8.0863972857e-22 1.5328115557e-18)
    (8.4990090271e-22 1.9188433617e-18)
    (8.9326744521e-22 2.3904745980e-18)
    (9.3884678334e-22 2.9682160000e-18)
    (9.8675182591e-22 3.6607273986e-18)
    (1.0371012429e-21 4.4921638439e-18)
    (1.0900197597e-21 5.4842657137e-18)
    (1.1456384654e-21 6.6632146437e-18)
    (1.2040951385e-21 8.0486731500e-18)
    (1.2655345872e-21 9.6688644335e-18)
    (1.3301090091e-21 1.1549640605e-17)
    (1.3979783674e-21 1.3716054598e-17)
    (1.4693107876e-21 1.6191217620e-17)
    (1.5442829737e-21 1.8994969194e-17)
    (1.6230806465e-21 2.2142406582e-17)
    (1.7058990029e-21 2.5642349241e-17)
    (1.7929431998e-21 2.9499652214e-17)
    (1.8844288627e-21 3.3698589368e-17)
    (1.9805826191e-21 3.8224883802e-17)
    (2.0816426604e-21 4.3049741930e-17)
    (2.1878593318e-21 4.8133749738e-17)
    (2.2994957524e-21 5.3427568103e-17)
    (2.4168284673e-21 5.8873310019e-17)
    (2.5401481321e-21 6.4406545529e-17)
    (2.6697602334e-21 6.9958806293e-17)
    (2.8059858454e-21 7.5460399951e-17)
    (2.9491624252e-21 8.0843305992e-17)
    (3.0996446487e-21 8.6043916931e-17)
    (3.2578052895e-21 9.1005412095e-17)
    (3.4240361419e-21 9.5679601320e-17)
    (3.5987489918e-21 1.0002814222e-16)
    (3.7823766366e-21 1.0402310569e-16)
    (3.9753739574e-21 1.0764692889e-16)
    (4.1782190457e-21 1.1089184437e-16)
    (4.3914143879e-21 1.1375890531e-16)
    (4.6154881100e-21 1.1625673845e-16)
    (4.8509952857e-21 1.1840284973e-16)
    (5.0985193118e-21 1.2021229069e-16)
    (5.3586733529e-21 1.2171033953e-16)
    (5.6321018608e-21 1.2292226567e-16)
    (5.9194821706e-21 1.2387444272e-16)
    (6.2215261786e-21 1.2459344732e-16)
    (6.5389821062e-21 1.2510533980e-16)
    (6.8726363528e-21 1.2543511737e-16)
    (7.2233154443e-21 1.2560632265e-16)
    (7.5918880804e-21 1.2564078598e-16)
    (7.9792672866e-21 1.2555847852e-16)
    (8.3864126759e-21 1.2537745342e-16)
    (8.8143328258e-21 1.2511385406e-16)
    (9.2640877770e-21 1.2478197103e-16)
    (9.7367916593e-21 1.2439433217e-16)
    (1.0233615451e-20 1.2396181315e-16)
    (1.0755789881e-20 1.2349375860e-16)
    (1.1304608476e-20 1.2299810670e-16)
    (1.1881430764e-20 1.2248397065e-16)
    (1.2487685647e-20 1.2195218515e-16)
    (1.3124874934e-20 1.2140959247e-16)
    (1.3794577066e-20 1.2085975317e-16)
    (1.4498451025e-20 1.2030539505e-16)
    (1.5238240441e-20 1.1974850381e-16)
    (1.6015777915e-20 1.1919040634e-16)
    (1.6832989559e-20 1.1863184715e-16)
    (1.7691899762e-20 1.1807305844e-16)
    (1.8594636211e-20 1.1751382435e-16)
    (1.9543435158e-20 1.1695243342e-16)
    (2.0540646960e-20 1.1638994179e-16)
    (2.1588741905e-20 1.1582634194e-16)
    (2.2690316324e-20 1.1525317195e-16)
    (2.3848099030e-20 1.1467258445e-16)
    (2.5064958074e-20 1.1408206194e-16)
    (2.6343907850e-20 1.1347859234e-16)
    (2.7688116564e-20 1.1285133027e-16)
    (2.9100914079e-20 1.1223117481e-16)
    (3.0585800168e-20 1.1156361540e-16)
    (3.2146453179e-20 1.1086561892e-16)
    (3.3786739150e-20 1.1009737684e-16)
    (3.5510721387e-20 1.0931735742e-16)
    (3.7322670525e-20 1.0848135753e-16)
    (3.9227075111e-20 1.0758195987e-16)
    (4.1228652724e-20 1.0659440465e-16)
    (4.3332361656e-20 1.0551111575e-16)
    (4.5543413200e-20 1.0431554291e-16)
    (4.7867284557e-20 1.0298998904e-16)
    (5.0309732403e-20 1.0148898014e-16)
    (5.2876807154e-20 9.9845783983e-17)
    (5.5574867948e-20 9.8019642820e-17)
    (5.8410598402e-20 9.5996177021e-17)
    (6.1391023167e-20 9.3704188092e-17)
    (6.4523525328e-20 9.1259212066e-17)
    (6.7815864699e-20 8.8600855807e-17)
    (7.1276197038e-20 8.5735980506e-17)
    (7.4913094254e-20 8.2660774632e-17)
    (7.8735565645e-20 7.9433705231e-17)
    (8.2753080208e-20 7.6063096657e-17)
    (8.6975590100e-20 7.2581447718e-17)
    (9.1413555293e-20 6.8947251724e-17)
    (9.6077969483e-20 6.5357348346e-17)
    (1.0098038732e-19 6.1769009546e-17)
    (1.0613295304e-19 5.8218312672e-17)
    (1.1154843055e-19 5.4718430096e-17)
    (1.1724023501e-19 5.1337904415e-17)
    (1.2322246614e-19 4.8080364051e-17)
    (1.2950994306e-19 4.4964262593e-17)
    (1.3611824108e-19 4.1939292935e-17)
    (1.4306373021e-19 3.9151398454e-17)
    (1.5036361578e-19 3.6529600726e-17)
    (1.5803598101e-19 3.4074474767e-17)
    (1.6609983183e-19 3.1783595289e-17)
    (1.7457514394e-19 2.9628776212e-17)
    (1.8348291233e-19 2.7653678242e-17)
    (1.9284520326e-19 2.5823232161e-17)
    (2.0268520893e-19 2.4128929985e-17)
    (2.1302730493e-19 2.2561850570e-17)
    (2.2389711063e-19 2.1112955561e-17)
    (2.3532155262e-19 1.9773317867e-17)
    (2.4732893146e-19 1.8536650010e-17)
    (2.5994899173e-19 1.7379416186e-17)
    (2.7321299575e-19 1.6318476383e-17)
    (2.8715380103e-19 1.5334635968e-17)
    (3.0180594162e-19 1.4421218483e-17)
    (3.1720571370e-19 1.3561147384e-17)
    (3.3339126548e-19 1.2771875006e-17)
    (3.5040269168e-19 1.2036113081e-17)
    (3.6828213288e-19 1.1317751955e-17)
    (3.8707387991e-19 1.0679283694e-17)
    (4.0682448355e-19 1.0081364909e-17)
    (4.2758286985e-19 9.5206653002e-18)
    (4.4940046133e-19 9.0012691347e-18)
    (4.7233130437e-19 8.5057425915e-18)
    (4.9643220310e-19 8.0394403242e-18)
    (5.2176286008e-19 7.6001514732e-18)
    (5.4838602423e-19 7.1873306841e-18)
    (5.7636764626e-19 6.7963618116e-18)
    (6.0577704204e-19 6.4271050863e-18)
    (6.3668706432e-19 6.0780512780e-18)
    (6.6917428317e-19 5.7492344951e-18)
    (7.0331917570e-19 5.4367088366e-18)
    (7.3920632540e-19 5.1408143936e-18)
    (7.7692463164e-19 4.8605584562e-18)
    (8.1656752994e-19 4.5852917807e-18)
    (8.5823322341e-19 4.3479474359e-18)
    (9.0202492599e-19 4.1089171611e-18)
    (9.4805111817e-19 3.8823034119e-18)
    (9.9642581570e-19 3.6571433128e-18)
    (1.0472688520e-18 3.4546811892e-18)
    (1.1007061752e-18 3.2625389169e-18)
    (1.1568701597e-18 3.0729913726e-18)
    (1.2158999345e-18 2.9008661607e-18)
    (1.2779417279e-18 2.7374185350e-18)
    (1.3431492292e-18 2.5910511886e-18)
    (1.4116839701e-18 2.4423759457e-18)
    (1.4837157242e-18 2.3013559319e-18)
    (1.5594229282e-18 2.1678578698e-18)
    (1.6389931234e-18 2.0409589789e-18)
    (1.7226234204e-18 1.9206283842e-18)
    (1.8105209877e-18 1.8018662350e-18)
    (1.9029035644e-18 1.7052246256e-18)
    (2.0000000000e-18 1.5925763709e-18)
);
