// k[EI_N2_EXC_N2_ROT] [m^3/s] vs reducedE [V m^2]; air_plasma [23a06d772827b718], T_gas = 300.000000 K
(
    (0 3.6440253747e-17)
    (1.0000000000e-22 3.6440253747e-17)
    (1.0510254106e-22 3.7964771008e-17)
    (1.1046544136e-22 3.9455102362e-17)
    (1.1610198586e-22 4.0540765434e-17)
    (1.2202613736e-22 4.1964895750e-17)
    (1.2825257111e-22 4.3284177400e-17)
    (1.3479671121e-22 4.4581848090e-17)
    (1.4167476874e-22 4.5598882572e-17)
    (1.4890378198e-22 4.6603718936e-17)
    (1.5650165859e-22 4.7518002825e-17)
    (1.6448721998e-22 4.8351398633e-17)
    (1.7288024791e-22 4.8991804761e-17)
    (1.8170153353e-22 4.9813667546e-17)
    (1.9097292888e-22 5.0354055891e-17)
    (2.0071740098e-22 5.1060485106e-17)
    (2.1095908877e-22 5.1608011687e-17)
    (2.2172336289e-22 5.2138489342e-17)
    (2.3303688851e-22 5.2642359863e-17)
    (2.4492769142e-22 5.3124752722e-17)
    (2.5742522744e-22 5.3590264808e-17)
    (2.7056045535e-22 5.4043009111e-17)
    (2.8436591367e-22 5.4486658561e-17)
    (2.9887580116e-22 5.4924484986e-17)
    (3.1412606162e-22 5.5359394005e-17)
    (3.3015447288e-22 5.5793956739e-17)
    (3.4700074041e-22 5.6230439046e-17)
    (3.6470659565e-22 5.6670829203e-17)
    (3.8331589943e-22 5.7116864772e-17)
    (4.0287475057e-22 5.7570059106e-17)
    (4.2343160012e-22 5.8031728073e-17)
    (4.4503737136e-22 5.8503017203e-17)
    (4.6774558595e-22 5.8984929520e-17)
    (4.9161249651e-22 5.9478354008e-17)
    (5.1669722598e-22 5.9984094747e-17)
    (5.4306191407e-22 6.0502900622e-17)
    (5.7077187120e-22 6.1035495562e-17)
    (5.9989574026e-22 6.1582609249e-17)
    (6.3050566670e-22 6.2145008374e-17)
    (6.6267747720e-22 6.2723528562e-17)
    (6.9649086754e-22 6.3319107062e-17)
    (7.3202960001e-22 6.3932816347e-17)
    (7.6938171089e-22 6.4564015693e-17)
    (8.0863972857e-22 6.5214405599e-17)
    (8.4990090271e-22 6.5893024873e-17)
    (8.9326744521e-22 6.6597566640e-17)
    (9.3884678334e-22 6.7329744699e-17)
    (9.8675182591e-22 6.8096263431e-17)
    (1.0371012429e-21 6.8900692264e-17)
    (1.0900197597e-21 6.9749058178e-17)
    (1.1456384654e-21 7.0645209953e-17)
    (1.2040951385e-21 7.1605608260e-17)
    (1.2655345872e-21 7.2637453145e-17)
    (1.3301090091e-21 7.3753902248e-17)
    (1.3979783674e-21 7.4970488633e-17)
    (1.4693107876e-21 7.6305272114e-17)
    (1.5442829737e-21 7.7778895532e-17)
    (1.6230806465e-21 7.9414512719e-17)
    (1.7058990029e-21 8.1237557512e-17)
    (1.7929431998e-21 8.3267386263e-17)
    (1.8844288627e-21 8.5548525263e-17)
    (1.9805826191e-21 8.8102158691e-17)
    (2.0816426604e-21 9.0957113361e-17)
    (2.1878593318e-21 9.4140913690e-17)
    (2.2994957524e-21 9.7678821125e-17)
    (2.4168284673e-21 1.0159296390e-16)
    (2.5401481321e-21 1.0590164563e-16)
    (2.6697602334e-21 1.1061890852e-16)
    (2.8059858454e-21 1.1575440197e-16)
    (2.9491624252e-21 1.2131357467e-16)
    (3.0996446487e-21 1.2729817220e-16)
    (3.2578052895e-21 1.3370698997e-16)
    (3.4240361419e-21 1.4053680752e-16)
    (3.5987489918e-21 1.4778341846e-16)
    (3.7823766366e-21 1.5544267092e-16)
    (3.9753739574e-21 1.6351144523e-16)
    (4.1782190457e-21 1.7198851455e-16)
    (4.3914143879e-21 1.8087525634e-16)
    (4.6154881100e-21 1.9017620414e-16)
    (4.8509952857e-21 1.9982133644e-16)
    (5.0985193118e-21 2.0994444743e-16)
    (5.3586733529e-21 2.2050356456e-16)
    (5.6321018608e-21 2.3151389029e-16)
    (5.9194821706e-21 2.4299359880e-16)
    (6.2215261786e-21 2.5496372811e-16)
    (6.5389821062e-21 2.6744809051e-16)
    (6.8726363528e-21 2.8047322305e-16)
    (7.2233154443e-21 2.9406839438e-16)
    (7.5918880804e-21 3.0826567923e-16)
    (7.9792672866e-21 3.2310010786e-16)
    (8.3864126759e-21 3.3860989398e-16)
    (8.8143328258e-21 3.5483674206e-16)
    (9.2640877770e-21 3.7182623224e-16)
    (9.7367916593e-21 3.8962827843e-16)
    (1.0233615451e-20 4.0829765280e-16)
    (1.0755789881e-20 4.2789456715e-16)
    (1.1304608476e-20 4.4848529857e-16)
    (1.1881430764e-20 4.7008373809e-16)
    (1.2487685647e-20 4.9285831882e-16)
    (1.3124874934e-20 5.1685587244e-16)
    (1.3794577066e-20 5.4216909353e-16)
    (1.4498451025e-20 5.6889890018e-16)
    (1.5238240441e-20 5.9715486650e-16)
    (1.6015777915e-20 6.2705561027e-16)
    (1.6832989559e-20 6.5872913364e-16)
    (1.7691899762e-20 6.9231311694e-16)
    (1.8594636211e-20 7.2795516634e-16)
    (1.9543435158e-20 7.6565803617e-16)
    (2.0540646960e-20 8.0588948135e-16)
    (2.1588741905e-20 8.4787386946e-16)
    (2.2690316324e-20 8.9342659658e-16)
    (2.3848099030e-20 9.4192889546e-16)
    (2.5064958074e-20 9.9359020384e-16)
    (2.6343907850e-20 1.0486297793e-15)
    (2.7688116564e-20 1.1055824263e-15)
    (2.9100914079e-20 1.1674153625e-15)
    (3.0585800168e-20 1.2340239232e-15)
    (3.2146453179e-20 1.3049453736e-15)
    (3.3786739150e-20 1.3794833285e-15)
    (3.5510721387e-20 1.4597067933e-15)
    (3.7322670525e-20 1.5448406778e-15)
    (3.9227075111e-20 1.6321001584e-15)
    (4.1228652724e-20 1.7274306796e-15)
    (4.3332361656e-20 1.8277854351e-15)
    (4.5543413200e-20 1.9329890376e-15)
    (4.7867284557e-20 2.0427134273e-15)
    (5.0309732403e-20 2.1561711955e-15)
    (5.2876807154e-20 2.2731814019e-15)
    (5.5574867948e-20 2.3925472921e-15)
    (5.8410598402e-20 2.5131054836e-15)
    (6.1391023167e-20 2.6323816798e-15)
    (6.4523525328e-20 2.7510816339e-15)
    (6.7815864699e-20 2.8662920824e-15)
    (7.1276197038e-20 2.9762133260e-15)
    (7.4913094254e-20 3.0739393119e-15)
    (7.8735565645e-20 3.1681294293e-15)
    (8.2753080208e-20 3.2519884745e-15)
    (8.6975590100e-20 3.3242133129e-15)
    (9.1413555293e-20 3.3820905869e-15)
    (9.6077969483e-20 3.4284643343e-15)
    (1.0098038732e-19 3.4612731223e-15)
    (1.0613295304e-19 3.4805788132e-15)
    (1.1154843055e-19 3.4836251122e-15)
    (1.1724023501e-19 3.4777235966e-15)
    (1.2322246614e-19 3.4601501931e-15)
    (1.2950994306e-19 3.4319098649e-15)
    (1.3611824108e-19 3.3933930884e-15)
    (1.4306373021e-19 3.3472096478e-15)
    (1.5036361578e-19 3.2937231377e-15)
    (1.5803598101e-19 3.2340118879e-15)
    (1.6609983183e-19 3.1690894876e-15)
    (1.7457514394e-19 3.0986826143e-15)
    (1.8348291233e-19 3.0262042952e-15)
    (1.9284520326e-19 2.9510213291e-15)
    (2.0268520893e-19 2.8737944409e-15)
    (2.1302730493e-19 2.7950982015e-15)
    (2.2389711063e-19 2.7154277945e-15)
    (2.3532155262e-19 2.6352069706e-15)
    (2.4732893146e-19 2.5538328470e-15)
    (2.5994899173e-19 2.4734600856e-15)
    (2.7321299575e-19 2.3936741577e-15)
    (2.8715380103e-19 2.3144504487e-15)
    (3.0180594162e-19 2.2359759270e-15)
    (3.1720571370e-19 2.1578406149e-15)
    (3.3339126548e-19 2.0814284089e-15)
    (3.5040269168e-19 2.0061608161e-15)
    (3.6828213288e-19 1.9295860059e-15)
    (3.8707387991e-19 1.8570805024e-15)
    (4.0682448355e-19 1.7859792655e-15)
    (4.2758286985e-19 1.7163447791e-15)
    (4.4940046133e-19 1.6489749919e-15)
    (4.7233130437e-19 1.5824051616e-15)
    (4.9643220310e-19 1.5174492857e-15)
    (5.2176286008e-19 1.4541367308e-15)
    (5.4838602423e-19 1.3924455630e-15)
    (5.7636764626e-19 1.3325113830e-15)
    (6.0577704204e-19 1.2742967460e-15)
    (6.3668706432e-19 1.2178014523e-15)
    (6.6917428317e-19 1.1621245541e-15)
    (7.0331917570e-19 1.1092177460e-15)
    (7.3920632540e-19 1.0580229606e-15)
    (7.7692463164e-19 1.0085355170e-15)
    (8.1656752994e-19 9.6165269480e-16)
    (8.5823322341e-19 9.1437231748e-16)
    (9.0202492599e-19 8.6999148476e-16)
    (9.4805111817e-19 8.2724502155e-16)
    (9.9642581570e-19 7.8624690160e-16)
    (1.0472688520e-18 7.4665065144e-16)
    (1.1007061752e-18 7.0861029980e-16)
    (1.1568701597e-18 6.7204528030e-16)
    (1.2158999345e-18 6.3700802884e-16)
    (1.2779417279e-18 6.0341983500e-16)
    (1.3431492292e-18 5.7041001689e-16)
    (1.4116839701e-18 5.3972110295e-16)
    (1.4837157242e-18 5.1035271960e-16)
    (1.5594229282e-18 4.8279970878e-16)
    (1.6389931234e-18 4.5587731182e-16)
    (1.7226234204e-18 4.3017385554e-16)
    (1.8105209877e-18 4.0586268805e-16)
    (1.9029035644e-18 3.8322507032e-16)
    (2.0000000000e-18 3.6012736797e-16)
);
