// k[EI_O2_EXC_O2_V1] [m^3/s] vs reducedE [V m^2]; air_plasma [23a06d772827b718], T_gas = 300.000000 K
(
    (0 5.3315362316e-19)
    (1.0000000000e-22 5.3315362316e-19)
    (1.0510254106e-22 6.6444797710e-19)
    (1.1046544136e-22 8.2084211168e-19)
    (1.1610198586e-22 9.5687527313e-19)
    (1.2202613736e-22 1.1563215820e-18)
    (1.2825257111e-22 1.3839246165e-18)
    (1.3479671121e-22 1.6866007826e-18)
    (1.4167476874e-22 1.9316289646e-18)
    (1.4890378198e-22 2.2567649374e-18)
    (1.5650165859e-22 2.6201015733e-18)
    (1.6448721998e-22 3.0251017843e-18)
    (1.7288024791e-22 3.4626048212e-18)
    (1.8170153353e-22 3.9756643390e-18)
    (1.9097292888e-22 4.5211964679e-18)
    (2.0071740098e-22 5.1943374512e-18)
    (2.1095908877e-22 5.8176938002e-18)
    (2.2172336289e-22 6.5644508476e-18)
    (2.3303688851e-22 7.3872205307e-18)
    (2.4492769142e-22 8.2926887120e-18)
    (2.5742522744e-22 9.2881067939e-18)
    (2.7056045535e-22 1.0381338428e-17)
    (2.8436591367e-22 1.1580908237e-17)
    (2.9887580116e-22 1.2896051809e-17)
    (3.1412606162e-22 1.4336767200e-17)
    (3.3015447288e-22 1.5913867899e-17)
    (3.4700074041e-22 1.7639036621e-17)
    (3.6470659565e-22 1.9524879680e-17)
    (3.8331589943e-22 2.1584981259e-17)
    (4.0287475057e-22 2.3833956072e-17)
    (4.2343160012e-22 2.6287499148e-17)
    (4.4503737136e-22 2.8962430394e-17)
    (4.6774558595e-22 3.1876731517e-17)
    (4.9161249651e-22 3.5049571688e-17)
    (5.1669722598e-22 3.8501318293e-17)
    (5.4306191407e-22 4.2253527903e-17)
    (5.7077187120e-22 4.6328912299e-17)
    (5.9989574026e-22 5.0751272910e-17)
    (6.3050566670e-22 5.5545396742e-17)
    (6.6267747720e-22 6.0736905556e-17)
    (6.9649086754e-22 6.6352049157e-17)
    (7.3202960001e-22 7.2417432968e-17)
    (7.6938171089e-22 7.8965664512e-17)
    (8.0863972857e-22 8.6001270591e-17)
    (8.4990090271e-22 9.3575845308e-17)
    (8.9326744521e-22 1.0170236778e-16)
    (9.3884678334e-22 1.1042753564e-16)
    (9.8675182591e-22 1.1971567571e-16)
    (1.0371012429e-21 1.2960735311e-16)
    (1.0900197597e-21 1.4010967393e-16)
    (1.1456384654e-21 1.5127051800e-16)
    (1.2040951385e-21 1.6298286834e-16)
    (1.2655345872e-21 1.7527622814e-16)
    (1.3301090091e-21 1.8811824890e-16)
    (1.3979783674e-21 2.0146243245e-16)
    (1.4693107876e-21 2.1524661667e-16)
    (1.5442829737e-21 2.2939180959e-16)
    (1.6230806465e-21 2.4380155862e-16)
    (1.7058990029e-21 2.5836205270e-16)
    (1.7929431998e-21 2.7296648061e-16)
    (1.8844288627e-21 2.8742437703e-16)
    (1.9805826191e-21 3.0160309636e-16)
    (2.0816426604e-21 3.1534079890e-16)
    (2.1878593318e-21 3.2847441993e-16)
    (2.2994957524e-21 3.4084570983e-16)
    (2.4168284673e-21 3.5230755990e-16)
    (2.5401481321e-21 3.6273013069e-16)
    (2.6697602334e-21 3.7200627729e-16)
    (2.8059858454e-21 3.8005581090e-16)
    (2.9491624252e-21 3.8682824547e-16)
    (3.0996446487e-21 3.9230383566e-16)
    (3.2578052895e-21 3.9649289184e-16)
    (3.4240361419e-21 3.9943352951e-16)
    (3.5987489918e-21 4.0118814854e-16)
    (3.7823766366e-21 4.0183902437e-16)
    (3.9753739574e-21 4.0148342374e-16)
    (4.1782190457e-21 4.0022863596e-16)
    (4.3914143879e-21 3.9818725087e-16)
    (4.6154881100e-21 3.9547293137e-16)
    (4.8509952857e-21 3.9220804620e-16)
    (5.0985193118e-21 3.8847959341e-16)
    (5.3586733529e-21 3.8439511913e-16)
    (5.6321018608e-21 3.8004470681e-16)
    (5.9194821706e-21 3.7550891433e-16)
    (6.2215261786e-21 3.7085848729e-16)
    (6.5389821062e-21 3.6615447327e-16)
    (6.8726363528e-21 3.6144863575e-16)
    (7.2233154443e-21 3.5678407616e-16)
    (7.5918880804e-21 3.5219598551e-16)
    (7.9792672866e-21 3.4771246096e-16)
    (8.3864126759e-21 3.4335533713e-16)
    (8.8143328258e-21 3.3914099408e-16)
    (9.2640877770e-21 3.3508111568e-16)
    (9.7367916593e-21 3.3118338156e-16)
    (1.0233615451e-20 3.2745208325e-16)
    (1.0755789881e-20 3.2388866188e-16)
    (1.1304608476e-20 3.2049216901e-16)
    (1.1881430764e-20 3.1726683359e-16)
    (1.2487685647e-20 3.1419757221e-16)
    (1.3124874934e-20 3.1128317109e-16)
    (1.3794577066e-20 3.0851696200e-16)
    (1.4498451025e-20 3.0589141014e-16)
    (1.5238240441e-20 3.0339828012e-16)
    (1.6015777915e-20 3.0102877508e-16)
    (1.6832989559e-20 2.9877365354e-16)
    (1.7691899762e-20 2.9662332783e-16)
    (1.8594636211e-20 2.9456794702e-16)
    (1.9543435158e-20 2.9259600053e-16)
    (2.0540646960e-20 2.9069998943e-16)
    (2.1588741905e-20 2.8888180028e-16)
    (2.2690316324e-20 2.8709834382e-16)
    (2.3848099030e-20 2.8535611256e-16)
    (2.5064958074e-20 2.8364317344e-16)
    (2.6343907850e-20 2.8194674334e-16)
    (2.7688116564e-20 2.8027450815e-16)
    (2.9100914079e-20 2.7853709611e-16)
    (3.0585800168e-20 2.7680597802e-16)
    (3.2146453179e-20 2.7502875092e-16)
    (3.3786739150e-20 2.7321795562e-16)
    (3.5510721387e-20 2.7127250024e-16)
    (3.7322670525e-20 2.6920732491e-16)
    (3.9227075111e-20 2.6696751114e-16)
    (4.1228652724e-20 2.6455713806e-16)
    (4.3332361656e-20 2.6191779499e-16)
    (4.5543413200e-20 2.5900530984e-16)
    (4.7867284557e-20 2.5577281998e-16)
    (5.0309732403e-20 2.5214986903e-16)
    (5.2876807154e-20 2.4812345026e-16)
    (5.5574867948e-20 2.4363789221e-16)
    (5.8410598402e-20 2.3865549006e-16)
    (6.1391023167e-20 2.3300031029e-16)
    (6.4523525328e-20 2.2695197899e-16)
    (6.7815864699e-20 2.2036325576e-16)
    (7.1276197038e-20 2.1325069442e-16)
    (7.4913094254e-20 2.0561982235e-16)
    (7.8735565645e-20 1.9758266917e-16)
    (8.2753080208e-20 1.8917971642e-16)
    (8.6975590100e-20 1.8049276404e-16)
    (9.1413555293e-20 1.7145925176e-16)
    (9.6077969483e-20 1.6248794609e-16)
    (1.0098038732e-19 1.5351685439e-16)
    (1.0613295304e-19 1.4463718109e-16)
    (1.1154843055e-19 1.3585667161e-16)
    (1.1724023501e-19 1.2740243947e-16)
    (1.2322246614e-19 1.1925544827e-16)
    (1.2950994306e-19 1.1146247908e-16)
    (1.3611824108e-19 1.0391326867e-16)
    (1.4306373021e-19 9.6941350817e-17)
    (1.5036361578e-19 9.0386482607e-17)
    (1.5803598101e-19 8.4250264284e-17)
    (1.6609983183e-19 7.8526709276e-17)
    (1.7457514394e-19 7.3147739022e-17)
    (1.8348291233e-19 6.8217246586e-17)
    (1.9284520326e-19 6.3650381501e-17)
    (2.0268520893e-19 5.9425741950e-17)
    (2.1302730493e-19 5.5520876262e-17)
    (2.2389711063e-19 5.1913030473e-17)
    (2.3532155262e-19 4.8579725419e-17)
    (2.4732893146e-19 4.5506629564e-17)
    (2.5994899173e-19 4.2635088966e-17)
    (2.7321299575e-19 4.0000975873e-17)
    (2.8715380103e-19 3.7560532828e-17)
    (3.0180594162e-19 3.5296914014e-17)
    (3.1720571370e-19 3.3169125021e-17)
    (3.3339126548e-19 3.1216758563e-17)
    (3.5040269168e-19 2.9398566163e-17)
    (3.6828213288e-19 2.7619940601e-17)
    (3.8707387991e-19 2.6046083185e-17)
    (4.0682448355e-19 2.4573588345e-17)
    (4.2758286985e-19 2.3194057910e-17)
    (4.4940046133e-19 2.1926070324e-17)
    (4.7233130437e-19 2.0708007046e-17)
    (4.9643220310e-19 1.9562880126e-17)
    (5.2176286008e-19 1.8485096662e-17)
    (5.4838602423e-19 1.7472861225e-17)
    (5.7636764626e-19 1.6515343091e-17)
    (6.0577704204e-19 1.5611754987e-17)
    (6.3668706432e-19 1.4758287555e-17)
    (6.6917428317e-19 1.3951643304e-17)
    (7.0331917570e-19 1.3189043489e-17)
    (7.3920632540e-19 1.2467493680e-17)
    (7.7692463164e-19 1.1784499258e-17)
    (8.1656752994e-19 1.1113073179e-17)
    (8.5823322341e-19 1.0535474727e-17)
    (9.0202492599e-19 9.9540095950e-18)
    (9.4805111817e-19 9.4030123509e-18)
    (9.9642581570e-19 8.8574578418e-18)
    (1.0472688520e-18 8.3654152004e-18)
    (1.1007061752e-18 7.8986543726e-18)
    (1.1568701597e-18 7.4404318920e-18)
    (1.2158999345e-18 7.0223640342e-18)
    (1.2779417279e-18 6.6255351306e-18)
    (1.3431492292e-18 6.2713346766e-18)
    (1.4116839701e-18 5.9105183382e-18)
    (1.4837157242e-18 5.5684010544e-18)
    (1.5594229282e-18 5.2458146098e-18)
    (1.6389931234e-18 4.9380050819e-18)
    (1.7226234204e-18 4.6462235472e-18)
    (1.8105209877e-18 4.3588497182e-18)
    (1.9029035644e-18 4.1200633089e-18)
    (2.0000000000e-18 3.8516126551e-18)
);
