// k[EI_O2_ATT] [m^6/s] vs mean energy [eV]; air_plasma [23a06d772827b718], T_gas = 300.000000 K
(
    (0 3.2772056958e-42)
    (8.3422134201e-02 3.2772056958e-42)
    (8.8462680050e-02 3.3498694608e-42)
    (9.3491060499e-02 3.4091328175e-42)
    (9.6777619891e-02 3.4614502973e-42)
    (1.0175997315e-01 3.5010193905e-42)
    (1.0646293907e-01 3.5288381080e-42)
    (1.1133785898e-01 3.5419706846e-42)
    (1.1494524000e-01 3.5567130616e-42)
    (1.1873395973e-01 3.5601659991e-42)
    (1.2224734874e-01 3.5584931829e-42)
    (1.2551219849e-01 3.5527711144e-42)
    (1.2824328374e-01 3.5488158292e-42)
    (1.3141043808e-01 3.5323578284e-42)
    (1.3383153708e-01 3.5227069343e-42)
    (1.3676045299e-01 3.4998776662e-42)
    (1.3906586166e-01 3.4862454678e-42)
    (1.4141448729e-01 3.4681311513e-42)
    (1.4369352067e-01 3.4487931759e-42)
    (1.4592237950e-01 3.4282876775e-42)
    (1.4811895507e-01 3.4066382671e-42)
    (1.5029968859e-01 3.3838467770e-42)
    (1.5247964864e-01 3.3599018688e-42)
    (1.5467260739e-01 3.3347858645e-42)
    (1.5689111725e-01 3.3084800786e-42)
    (1.5914658981e-01 3.2809688891e-42)
    (1.6144937818e-01 3.2522427420e-42)
    (1.6380886523e-01 3.2223002397e-42)
    (1.6623355953e-01 3.1911494367e-42)
    (1.6873119978e-01 3.1588084547e-42)
    (1.7130886915e-01 3.1253055024e-42)
    (1.7397311959e-01 3.0906783910e-42)
    (1.7673010631e-01 3.0549736235e-42)
    (1.7958573144e-01 3.0182451491e-42)
    (1.8254579637e-01 2.9805528625e-42)
    (1.8561616139e-01 2.9419609387e-42)
    (1.8880291207e-01 2.9025360844e-42)
    (1.9211253088e-01 2.8623457904e-42)
    (1.9555207395e-01 2.8214566531e-42)
    (1.9912935206e-01 2.7799328288e-42)
    (2.0285311488e-01 2.7378346695e-42)
    (2.0673323717e-01 2.6952175761e-42)
    (2.1077955069e-01 2.6519422673e-42)
    (2.1499326283e-01 2.6083555249e-42)
    (2.1942255698e-01 2.5644544012e-42)
    (2.2406764334e-01 2.5201827230e-42)
    (2.2896000916e-01 2.4751101094e-42)
    (2.3410210934e-01 2.4301754585e-42)
    (2.3953467239e-01 2.3848884979e-42)
    (2.4529093645e-01 2.3392370002e-42)
    (2.5140825018e-01 2.2930383687e-42)
    (2.5793258691e-01 2.2465862327e-42)
    (2.6491215469e-01 2.1996784478e-42)
    (2.7240227530e-01 2.1522690462e-42)
    (2.8046375297e-01 2.1043072663e-42)
    (2.8916213748e-01 2.0557403889e-42)
    (2.9856646161e-01 2.0065173994e-42)
    (3.0874738545e-01 1.9565934588e-42)
    (3.1977472197e-01 1.9059350642e-42)
    (3.3168362229e-01 1.8545027922e-42)
    (3.4459290637e-01 1.8023505159e-42)
    (3.5851916481e-01 1.7494892540e-42)
    (3.7349390343e-01 1.6959860966e-42)
    (3.8952971105e-01 1.6419437839e-42)
    (4.0661729963e-01 1.5875017471e-42)
    (4.2472352370e-01 1.5328348452e-42)
    (4.4379064350e-01 1.4781496754e-42)
    (4.6373698345e-01 1.4236785917e-42)
    (4.8445899582e-01 1.3696718285e-42)
    (5.0583459041e-01 1.3163883424e-42)
    (5.2772746033e-01 1.2640861220e-42)
    (5.4999204197e-01 1.2130127451e-42)
    (5.7247870695e-01 1.1633968945e-42)
    (5.9503879746e-01 1.1154413880e-42)
    (6.1752917515e-01 1.0693180714e-42)
    (6.3981604274e-01 1.0251647079e-42)
    (6.6177789913e-01 9.8308379643e-43)
    (6.8330758583e-01 9.4314309868e-43)
    (7.0431346420e-01 9.0537755538e-43)
    (7.2467697436e-01 8.6979415074e-43)
    (7.4441509710e-01 8.3637872959e-43)
    (7.6344531747e-01 8.0508114210e-43)
    (7.8173515144e-01 7.7584068257e-43)
    (7.9926434244e-01 7.4858246228e-43)
    (8.1602339392e-01 7.2322102431e-43)
    (8.3201207605e-01 6.9966357826e-43)
    (8.4723797325e-01 6.7781280837e-43)
    (8.6171511997e-01 6.5756924299e-43)
    (8.7546275606e-01 6.3883319827e-43)
    (8.8850422020e-01 6.2150632493e-43)
    (9.0086598971e-01 6.0549279643e-43)
    (9.1257686765e-01 5.9070018165e-43)
    (9.2366731217e-01 5.7704004599e-43)
    (9.3416889937e-01 5.6442832378e-43)
    (9.4411390757e-01 5.5278550258e-43)
    (9.5353500920e-01 5.4203665631e-43)
    (9.6246505520e-01 5.3211136105e-43)
    (9.7091857930e-01 5.2292429158e-43)
    (9.7895628770e-01 5.1446393863e-43)
    (9.8659875486e-01 5.0664368587e-43)
    (9.9387769322e-01 4.9941004961e-43)
    (1.0008245462e+00 4.9271303426e-43)
    (1.0074705061e+00 4.8650586453e-43)
    (1.0138465437e+00 4.8074472569e-43)
    (1.0199834445e+00 4.7538851626e-43)
    (1.0259118506e+00 4.7039861491e-43)
    (1.0316623064e+00 4.6573866229e-43)
    (1.0372368134e+00 4.6138624656e-43)
    (1.0427253204e+00 4.5728412553e-43)
    (1.0479294135e+00 4.5335353886e-43)
    (1.0533131407e+00 4.4968780340e-43)
    (1.0587015549e+00 4.4619304255e-43)
    (1.0641455878e+00 4.4284033082e-43)
    (1.0697076953e+00 4.3960048180e-43)
    (1.0750720293e+00 4.3653054874e-43)
    (1.0809973277e+00 4.3334113607e-43)
    (1.0874475840e+00 4.3026257582e-43)
    (1.0944735414e+00 4.2717037082e-43)
    (1.1021354195e+00 4.2407486643e-43)
    (1.1110462081e+00 4.2082164636e-43)
    (1.1213652590e+00 4.1742440672e-43)
    (1.1333688578e+00 4.1381277385e-43)
    (1.1479276605e+00 4.0994797135e-43)
    (1.1654776904e+00 4.0575718473e-43)
    (1.1867523231e+00 4.0116818553e-43)
    (1.2125891895e+00 3.9610480735e-43)
    (1.2443761699e+00 3.9042734857e-43)
    (1.2823184390e+00 3.8417089826e-43)
    (1.3278130703e+00 3.7721454751e-43)
    (1.3819109720e+00 3.6949721043e-43)
    (1.4462628824e+00 3.6075686128e-43)
    (1.5205346482e+00 3.5139680907e-43)
    (1.6060431212e+00 3.4120187822e-43)
    (1.7033101278e+00 3.3019599228e-43)
    (1.8133236744e+00 3.1845445363e-43)
    (1.9345349977e+00 3.0600380634e-43)
    (2.0673826653e+00 2.9298475408e-43)
    (2.2112586444e+00 2.7952346202e-43)
    (2.3675391486e+00 2.6546983254e-43)
    (2.5306547436e+00 2.5157035523e-43)
    (2.7016797611e+00 2.3766782869e-43)
    (2.8793718350e+00 2.2390395414e-43)
    (3.0627158465e+00 2.1033463572e-43)
    (3.2500925522e+00 1.9722070778e-43)
    (3.4406844079e+00 1.8458188677e-43)
    (3.6335931443e+00 1.7249114119e-43)
    (3.8293914994e+00 1.6077575189e-43)
    (4.0246201322e+00 1.4995796294e-43)
    (4.2205744262e+00 1.3978698565e-43)
    (4.4170654205e+00 1.3026557827e-43)
    (4.6140592698e+00 1.2138467847e-43)
    (4.8118293106e+00 1.1304644469e-43)
    (5.0101425298e+00 1.0539609102e-43)
    (5.2096264803e+00 9.8310683467e-44)
    (5.4106830855e+00 9.1757067065e-44)
    (5.6137791567e+00 8.5700431985e-44)
    (5.8194315888e+00 8.0105478294e-44)
    (6.0281942774e+00 7.4937315693e-44)
    (6.2397182407e+00 7.0182217670e-44)
    (6.4559105451e+00 6.5735556944e-44)
    (6.6776519205e+00 6.1652898052e-44)
    (6.9049922865e+00 5.7871620314e-44)
    (7.1385780794e+00 5.4365506414e-44)
    (7.3786430488e+00 5.1062411080e-44)
    (7.6265303642e+00 4.8041657079e-44)
    (7.8826257025e+00 4.5229533935e-44)
    (8.1497191059e+00 4.2484631677e-44)
    (8.4240092405e+00 4.0051728942e-44)
    (8.7085308876e+00 3.7776446699e-44)
    (9.0040228143e+00 3.5645695288e-44)
    (9.3087340154e+00 3.3693744342e-44)
    (9.6283995994e+00 3.1813204195e-44)
    (9.9612246963e+00 3.0046053627e-44)
    (1.0308125495e+01 2.8383555186e-44)
    (1.0668465983e+01 2.6822380777e-44)
    (1.1045828452e+01 2.5346710751e-44)
    (1.1439820622e+01 2.3954720505e-44)
    (1.1851696174e+01 2.2640460498e-44)
    (1.2280620034e+01 2.1397651267e-44)
    (1.2730516764e+01 2.0224360629e-44)
    (1.3201609335e+01 1.9114607520e-44)
    (1.3695082127e+01 1.8064498744e-44)
    (1.4209909604e+01 1.7034379725e-44)
    (1.4748613160e+01 1.6151042031e-44)
    (1.5316430848e+01 1.5257133750e-44)
    (1.5912205402e+01 1.4410348665e-44)
    (1.6537243804e+01 1.3574823812e-44)
    (1.7194717344e+01 1.2818813009e-44)
    (1.7885901787e+01 1.2101873291e-44)
    (1.8613989945e+01 1.1398630094e-44)
    (1.9379845460e+01 1.0756833802e-44)
    (2.0186705972e+01 1.0147805378e-44)
    (2.1034800734e+01 9.6035566432e-45)
    (2.1932990500e+01 9.0502065079e-45)
    (2.2881431137e+01 8.5256353775e-45)
    (2.3881383122e+01 8.0303822028e-45)
    (2.4941600051e+01 7.5587104639e-45)
    (2.6064042589e+01 7.1116603466e-45)
    (2.7252346416e+01 6.6708243606e-45)
    (2.8390136249e+01 6.3029415078e-45)
    (2.9849584724e+01 5.8940951866e-45)
);
