// k[EI_N2_EXC_N2_V7] [m^3/s] vs mean energy [eV]; air_plasma [23a06d772827b718], T_gas = 300.000000 K
(
    (0 0.0000000000e+00)
    (8.3422134201e-02 0.0000000000e+00)
    (8.8462680050e-02 0.0000000000e+00)
    (9.3491060499e-02 0.0000000000e+00)
    (9.6777619891e-02 0.0000000000e+00)
    (1.0175997315e-01 0.0000000000e+00)
    (1.0646293907e-01 0.0000000000e+00)
    (1.1133785898e-01 0.0000000000e+00)
    (1.1494524000e-01 0.0000000000e+00)
    (1.1873395973e-01 0.0000000000e+00)
    (1.2224734874e-01 0.0000000000e+00)
    (1.2551219849e-01 0.0000000000e+00)
    (1.2824328374e-01 0.0000000000e+00)
    (1.3141043808e-01 0.0000000000e+00)
    (1.3383153708e-01 0.0000000000e+00)
    (1.3676045299e-01 0.0000000000e+00)
    (1.3906586166e-01 0.0000000000e+00)
    (1.4141448729e-01 0.0000000000e+00)
    (1.4369352067e-01 0.0000000000e+00)
    (1.4592237950e-01 0.0000000000e+00)
    (1.4811895507e-01 0.0000000000e+00)
    (1.5029968859e-01 0.0000000000e+00)
    (1.5247964864e-01 0.0000000000e+00)
    (1.5467260739e-01 0.0000000000e+00)
    (1.5689111725e-01 0.0000000000e+00)
    (1.5914658981e-01 0.0000000000e+00)
    (1.6144937818e-01 0.0000000000e+00)
    (1.6380886523e-01 0.0000000000e+00)
    (1.6623355953e-01 0.0000000000e+00)
    (1.6873119978e-01 0.0000000000e+00)
    (1.7130886915e-01 0.0000000000e+00)
    (1.7397311959e-01 0.0000000000e+00)
    (1.7673010631e-01 0.0000000000e+00)
    (1.7958573144e-01 0.0000000000e+00)
    (1.8254579637e-01 0.0000000000e+00)
    (1.8561616139e-01 0.0000000000e+00)
    (1.8880291207e-01 0.0000000000e+00)
    (1.9211253088e-01 0.0000000000e+00)
    (1.9555207395e-01 0.0000000000e+00)
    (1.9912935206e-01 0.0000000000e+00)
    (2.0285311488e-01 0.0000000000e+00)
    (2.0673323717e-01 0.0000000000e+00)
    (2.1077955069e-01 0.0000000000e+00)
    (2.1499326283e-01 0.0000000000e+00)
    (2.1942255698e-01 0.0000000000e+00)
    (2.2406764334e-01 0.0000000000e+00)
    (2.2896000916e-01 0.0000000000e+00)
    (2.3410210934e-01 0.0000000000e+00)
    (2.3953467239e-01 0.0000000000e+00)
    (2.4529093645e-01 0.0000000000e+00)
    (2.5140825018e-01 0.0000000000e+00)
    (2.5793258691e-01 0.0000000000e+00)
    (2.6491215469e-01 0.0000000000e+00)
    (2.7240227530e-01 0.0000000000e+00)
    (2.8046375297e-01 0.0000000000e+00)
    (2.8916213748e-01 0.0000000000e+00)
    (2.9856646161e-01 0.0000000000e+00)
    (3.0874738545e-01 0.0000000000e+00)
    (3.1977472197e-01 0.0000000000e+00)
    (3.3168362229e-01 0.0000000000e+00)
    (3.4459290637e-01 0.0000000000e+00)
    (3.5851916481e-01 0.0000000000e+00)
    (3.7349390343e-01 0.0000000000e+00)
    (3.8952971105e-01 0.0000000000e+00)
    (4.0661729963e-01 0.0000000000e+00)
    (4.2472352370e-01 0.0000000000e+00)
    (4.4379064350e-01 0.0000000000e+00)
    (4.6373698345e-01 0.0000000000e+00)
    (4.8445899582e-01 0.0000000000e+00)
    (5.0583459041e-01 0.0000000000e+00)
    (5.2772746033e-01 0.0000000000e+00)
    (5.4999204197e-01 0.0000000000e+00)
    (5.7247870695e-01 0.0000000000e+00)
    (5.9503879746e-01 0.0000000000e+00)
    (6.1752917515e-01 0.0000000000e+00)
    (6.3981604274e-01 0.0000000000e+00)
    (6.6177789913e-01 0.0000000000e+00)
    (6.8330758583e-01 0.0000000000e+00)
    (7.0431346420e-01 0.0000000000e+00)
    (7.2467697436e-01 2.7024933453e-26)
    (7.4441509710e-01 2.4437507488e-26)
    (7.6344531747e-01 2.3298751726e-26)
    (7.8173515144e-01 2.4509849671e-26)
    (7.9926434244e-01 3.0104694088e-26)
    (8.1602339392e-01 4.4379116446e-26)
    (8.3201207605e-01 7.5985105543e-26)
    (8.4723797325e-01 1.4163371360e-25)
    (8.6171511997e-01 2.7237352434e-25)
    (8.7546275606e-01 5.2380647966e-25)
    (8.8850422020e-01 9.9203995812e-25)
    (9.0086598971e-01 1.8376200217e-24)
    (9.1257686765e-01 3.3200702298e-24)
    (9.2366731217e-01 5.8458811745e-24)
    (9.3416889937e-01 1.0032747752e-23)
    (9.4411390757e-01 1.6792457033e-23)
    (9.5353500920e-01 2.7434007477e-23)
    (9.6246505520e-01 4.3787286876e-23)
    (9.7091857930e-01 1.7661537868e-21)
    (9.7895628770e-01 3.1707020673e-21)
    (9.8659875486e-01 5.5722146003e-21)
    (9.9387769322e-01 9.5879033162e-21)
    (1.0008245462e+00 1.6159523454e-20)
    (1.0074705061e+00 2.6691744232e-20)
    (1.0138465437e+00 4.3233845892e-20)
    (1.0199834445e+00 6.8711779919e-20)
    (1.0259118506e+00 1.0721633002e-19)
    (1.0316623064e+00 1.6435077909e-19)
    (1.0372368134e+00 2.5241107520e-19)
    (1.0427253204e+00 3.7597902047e-19)
    (1.0479294135e+00 5.6573047264e-19)
    (1.0533131407e+00 8.1596010753e-19)
    (1.0587015549e+00 1.1607908829e-18)
    (1.0641455878e+00 1.6295473332e-18)
    (1.0697076953e+00 2.2584102602e-18)
    (1.0750720293e+00 3.1466356998e-18)
    (1.0809973277e+00 4.2813626341e-18)
    (1.0874475840e+00 5.7014060068e-18)
    (1.0944735414e+00 7.5096664223e-18)
    (1.1021354195e+00 9.8637579515e-18)
    (1.1110462081e+00 1.2708094142e-17)
    (1.1213652590e+00 1.6207766667e-17)
    (1.1333688578e+00 2.0540403065e-17)
    (1.1479276605e+00 2.5669087355e-17)
    (1.1654776904e+00 3.1771456637e-17)
    (1.1867523231e+00 3.8950955044e-17)
    (1.2125891895e+00 4.7300975903e-17)
    (1.2443761699e+00 5.7250616554e-17)
    (1.2823184390e+00 6.8164677432e-17)
    (1.3278130703e+00 8.0395446788e-17)
    (1.3819109720e+00 9.3923948023e-17)
    (1.4462628824e+00 1.0885779962e-16)
    (1.5205346482e+00 1.2473406803e-16)
    (1.6060431212e+00 1.4156494535e-16)
    (1.7033101278e+00 1.5913878602e-16)
    (1.8133236744e+00 1.7742506134e-16)
    (1.9345349977e+00 1.9565589726e-16)
    (2.0673826653e+00 2.1378564785e-16)
    (2.2112586444e+00 2.3150626421e-16)
    (2.3675391486e+00 2.4884744811e-16)
    (2.5306547436e+00 2.6484420413e-16)
    (2.7016797611e+00 2.7962492588e-16)
    (2.8793718350e+00 2.9299861475e-16)
    (3.0627158465e+00 3.0488461115e-16)
    (3.2500925522e+00 3.1506378629e-16)
    (3.4406844079e+00 3.2355983606e-16)
    (3.6335931443e+00 3.3037271307e-16)
    (3.8293914994e+00 3.3591669773e-16)
    (4.0246201322e+00 3.3945349633e-16)
    (4.2205744262e+00 3.4150718839e-16)
    (4.4170654205e+00 3.4218194372e-16)
    (4.6140592698e+00 3.4159137885e-16)
    (4.8118293106e+00 3.3979373321e-16)
    (5.0101425298e+00 3.3702566471e-16)
    (5.2096264803e+00 3.3334516813e-16)
    (5.4106830855e+00 3.2886191959e-16)
    (5.6137791567e+00 3.2367905817e-16)
    (5.8194315888e+00 3.1789232759e-16)
    (6.0281942774e+00 3.1158970774e-16)
    (6.2397182407e+00 3.0484989937e-16)
    (6.4559105451e+00 2.9776162113e-16)
    (6.6776519205e+00 2.9035659799e-16)
    (6.9049922865e+00 2.8271270782e-16)
    (7.1385780794e+00 2.7488243137e-16)
    (7.3786430488e+00 2.6708372806e-16)
    (7.6265303642e+00 2.5900501614e-16)
    (7.8826257025e+00 2.5086764414e-16)
    (8.1497191059e+00 2.4245083225e-16)
    (8.4240092405e+00 2.3430361776e-16)
    (8.7085308876e+00 2.2619000810e-16)
    (9.0040228143e+00 2.1813336180e-16)
    (9.3087340154e+00 2.1032921403e-16)
    (9.6283995994e+00 2.0243383905e-16)
    (9.9612246963e+00 1.9465348057e-16)
    (1.0308125495e+01 1.8700205983e-16)
    (1.0668465983e+01 1.7945763205e-16)
    (1.1045828452e+01 1.7210445219e-16)
    (1.1439820622e+01 1.6491481651e-16)
    (1.1851696174e+01 1.5789536988e-16)
    (1.2280620034e+01 1.5097136552e-16)
    (1.2730516764e+01 1.4432409594e-16)
    (1.3201609335e+01 1.3786293020e-16)
    (1.3695082127e+01 1.3159151245e-16)
    (1.4209909604e+01 1.2560898911e-16)
    (1.4748613160e+01 1.1973040575e-16)
    (1.5316430848e+01 1.1402872077e-16)
    (1.5912205402e+01 1.0852283404e-16)
    (1.6537243804e+01 1.0307987733e-16)
    (1.7194717344e+01 9.7978019339e-17)
    (1.7885901787e+01 9.3064623331e-17)
    (1.8613989945e+01 8.8478979832e-17)
    (1.9379845460e+01 8.3912119452e-17)
    (2.0186705972e+01 7.9528087305e-17)
    (2.1034800734e+01 7.5198014106e-17)
    (2.1932990500e+01 7.1185285761e-17)
    (2.2881431137e+01 6.7340542459e-17)
    (2.3881383122e+01 6.3676627917e-17)
    (2.4941600051e+01 6.0152693621e-17)
    (2.6064042589e+01 5.6784453694e-17)
    (2.7252346416e+01 5.3635033241e-17)
    (2.8390136249e+01 5.0662057532e-17)
    (2.9849584724e+01 4.7615457298e-17)
);
