// k[EI_N2_EXC_N2_V7] [m^3/s] vs reducedE [V m^2]; air_plasma [23a06d772827b718], T_gas = 300.000000 K
(
    (0 0.0000000000e+00)
    (1.0000000000e-22 0.0000000000e+00)
    (1.0510254106e-22 0.0000000000e+00)
    (1.1046544136e-22 0.0000000000e+00)
    (1.1610198586e-22 0.0000000000e+00)
    (1.2202613736e-22 0.0000000000e+00)
    (1.2825257111e-22 0.0000000000e+00)
    (1.3479671121e-22 0.0000000000e+00)
    (1.4167476874e-22 0.0000000000e+00)
    (1.4890378198e-22 0.0000000000e+00)
    (1.5650165859e-22 0.0000000000e+00)
    (1.6448721998e-22 0.0000000000e+00)
    (1.7288024791e-22 0.0000000000e+00)
    (1.8170153353e-22 0.0000000000e+00)
    (1.9097292888e-22 0.0000000000e+00)
    (2.0071740098e-22 0.0000000000e+00)
    (2.1095908877e-22 0.0000000000e+00)
    (2.2172336289e-22 0.0000000000e+00)
    (2.3303688851e-22 0.0000000000e+00)
    (2.4492769142e-22 0.0000000000e+00)
    (2.5742522744e-22 0.0000000000e+00)
    (2.7056045535e-22 0.0000000000e+00)
    (2.8436591367e-22 0.0000000000e+00)
    (2.9887580116e-22 0.0000000000e+00)
    (3.1412606162e-22 0.0000000000e+00)
    (3.3015447288e-22 0.0000000000e+00)
    (3.4700074041e-22 0.0000000000e+00)
    (3.6470659565e-22 0.0000000000e+00)
    (3.8331589943e-22 0.0000000000e+00)
    (4.0287475057e-22 0.0000000000e+00)
    (4.2343160012e-22 0.0000000000e+00)
    (4.4503737136e-22 0.0000000000e+00)
    (4.6774558595e-22 0.0000000000e+00)
    (4.9161249651e-22 0.0000000000e+00)
    (5.1669722598e-22 0.0000000000e+00)
    (5.4306191407e-22 0.0000000000e+00)
    (5.7077187120e-22 0.0000000000e+00)
    (5.9989574026e-22 0.0000000000e+00)
    (6.3050566670e-22 0.0000000000e+00)
    (6.6267747720e-22 0.0000000000e+00)
    (6.9649086754e-22 0.0000000000e+00)
    (7.3202960001e-22 0.0000000000e+00)
    (7.6938171089e-22 0.0000000000e+00)
    (8.0863972857e-22 0.0000000000e+00)
    (8.4990090271e-22 0.0000000000e+00)
    (8.9326744521e-22 0.0000000000e+00)
    (9.3884678334e-22 0.0000000000e+00)
    (9.8675182591e-22 0.0000000000e+00)
    (1.0371012429e-21 0.0000000000e+00)
    (1.0900197597e-21 0.0000000000e+00)
    (1.1456384654e-21 0.0000000000e+00)
    (1.2040951385e-21 0.0000000000e+00)
    (1.2655345872e-21 0.0000000000e+00)
    (1.3301090091e-21 0.0000000000e+00)
    (1.3979783674e-21 0.0000000000e+00)
    (1.4693107876e-21 0.0000000000e+00)
    (1.5442829737e-21 0.0000000000e+00)
    (1.6230806465e-21 0.0000000000e+00)
    (1.7058990029e-21 0.0000000000e+00)
    (1.7929431998e-21 0.0000000000e+00)
    (1.8844288627e-21 0.0000000000e+00)
    (1.9805826191e-21 0.0000000000e+00)
    (2.0816426604e-21 0.0000000000e+00)
    (2.1878593318e-21 0.0000000000e+00)
    (2.2994957524e-21 0.0000000000e+00)
    (2.4168284673e-21 0.0000000000e+00)
    (2.5401481321e-21 0.0000000000e+00)
    (2.6697602334e-21 0.0000000000e+00)
    (2.8059858454e-21 0.0000000000e+00)
    (2.9491624252e-21 0.0000000000e+00)
    (3.0996446487e-21 0.0000000000e+00)
    (3.2578052895e-21 0.0000000000e+00)
    (3.4240361419e-21 0.0000000000e+00)
    (3.5987489918e-21 0.0000000000e+00)
    (3.7823766366e-21 0.0000000000e+00)
    (3.9753739574e-21 0.0000000000e+00)
    (4.1782190457e-21 0.0000000000e+00)
    (4.3914143879e-21 0.0000000000e+00)
    (4.6154881100e-21 0.0000000000e+00)
    (4.8509952857e-21 2.7024933453e-26)
    (5.0985193118e-21 2.4437507488e-26)
    (5.3586733529e-21 2.3298751726e-26)
    (5.6321018608e-21 2.4509849671e-26)
    (5.9194821706e-21 3.0104694088e-26)
    (6.2215261786e-21 4.4379116446e-26)
    (6.5389821062e-21 7.5985105543e-26)
    (6.8726363528e-21 1.4163371360e-25)
    (7.2233154443e-21 2.7237352434e-25)
    (7.5918880804e-21 5.2380647966e-25)
    (7.9792672866e-21 9.9203995812e-25)
    (8.3864126759e-21 1.8376200217e-24)
    (8.8143328258e-21 3.3200702298e-24)
    (9.2640877770e-21 5.8458811745e-24)
    (9.7367916593e-21 1.0032747752e-23)
    (1.0233615451e-20 1.6792457033e-23)
    (1.0755789881e-20 2.7434007477e-23)
    (1.1304608476e-20 4.3787286876e-23)
    (1.1881430764e-20 1.7661537868e-21)
    (1.2487685647e-20 3.1707020673e-21)
    (1.3124874934e-20 5.5722146003e-21)
    (1.3794577066e-20 9.5879033162e-21)
    (1.4498451025e-20 1.6159523454e-20)
    (1.5238240441e-20 2.6691744232e-20)
    (1.6015777915e-20 4.3233845892e-20)
    (1.6832989559e-20 6.8711779919e-20)
    (1.7691899762e-20 1.0721633002e-19)
    (1.8594636211e-20 1.6435077909e-19)
    (1.9543435158e-20 2.5241107520e-19)
    (2.0540646960e-20 3.7597902047e-19)
    (2.1588741905e-20 5.6573047264e-19)
    (2.2690316324e-20 8.1596010753e-19)
    (2.3848099030e-20 1.1607908829e-18)
    (2.5064958074e-20 1.6295473332e-18)
    (2.6343907850e-20 2.2584102602e-18)
    (2.7688116564e-20 3.1466356998e-18)
    (2.9100914079e-20 4.2813626341e-18)
    (3.0585800168e-20 5.7014060068e-18)
    (3.2146453179e-20 7.5096664223e-18)
    (3.3786739150e-20 9.8637579515e-18)
    (3.5510721387e-20 1.2708094142e-17)
    (3.7322670525e-20 1.6207766667e-17)
    (3.9227075111e-20 2.0540403065e-17)
    (4.1228652724e-20 2.5669087355e-17)
    (4.3332361656e-20 3.1771456637e-17)
    (4.5543413200e-20 3.8950955044e-17)
    (4.7867284557e-20 4.7300975903e-17)
    (5.0309732403e-20 5.7250616554e-17)
    (5.2876807154e-20 6.8164677432e-17)
    (5.5574867948e-20 8.0395446788e-17)
    (5.8410598402e-20 9.3923948023e-17)
    (6.1391023167e-20 1.0885779962e-16)
    (6.4523525328e-20 1.2473406803e-16)
    (6.7815864699e-20 1.4156494535e-16)
    (7.1276197038e-20 1.5913878602e-16)
    (7.4913094254e-20 1.7742506134e-16)
    (7.8735565645e-20 1.9565589726e-16)
    (8.2753080208e-20 2.1378564785e-16)
    (8.6975590100e-20 2.3150626421e-16)
    (9.1413555293e-20 2.4884744811e-16)
    (9.6077969483e-20 2.6484420413e-16)
    (1.0098038732e-19 2.7962492588e-16)
    (1.0613295304e-19 2.9299861475e-16)
    (1.1154843055e-19 3.0488461115e-16)
    (1.1724023501e-19 3.1506378629e-16)
    (1.2322246614e-19 3.2355983606e-16)
    (1.2950994306e-19 3.3037271307e-16)
    (1.3611824108e-19 3.3591669773e-16)
    (1.4306373021e-19 3.3945349633e-16)
    (1.5036361578e-19 3.4150718839e-16)
    (1.5803598101e-19 3.4218194372e-16)
    (1.6609983183e-19 3.4159137885e-16)
    (1.7457514394e-19 3.3979373321e-16)
    (1.8348291233e-19 3.3702566471e-16)
    (1.9284520326e-19 3.3334516813e-16)
    (2.0268520893e-19 3.2886191959e-16)
    (2.1302730493e-19 3.2367905817e-16)
    (2.2389711063e-19 3.1789232759e-16)
    (2.3532155262e-19 3.1158970774e-16)
    (2.4732893146e-19 3.0484989937e-16)
    (2.5994899173e-19 2.9776162113e-16)
    (2.7321299575e-19 2.9035659799e-16)
    (2.8715380103e-19 2.8271270782e-16)
    (3.0180594162e-19 2.7488243137e-16)
    (3.1720571370e-19 2.6708372806e-16)
    (3.3339126548e-19 2.5900501614e-16)
    (3.5040269168e-19 2.5086764414e-16)
    (3.6828213288e-19 2.4245083225e-16)
    (3.8707387991e-19 2.3430361776e-16)
    (4.0682448355e-19 2.2619000810e-16)
    (4.2758286985e-19 2.1813336180e-16)
    (4.4940046133e-19 2.1032921403e-16)
    (4.7233130437e-19 2.0243383905e-16)
    (4.9643220310e-19 1.9465348057e-16)
    (5.2176286008e-19 1.8700205983e-16)
    (5.4838602423e-19 1.7945763205e-16)
    (5.7636764626e-19 1.7210445219e-16)
    (6.0577704204e-19 1.6491481651e-16)
    (6.3668706432e-19 1.5789536988e-16)
    (6.6917428317e-19 1.5097136552e-16)
    (7.0331917570e-19 1.4432409594e-16)
    (7.3920632540e-19 1.3786293020e-16)
    (7.7692463164e-19 1.3159151245e-16)
    (8.1656752994e-19 1.2560898911e-16)
    (8.5823322341e-19 1.1973040575e-16)
    (9.0202492599e-19 1.1402872077e-16)
    (9.4805111817e-19 1.0852283404e-16)
    (9.9642581570e-19 1.0307987733e-16)
    (1.0472688520e-18 9.7978019339e-17)
    (1.1007061752e-18 9.3064623331e-17)
    (1.1568701597e-18 8.8478979832e-17)
    (1.2158999345e-18 8.3912119452e-17)
    (1.2779417279e-18 7.9528087305e-17)
    (1.3431492292e-18 7.5198014106e-17)
    (1.4116839701e-18 7.1185285761e-17)
    (1.4837157242e-18 6.7340542459e-17)
    (1.5594229282e-18 6.3676627917e-17)
    (1.6389931234e-18 6.0152693621e-17)
    (1.7226234204e-18 5.6784453694e-17)
    (1.8105209877e-18 5.3635033241e-17)
    (1.9029035644e-18 5.0662057532e-17)
    (2.0000000000e-18 4.7615457298e-17)
);
