// k[EI_O2_ION_O2] [m^3/s] vs reducedE [V m^2]; air_plasma [23a06d772827b718], T_gas = 300.000000 K
(
    (0 0.0000000000e+00)
    (1.0000000000e-22 0.0000000000e+00)
    (1.0510254106e-22 0.0000000000e+00)
    (1.1046544136e-22 0.0000000000e+00)
    (1.1610198586e-22 0.0000000000e+00)
    (1.2202613736e-22 0.0000000000e+00)
    (1.2825257111e-22 0.0000000000e+00)
    (1.3479671121e-22 0.0000000000e+00)
    (1.4167476874e-22 0.0000000000e+00)
    (1.4890378198e-22 0.0000000000e+00)
    (1.5650165859e-22 0.0000000000e+00)
    (1.6448721998e-22 0.0000000000e+00)
    (1.7288024791e-22 0.0000000000e+00)
    (1.8170153353e-22 0.0000000000e+00)
    (1.9097292888e-22 0.0000000000e+00)
    (2.0071740098e-22 0.0000000000e+00)
    (2.1095908877e-22 0.0000000000e+00)
    (2.2172336289e-22 0.0000000000e+00)
    (2.3303688851e-22 0.0000000000e+00)
    (2.4492769142e-22 0.0000000000e+00)
    (2.5742522744e-22 0.0000000000e+00)
    (2.7056045535e-22 0.0000000000e+00)
    (2.8436591367e-22 0.0000000000e+00)
    (2.9887580116e-22 0.0000000000e+00)
    (3.1412606162e-22 0.0000000000e+00)
    (3.3015447288e-22 0.0000000000e+00)
    (3.4700074041e-22 0.0000000000e+00)
    (3.6470659565e-22 0.0000000000e+00)
    (3.8331589943e-22 0.0000000000e+00)
    (4.0287475057e-22 0.0000000000e+00)
    (4.2343160012e-22 0.0000000000e+00)
    (4.4503737136e-22 0.0000000000e+00)
    (4.6774558595e-22 0.0000000000e+00)
    (4.9161249651e-22 0.0000000000e+00)
    (5.1669722598e-22 0.0000000000e+00)
    (5.4306191407e-22 0.0000000000e+00)
    (5.7077187120e-22 0.0000000000e+00)
    (5.9989574026e-22 0.0000000000e+00)
    (6.3050566670e-22 0.0000000000e+00)
    (6.6267747720e-22 0.0000000000e+00)
    (6.9649086754e-22 0.0000000000e+00)
    (7.3202960001e-22 0.0000000000e+00)
    (7.6938171089e-22 0.0000000000e+00)
    (8.0863972857e-22 0.0000000000e+00)
    (8.4990090271e-22 0.0000000000e+00)
    (8.9326744521e-22 0.0000000000e+00)
    (9.3884678334e-22 0.0000000000e+00)
    (9.8675182591e-22 0.0000000000e+00)
    (1.0371012429e-21 0.0000000000e+00)
    (1.0900197597e-21 0.0000000000e+00)
    (1.1456384654e-21 0.0000000000e+00)
    (1.2040951385e-21 0.0000000000e+00)
    (1.2655345872e-21 0.0000000000e+00)
    (1.3301090091e-21 0.0000000000e+00)
    (1.3979783674e-21 0.0000000000e+00)
    (1.4693107876e-21 0.0000000000e+00)
    (1.5442829737e-21 0.0000000000e+00)
    (1.6230806465e-21 0.0000000000e+00)
    (1.7058990029e-21 0.0000000000e+00)
    (1.7929431998e-21 0.0000000000e+00)
    (1.8844288627e-21 0.0000000000e+00)
    (1.9805826191e-21 0.0000000000e+00)
    (2.0816426604e-21 0.0000000000e+00)
    (2.1878593318e-21 0.0000000000e+00)
    (2.2994957524e-21 0.0000000000e+00)
    (2.4168284673e-21 0.0000000000e+00)
    (2.5401481321e-21 0.0000000000e+00)
    (2.6697602334e-21 0.0000000000e+00)
    (2.8059858454e-21 0.0000000000e+00)
    (2.9491624252e-21 0.0000000000e+00)
    (3.0996446487e-21 0.0000000000e+00)
    (3.2578052895e-21 0.0000000000e+00)
    (3.4240361419e-21 0.0000000000e+00)
    (3.5987489918e-21 0.0000000000e+00)
    (3.7823766366e-21 0.0000000000e+00)
    (3.9753739574e-21 0.0000000000e+00)
    (4.1782190457e-21 0.0000000000e+00)
    (4.3914143879e-21 0.0000000000e+00)
    (4.6154881100e-21 0.0000000000e+00)
    (4.8509952857e-21 0.0000000000e+00)
    (5.0985193118e-21 0.0000000000e+00)
    (5.3586733529e-21 0.0000000000e+00)
    (5.6321018608e-21 0.0000000000e+00)
    (5.9194821706e-21 0.0000000000e+00)
    (6.2215261786e-21 0.0000000000e+00)
    (6.5389821062e-21 0.0000000000e+00)
    (6.8726363528e-21 0.0000000000e+00)
    (7.2233154443e-21 0.0000000000e+00)
    (7.5918880804e-21 0.0000000000e+00)
    (7.9792672866e-21 0.0000000000e+00)
    (8.3864126759e-21 0.0000000000e+00)
    (8.8143328258e-21 0.0000000000e+00)
    (9.2640877770e-21 0.0000000000e+00)
    (9.7367916593e-21 0.0000000000e+00)
    (1.0233615451e-20 0.0000000000e+00)
    (1.0755789881e-20 0.0000000000e+00)
    (1.1304608476e-20 0.0000000000e+00)
    (1.1881430764e-20 0.0000000000e+00)
    (1.2487685647e-20 0.0000000000e+00)
    (1.3124874934e-20 0.0000000000e+00)
    (1.3794577066e-20 0.0000000000e+00)
    (1.4498451025e-20 0.0000000000e+00)
    (1.5238240441e-20 0.0000000000e+00)
    (1.6015777915e-20 0.0000000000e+00)
    (1.6832989559e-20 0.0000000000e+00)
    (1.7691899762e-20 0.0000000000e+00)
    (1.8594636211e-20 0.0000000000e+00)
    (1.9543435158e-20 0.0000000000e+00)
    (2.0540646960e-20 0.0000000000e+00)
    (2.1588741905e-20 0.0000000000e+00)
    (2.2690316324e-20 0.0000000000e+00)
    (2.3848099030e-20 0.0000000000e+00)
    (2.5064958074e-20 0.0000000000e+00)
    (2.6343907850e-20 0.0000000000e+00)
    (2.7688116564e-20 0.0000000000e+00)
    (2.9100914079e-20 0.0000000000e+00)
    (3.0585800168e-20 0.0000000000e+00)
    (3.2146453179e-20 0.0000000000e+00)
    (3.3786739150e-20 1.3285540951e-23)
    (3.5510721387e-20 2.7518534995e-23)
    (3.7322670525e-20 5.5745763898e-23)
    (3.9227075111e-20 4.9468069027e-22)
    (4.1228652724e-20 9.9550147395e-22)
    (4.3332361656e-20 1.9528952831e-21)
    (4.5543413200e-20 3.7247982414e-21)
    (4.7867284557e-20 6.9034751657e-21)
    (5.0309732403e-20 1.3631587066e-20)
    (5.2876807154e-20 2.4212169638e-20)
    (5.5574867948e-20 4.1945445763e-20)
    (5.8410598402e-20 7.0917343679e-20)
    (6.1391023167e-20 1.1863348722e-19)
    (6.4523525328e-20 1.9190220618e-19)
    (6.7815864699e-20 3.0382215448e-19)
    (7.1276197038e-20 4.7110463232e-19)
    (7.4913094254e-20 7.1935609178e-19)
    (7.8735565645e-20 1.0727623588e-18)
    (8.2753080208e-20 1.5708047108e-18)
    (8.6975590100e-20 2.2601275711e-18)
    (9.1413555293e-20 3.2073492737e-18)
    (9.6077969483e-20 4.4662035059e-18)
    (1.0098038732e-19 6.1270028743e-18)
    (1.0613295304e-19 8.2877594692e-18)
    (1.1154843055e-19 1.1068317770e-17)
    (1.1724023501e-19 1.4592011900e-17)
    (1.2322246614e-19 1.9016164202e-17)
    (1.2950994306e-19 2.4515608038e-17)
    (1.3611824108e-19 3.1308890871e-17)
    (1.4306373021e-19 3.9582788906e-17)
    (1.5036361578e-19 4.9613393504e-17)
    (1.5803598101e-19 6.1689461820e-17)
    (1.6609983183e-19 7.6135522552e-17)
    (1.7457514394e-19 9.3323179777e-17)
    (1.8348291233e-19 1.1364612416e-16)
    (1.9284520326e-19 1.3756799676e-16)
    (2.0268520893e-19 1.6559510465e-16)
    (2.1302730493e-19 1.9828831815e-16)
    (2.2389711063e-19 2.3626644245e-16)
    (2.3532155262e-19 2.8020907459e-16)
    (2.4732893146e-19 3.3087294061e-16)
    (2.5994899173e-19 3.8909248088e-16)
    (2.7321299575e-19 4.5577431807e-16)
    (2.8715380103e-19 5.3193582398e-16)
    (3.0180594162e-19 6.1866103226e-16)
    (3.1720571370e-19 7.1705547041e-16)
    (3.3339126548e-19 8.2837613674e-16)
    (3.5040269168e-19 9.5405392509e-16)
    (3.6828213288e-19 1.0961149771e-15)
    (3.8707387991e-19 1.2549979625e-15)
    (4.0682448355e-19 1.4329563185e-15)
    (4.2758286985e-19 1.6318678415e-15)
    (4.4940046133e-19 1.8534566563e-15)
    (4.7233130437e-19 2.1001184614e-15)
    (4.9643220310e-19 2.3738762854e-15)
    (5.2176286008e-19 2.6772500381e-15)
    (5.4838602423e-19 3.0125736653e-15)
    (5.7636764626e-19 3.3821910294e-15)
    (6.0577704204e-19 3.7890684569e-15)
    (6.3668706432e-19 4.2365457256e-15)
    (6.6917428317e-19 4.7264895752e-15)
    (7.0331917570e-19 5.2626065819e-15)
    (7.3920632540e-19 5.8487144027e-15)
    (7.7692463164e-19 6.4880936574e-15)
    (8.1656752994e-19 7.1817542833e-15)
    (8.5823322341e-19 7.9360669098e-15)
    (9.0202492599e-19 8.7540953619e-15)
    (9.4805111817e-19 9.6393070774e-15)
    (9.9642581570e-19 1.0596459232e-14)
    (1.0472688520e-18 1.1628175246e-14)
    (1.1007061752e-18 1.2738858031e-14)
    (1.1568701597e-18 1.3935166850e-14)
    (1.2158999345e-18 1.5216479761e-14)
    (1.2779417279e-18 1.6588913807e-14)
    (1.3431492292e-18 1.8054917840e-14)
    (1.4116839701e-18 1.9622089023e-14)
    (1.4837157242e-18 2.1292253704e-14)
    (1.5594229282e-18 2.3066571283e-14)
    (1.6389931234e-18 2.4953688054e-14)
    (1.7226234204e-18 2.6954738764e-14)
    (1.8105209877e-18 2.9070756616e-14)
    (1.9029035644e-18 3.1151974153e-14)
    (2.0000000000e-18 3.3665884606e-14)
);
