// k[EI_N2_EXC_N2_V8] [m^3/s] vs reducedE [V m^2]; air_plasma [23a06d772827b718], T_gas = 300.000000 K
(
    (0 0.0000000000e+00)
    (1.0000000000e-22 0.0000000000e+00)
    (1.0510254106e-22 0.0000000000e+00)
    (1.1046544136e-22 0.0000000000e+00)
    (1.1610198586e-22 0.0000000000e+00)
    (1.2202613736e-22 0.0000000000e+00)
    (1.2825257111e-22 0.0000000000e+00)
    (1.3479671121e-22 0.0000000000e+00)
    (1.4167476874e-22 0.0000000000e+00)
    (1.4890378198e-22 0.0000000000e+00)
    (1.5650165859e-22 0.0000000000e+00)
    (1.6448721998e-22 0.0000000000e+00)
    (1.7288024791e-22 0.0000000000e+00)
    (1.8170153353e-22 0.0000000000e+00)
    (1.9097292888e-22 0.0000000000e+00)
    (2.0071740098e-22 0.0000000000e+00)
    (2.1095908877e-22 0.0000000000e+00)
    (2.2172336289e-22 0.0000000000e+00)
    (2.3303688851e-22 0.0000000000e+00)
    (2.4492769142e-22 0.0000000000e+00)
    (2.5742522744e-22 0.0000000000e+00)
    (2.7056045535e-22 0.0000000000e+00)
    (2.8436591367e-22 0.0000000000e+00)
    (2.9887580116e-22 0.0000000000e+00)
    (3.1412606162e-22 0.0000000000e+00)
    (3.3015447288e-22 0.0000000000e+00)
    (3.4700074041e-22 0.0000000000e+00)
    (3.6470659565e-22 0.0000000000e+00)
    (3.8331589943e-22 0.0000000000e+00)
    (4.0287475057e-22 0.0000000000e+00)
    (4.2343160012e-22 0.0000000000e+00)
    (4.4503737136e-22 0.0000000000e+00)
    (4.6774558595e-22 0.0000000000e+00)
    (4.9161249651e-22 0.0000000000e+00)
    (5.1669722598e-22 0.0000000000e+00)
    (5.4306191407e-22 0.0000000000e+00)
    (5.7077187120e-22 0.0000000000e+00)
    (5.9989574026e-22 0.0000000000e+00)
    (6.3050566670e-22 0.0000000000e+00)
    (6.6267747720e-22 0.0000000000e+00)
    (6.9649086754e-22 0.0000000000e+00)
    (7.3202960001e-22 0.0000000000e+00)
    (7.6938171089e-22 0.0000000000e+00)
    (8.0863972857e-22 0.0000000000e+00)
    (8.4990090271e-22 0.0000000000e+00)
    (8.9326744521e-22 0.0000000000e+00)
    (9.3884678334e-22 0.0000000000e+00)
    (9.8675182591e-22 0.0000000000e+00)
    (1.0371012429e-21 0.0000000000e+00)
    (1.0900197597e-21 0.0000000000e+00)
    (1.1456384654e-21 0.0000000000e+00)
    (1.2040951385e-21 0.0000000000e+00)
    (1.2655345872e-21 0.0000000000e+00)
    (1.3301090091e-21 0.0000000000e+00)
    (1.3979783674e-21 0.0000000000e+00)
    (1.4693107876e-21 0.0000000000e+00)
    (1.5442829737e-21 0.0000000000e+00)
    (1.6230806465e-21 0.0000000000e+00)
    (1.7058990029e-21 0.0000000000e+00)
    (1.7929431998e-21 0.0000000000e+00)
    (1.8844288627e-21 0.0000000000e+00)
    (1.9805826191e-21 0.0000000000e+00)
    (2.0816426604e-21 0.0000000000e+00)
    (2.1878593318e-21 0.0000000000e+00)
    (2.2994957524e-21 0.0000000000e+00)
    (2.4168284673e-21 0.0000000000e+00)
    (2.5401481321e-21 0.0000000000e+00)
    (2.6697602334e-21 0.0000000000e+00)
    (2.8059858454e-21 0.0000000000e+00)
    (2.9491624252e-21 0.0000000000e+00)
    (3.0996446487e-21 0.0000000000e+00)
    (3.2578052895e-21 0.0000000000e+00)
    (3.4240361419e-21 0.0000000000e+00)
    (3.5987489918e-21 0.0000000000e+00)
    (3.7823766366e-21 0.0000000000e+00)
    (3.9753739574e-21 0.0000000000e+00)
    (4.1782190457e-21 0.0000000000e+00)
    (4.3914143879e-21 0.0000000000e+00)
    (4.6154881100e-21 0.0000000000e+00)
    (4.8509952857e-21 0.0000000000e+00)
    (5.0985193118e-21 0.0000000000e+00)
    (5.3586733529e-21 0.0000000000e+00)
    (5.6321018608e-21 0.0000000000e+00)
    (5.9194821706e-21 0.0000000000e+00)
    (6.2215261786e-21 0.0000000000e+00)
    (6.5389821062e-21 0.0000000000e+00)
    (6.8726363528e-21 0.0000000000e+00)
    (7.2233154443e-21 0.0000000000e+00)
    (7.5918880804e-21 0.0000000000e+00)
    (7.9792672866e-21 0.0000000000e+00)
    (8.3864126759e-21 0.0000000000e+00)
    (8.8143328258e-21 0.0000000000e+00)
    (9.2640877770e-21 0.0000000000e+00)
    (9.7367916593e-21 0.0000000000e+00)
    (1.0233615451e-20 0.0000000000e+00)
    (1.0755789881e-20 0.0000000000e+00)
    (1.1304608476e-20 0.0000000000e+00)
    (1.1881430764e-20 3.5342464975e-23)
    (1.2487685647e-20 7.1394935783e-23)
    (1.3124874934e-20 1.4114508491e-22)
    (1.3794577066e-20 2.7169068754e-22)
    (1.4498451025e-20 5.0847434740e-22)
    (1.5238240441e-20 9.2530554789e-22)
    (1.6015777915e-20 1.6384491460e-21)
    (1.6832989559e-20 2.8257406937e-21)
    (1.7691899762e-20 4.7516308066e-21)
    (1.8594636211e-20 7.7988758820e-21)
    (1.9543435158e-20 2.5898090763e-20)
    (2.0540646960e-20 4.2648524744e-20)
    (2.1588741905e-20 6.9971681764e-20)
    (2.2690316324e-20 1.1009054942e-19)
    (2.3848099030e-20 1.7005298347e-19)
    (2.5064958074e-20 2.5806477978e-19)
    (2.6343907850e-20 3.8501240441e-19)
    (2.7688116564e-20 5.7685129743e-19)
    (2.9100914079e-20 8.3936242869e-19)
    (3.0585800168e-20 1.1869844509e-18)
    (3.2146453179e-20 1.6546267100e-18)
    (3.3786739150e-20 2.2977706664e-18)
    (3.5510721387e-20 3.1121331103e-18)
    (3.7322670525e-20 4.1604039829e-18)
    (3.9227075111e-20 5.5221203234e-18)
    (4.1228652724e-20 7.1914140136e-18)
    (4.3332361656e-20 9.2521646083e-18)
    (4.5543413200e-20 1.1761730537e-17)
    (4.7867284557e-20 1.4776225544e-17)
    (5.0309732403e-20 1.8478103407e-17)
    (5.2876807154e-20 2.2658892138e-17)
    (5.5574867948e-20 2.7470098586e-17)
    (5.8410598402e-20 3.2926624262e-17)
    (6.1391023167e-20 3.9130869611e-17)
    (6.4523525328e-20 4.5839885704e-17)
    (6.7815864699e-20 5.3105943954e-17)
    (7.1276197038e-20 6.0850327588e-17)
    (7.4913094254e-20 6.9106424053e-17)
    (7.8735565645e-20 7.7465834737e-17)
    (8.2753080208e-20 8.5940445019e-17)
    (8.6975590100e-20 9.4385459555e-17)
    (9.1413555293e-20 1.0280899056e-16)
    (9.6077969483e-20 1.1074689781e-16)
    (1.0098038732e-19 1.1824329201e-16)
    (1.0613295304e-19 1.2518978925e-16)
    (1.1154843055e-19 1.3153465128e-16)
    (1.1724023501e-19 1.3713793287e-16)
    (1.2322246614e-19 1.4199890502e-16)
    (1.2950994306e-19 1.4609771750e-16)
    (1.3611824108e-19 1.4961627639e-16)
    (1.4306373021e-19 1.5217938168e-16)
    (1.5036361578e-19 1.5402744310e-16)
    (1.5803598101e-19 1.5519870992e-16)
    (1.6609983183e-19 1.5573824128e-16)
    (1.7457514394e-19 1.5569832100e-16)
    (1.8348291233e-19 1.5512077825e-16)
    (1.9284520326e-19 1.5406469998e-16)
    (2.0268520893e-19 1.5258043447e-16)
    (2.1302730493e-19 1.5071637561e-16)
    (2.2389711063e-19 1.4851832074e-16)
    (2.3532155262e-19 1.4602908659e-16)
    (2.4732893146e-19 1.4328991567e-16)
    (2.5994899173e-19 1.4030632627e-16)
    (2.7321299575e-19 1.3716790348e-16)
    (2.8715380103e-19 1.3387785036e-16)
    (3.0180594162e-19 1.3046345048e-16)
    (3.1720571370e-19 1.2706707343e-16)
    (3.3339126548e-19 1.2346748852e-16)
    (3.5040269168e-19 1.1981134972e-16)
    (3.6828213288e-19 1.1603255684e-16)
    (3.8707387991e-19 1.1231729167e-16)
    (4.0682448355e-19 1.0859587203e-16)
    (4.2758286985e-19 1.0488123907e-16)
    (4.4940046133e-19 1.0123790782e-16)
    (4.7233130437e-19 9.7567339379e-17)
    (4.9643220310e-19 9.3935794162e-17)
    (5.2176286008e-19 9.0351324737e-17)
    (5.4838602423e-19 8.6788095767e-17)
    (5.7636764626e-19 8.3323212816e-17)
    (6.0577704204e-19 7.9925319982e-17)
    (6.3668706432e-19 7.6598695096e-17)
    (6.6917428317e-19 7.3315098140e-17)
    (7.0331917570e-19 7.0148975639e-17)
    (7.3920632540e-19 6.7064526308e-17)
    (7.7692463164e-19 6.4064332644e-17)
    (8.1656752994e-19 6.1228661025e-17)
    (8.5823322341e-19 5.8351067511e-17)
    (9.0202492599e-19 5.5610834524e-17)
    (9.4805111817e-19 5.2960285559e-17)
    (9.9642581570e-19 5.0375347404e-17)
    (1.0472688520e-18 4.7906710951e-17)
    (1.1007061752e-18 4.5526350656e-17)
    (1.1568701597e-18 4.3273917560e-17)
    (1.2158999345e-18 4.1060429930e-17)
    (1.2779417279e-18 3.8933098171e-17)
    (1.3431492292e-18 3.6863042415e-17)
    (1.4116839701e-18 3.4906750723e-17)
    (1.4837157242e-18 3.3031035978e-17)
    (1.5594229282e-18 3.1215064621e-17)
    (1.6389931234e-18 2.9497941776e-17)
    (1.7226234204e-18 2.7855280834e-17)
    (1.8105209877e-18 2.6321617736e-17)
    (1.9029035644e-18 2.4869896347e-17)
    (2.0000000000e-18 2.3379589035e-17)
);
