// k[EI_N2_EXC_N2_V6] [m^3/s] vs reducedE [V m^2]; air_plasma [23a06d772827b718], T_gas = 300.000000 K
(
    (0 0.0000000000e+00)
    (1.0000000000e-22 0.0000000000e+00)
    (1.0510254106e-22 0.0000000000e+00)
    (1.1046544136e-22 0.0000000000e+00)
    (1.1610198586e-22 0.0000000000e+00)
    (1.2202613736e-22 0.0000000000e+00)
    (1.2825257111e-22 0.0000000000e+00)
    (1.3479671121e-22 0.0000000000e+00)
    (1.4167476874e-22 0.0000000000e+00)
    (1.4890378198e-22 0.0000000000e+00)
    (1.5650165859e-22 0.0000000000e+00)
    (1.6448721998e-22 0.0000000000e+00)
    (1.7288024791e-22 0.0000000000e+00)
    (1.8170153353e-22 0.0000000000e+00)
    (1.9097292888e-22 0.0000000000e+00)
    (2.0071740098e-22 0.0000000000e+00)
    (2.1095908877e-22 0.0000000000e+00)
    (2.2172336289e-22 0.0000000000e+00)
    (2.3303688851e-22 0.0000000000e+00)
    (2.4492769142e-22 0.0000000000e+00)
    (2.5742522744e-22 0.0000000000e+00)
    (2.7056045535e-22 0.0000000000e+00)
    (2.8436591367e-22 0.0000000000e+00)
    (2.9887580116e-22 0.0000000000e+00)
    (3.1412606162e-22 0.0000000000e+00)
    (3.3015447288e-22 0.0000000000e+00)
    (3.4700074041e-22 0.0000000000e+00)
    (3.6470659565e-22 0.0000000000e+00)
    (3.8331589943e-22 0.0000000000e+00)
    (4.0287475057e-22 0.0000000000e+00)
    (4.2343160012e-22 0.0000000000e+00)
    (4.4503737136e-22 0.0000000000e+00)
    (4.6774558595e-22 0.0000000000e+00)
    (4.9161249651e-22 0.0000000000e+00)
    (5.1669722598e-22 0.0000000000e+00)
    (5.4306191407e-22 0.0000000000e+00)
    (5.7077187120e-22 0.0000000000e+00)
    (5.9989574026e-22 0.0000000000e+00)
    (6.3050566670e-22 0.0000000000e+00)
    (6.6267747720e-22 0.0000000000e+00)
    (6.9649086754e-22 0.0000000000e+00)
    (7.3202960001e-22 0.0000000000e+00)
    (7.6938171089e-22 0.0000000000e+00)
    (8.0863972857e-22 0.0000000000e+00)
    (8.4990090271e-22 0.0000000000e+00)
    (8.9326744521e-22 0.0000000000e+00)
    (9.3884678334e-22 0.0000000000e+00)
    (9.8675182591e-22 0.0000000000e+00)
    (1.0371012429e-21 0.0000000000e+00)
    (1.0900197597e-21 0.0000000000e+00)
    (1.1456384654e-21 0.0000000000e+00)
    (1.2040951385e-21 0.0000000000e+00)
    (1.2655345872e-21 0.0000000000e+00)
    (1.3301090091e-21 0.0000000000e+00)
    (1.3979783674e-21 0.0000000000e+00)
    (1.4693107876e-21 0.0000000000e+00)
    (1.5442829737e-21 0.0000000000e+00)
    (1.6230806465e-21 0.0000000000e+00)
    (1.7058990029e-21 0.0000000000e+00)
    (1.7929431998e-21 0.0000000000e+00)
    (1.8844288627e-21 0.0000000000e+00)
    (1.9805826191e-21 0.0000000000e+00)
    (2.0816426604e-21 0.0000000000e+00)
    (2.1878593318e-21 0.0000000000e+00)
    (2.2994957524e-21 0.0000000000e+00)
    (2.4168284673e-21 0.0000000000e+00)
    (2.5401481321e-21 0.0000000000e+00)
    (2.6697602334e-21 0.0000000000e+00)
    (2.8059858454e-21 0.0000000000e+00)
    (2.9491624252e-21 0.0000000000e+00)
    (3.0996446487e-21 0.0000000000e+00)
    (3.2578052895e-21 0.0000000000e+00)
    (3.4240361419e-21 0.0000000000e+00)
    (3.5987489918e-21 0.0000000000e+00)
    (3.7823766366e-21 0.0000000000e+00)
    (3.9753739574e-21 0.0000000000e+00)
    (4.1782190457e-21 0.0000000000e+00)
    (4.3914143879e-21 0.0000000000e+00)
    (4.6154881100e-21 0.0000000000e+00)
    (4.8509952857e-21 2.5453501805e-24)
    (5.0985193118e-21 2.3345246768e-24)
    (5.3586733529e-21 2.2865530900e-24)
    (5.6321018608e-21 2.5142183648e-24)
    (5.9194821706e-21 3.2618342668e-24)
    (6.2215261786e-21 5.0306768680e-24)
    (6.5389821062e-21 8.8071087212e-24)
    (6.8726363528e-21 1.6459553733e-23)
    (7.2233154443e-21 3.1402501950e-23)
    (7.5918880804e-21 5.9664400776e-23)
    (7.9792672866e-21 1.1153871288e-22)
    (8.3864126759e-21 2.0404017871e-22)
    (8.8143328258e-21 3.6442399603e-22)
    (9.2640877770e-21 6.3504528202e-22)
    (9.7367916593e-21 1.0798292502e-21)
    (1.0233615451e-20 1.7925816734e-21)
    (1.0755789881e-20 2.9072867500e-21)
    (1.1304608476e-20 4.6104153493e-21)
    (1.1881430764e-20 2.9389988763e-20)
    (1.2487685647e-20 4.8313761872e-20)
    (1.3124874934e-20 7.7871001328e-20)
    (1.3794577066e-20 1.2315414507e-19)
    (1.4498451025e-20 1.9126111640e-19)
    (1.5238240441e-20 2.9190348096e-19)
    (1.6015777915e-20 4.3813501467e-19)
    (1.6832989559e-20 6.4720535491e-19)
    (1.7691899762e-20 9.4153774262e-19)
    (1.8594636211e-20 1.3498226492e-18)
    (1.9543435158e-20 1.8825159101e-18)
    (2.0540646960e-20 2.6193872059e-18)
    (2.1588741905e-20 3.6521878104e-18)
    (2.2690316324e-20 4.9426949460e-18)
    (2.3848099030e-20 6.6114800497e-18)
    (2.5064958074e-20 8.7448491313e-18)
    (2.6343907850e-20 1.1442211686e-17)
    (2.7688116564e-20 1.5006323552e-17)
    (2.9100914079e-20 1.9319775239e-17)
    (3.0585800168e-20 2.4467999543e-17)
    (3.2146453179e-20 3.0708277379e-17)
    (3.3786739150e-20 3.8405230685e-17)
    (3.5510721387e-20 4.7336541600e-17)
    (3.7322670525e-20 5.7862110514e-17)
    (3.9227075111e-20 7.0263641151e-17)
    (4.1228652724e-20 8.4478818559e-17)
    (4.3332361656e-20 1.0077219961e-16)
    (4.5543413200e-20 1.1926933850e-16)
    (4.7867284557e-20 1.4006110459e-16)
    (5.0309732403e-20 1.6393350803e-16)
    (5.2876807154e-20 1.8940684790e-16)
    (5.5574867948e-20 2.1711625589e-16)
    (5.8410598402e-20 2.4690018208e-16)
    (6.1391023167e-20 2.7866541608e-16)
    (6.4523525328e-20 3.1175589584e-16)
    (6.7815864699e-20 3.4592901432e-16)
    (7.1276197038e-20 3.8070101653e-16)
    (7.4913094254e-20 4.1570738056e-16)
    (7.8735565645e-20 4.4996010615e-16)
    (8.2753080208e-20 4.8313756027e-16)
    (8.6975590100e-20 5.1469113829e-16)
    (9.1413555293e-20 5.4456438199e-16)
    (9.6077969483e-20 5.7137941988e-16)
    (1.0098038732e-19 5.9529991899e-16)
    (1.0613295304e-19 6.1608024693e-16)
    (1.1154843055e-19 6.3362037300e-16)
    (1.1724023501e-19 6.4777704977e-16)
    (1.2322246614e-19 6.5862084738e-16)
    (1.2950994306e-19 6.6625384526e-16)
    (1.3611824108e-19 6.7140021598e-16)
    (1.4306373021e-19 6.7305548241e-16)
    (1.5036361578e-19 6.7210165269e-16)
    (1.5803598101e-19 6.6878157586e-16)
    (1.6609983183e-19 6.6334314082e-16)
    (1.7457514394e-19 6.5581858191e-16)
    (1.8348291233e-19 6.4687960600e-16)
    (1.9284520326e-19 6.3652517947e-16)
    (2.0268520893e-19 6.2496032172e-16)
    (2.1302730493e-19 6.1237266251e-16)
    (2.2389711063e-19 5.9893209336e-16)
    (2.3532155262e-19 5.8479115939e-16)
    (2.4732893146e-19 5.7000307169e-16)
    (2.5994899173e-19 5.5507751775e-16)
    (2.7321299575e-19 5.3957566268e-16)
    (2.8715380103e-19 5.2383026957e-16)
    (3.0180594162e-19 5.0792412867e-16)
    (3.1720571370e-19 4.9199334372e-16)
    (3.3339126548e-19 4.7598057483e-16)
    (3.5040269168e-19 4.6000022242e-16)
    (3.6828213288e-19 4.4355253013e-16)
    (3.8707387991e-19 4.2781232934e-16)
    (4.0682448355e-19 4.1223971211e-16)
    (4.2758286985e-19 3.9686823038e-16)
    (4.4940046133e-19 3.8196840344e-16)
    (4.7233130437e-19 3.6707193498e-16)
    (4.9643220310e-19 3.5245737154e-16)
    (5.2176286008e-19 3.3814349950e-16)
    (5.4838602423e-19 3.2405994459e-16)
    (5.7636764626e-19 3.1040719019e-16)
    (6.0577704204e-19 2.9710058060e-16)
    (6.3668706432e-19 2.8414744407e-16)
    (6.6917428317e-19 2.7156984395e-16)
    (7.0331917570e-19 2.5934597084e-16)
    (7.3920632540e-19 2.4749530211e-16)
    (7.7692463164e-19 2.3602062058e-16)
    (8.1656752994e-19 2.2504456052e-16)
    (8.5823322341e-19 2.1427082880e-16)
    (9.0202492599e-19 2.0392277136e-16)
    (9.4805111817e-19 1.9394666650e-16)
    (9.9642581570e-19 1.8416041873e-16)
    (1.0472688520e-18 1.7493383269e-16)
    (1.1007061752e-18 1.6606187070e-16)
    (1.1568701597e-18 1.5778779682e-16)
    (1.2158999345e-18 1.4956660887e-16)
    (1.2779417279e-18 1.4168398633e-16)
    (1.3431492292e-18 1.3381304146e-16)
    (1.4116839701e-18 1.2662760484e-16)
    (1.4837157242e-18 1.1974863456e-16)
    (1.5594229282e-18 1.1327823468e-16)
    (1.6389931234e-18 1.0697024922e-16)
    (1.7226234204e-18 1.0094626126e-16)
    (1.8105209877e-18 9.5308455538e-17)
    (1.9029035644e-18 8.9997567116e-17)
    (2.0000000000e-18 8.4565421289e-17)
);
