// k[EI_O2_EXC_O2_V3] [m^3/s] vs reducedE [V m^2]; air_plasma [23a06d772827b718], T_gas = 300.000000 K
(
    (0 0.0000000000e+00)
    (1.0000000000e-22 0.0000000000e+00)
    (1.0510254106e-22 0.0000000000e+00)
    (1.1046544136e-22 0.0000000000e+00)
    (1.1610198586e-22 0.0000000000e+00)
    (1.2202613736e-22 0.0000000000e+00)
    (1.2825257111e-22 0.0000000000e+00)
    (1.3479671121e-22 1.8432071202e-21)
    (1.4167476874e-22 0.0000000000e+00)
    (1.4890378198e-22 0.0000000000e+00)
    (1.5650165859e-22 0.0000000000e+00)
    (1.6448721998e-22 0.0000000000e+00)
    (1.7288024791e-22 7.2024487795e-23)
    (1.8170153353e-22 0.0000000000e+00)
    (1.9097292888e-22 3.0265566857e-22)
    (2.0071740098e-22 1.0699408025e-21)
    (2.1095908877e-22 2.4016285073e-22)
    (2.2172336289e-22 2.3576270072e-22)
    (2.3303688851e-22 2.3226730780e-22)
    (2.4492769142e-22 2.2945665499e-22)
    (2.5742522744e-22 2.2718317843e-22)
    (2.7056045535e-22 2.2536862510e-22)
    (2.8436591367e-22 2.2401732598e-22)
    (2.9887580116e-22 2.2323410815e-22)
    (3.1412606162e-22 2.2325928105e-22)
    (3.3015447288e-22 2.2453038469e-22)
    (3.4700074041e-22 2.2777264023e-22)
    (3.6470659565e-22 2.3413980751e-22)
    (3.8331589943e-22 2.4543294438e-22)
    (4.0287475057e-22 2.6442138436e-22)
    (4.2343160012e-22 2.9532444341e-22)
    (4.4503737136e-22 3.4451681758e-22)
    (4.6774558595e-22 4.2155992059e-22)
    (4.9161249651e-22 5.4068021447e-22)
    (5.1669722598e-22 7.2287390015e-22)
    (5.4306191407e-22 9.9885397177e-22)
    (5.7077187120e-22 1.4131207462e-21)
    (5.9989574026e-22 2.0294717342e-21)
    (6.3050566670e-22 2.9383296171e-21)
    (6.6267747720e-22 4.2662872603e-21)
    (6.9649086754e-22 6.1882642836e-21)
    (7.3202960001e-22 8.9426153674e-21)
    (7.6938171089e-22 1.5164337141e-20)
    (8.0863972857e-22 2.1827445235e-20)
    (8.4990090271e-22 3.1373650171e-20)
    (8.9326744521e-22 4.4888618178e-20)
    (9.3884678334e-22 6.4087396971e-20)
    (9.8675182591e-22 9.0444089749e-20)
    (1.0371012429e-21 1.2661882007e-19)
    (1.0900197597e-21 1.7571944613e-19)
    (1.1456384654e-21 2.4197519004e-19)
    (1.2040951385e-21 3.2939005360e-19)
    (1.2655345872e-21 4.4392155877e-19)
    (1.3301090091e-21 5.9213768316e-19)
    (1.3979783674e-21 7.8153762835e-19)
    (1.4693107876e-21 1.0204655202e-18)
    (1.5442829737e-21 1.3179406518e-18)
    (1.6230806465e-21 1.6833935143e-18)
    (1.7058990029e-21 2.1263038535e-18)
    (1.7929431998e-21 2.6552688505e-18)
    (1.8844288627e-21 3.2793469376e-18)
    (1.9805826191e-21 4.0047449164e-18)
    (2.0816426604e-21 4.8360312565e-18)
    (2.1878593318e-21 5.7751838132e-18)
    (2.2994957524e-21 6.8211792279e-18)
    (2.4168284673e-21 7.9697398331e-18)
    (2.5401481321e-21 9.2132761774e-18)
    (2.6697602334e-21 1.0541044218e-17)
    (2.8059858454e-21 1.1939513029e-17)
    (2.9491624252e-21 1.3392915280e-17)
    (3.0996446487e-21 1.4883932779e-17)
    (3.2578052895e-21 1.6394456260e-17)
    (3.4240361419e-21 1.7906354252e-17)
    (3.5987489918e-21 1.9402190227e-17)
    (3.7823766366e-21 2.0865838715e-17)
    (3.9753739574e-21 2.2282966994e-17)
    (4.1782190457e-21 2.3641366289e-17)
    (4.3914143879e-21 2.4931132485e-17)
    (4.6154881100e-21 2.6144709218e-17)
    (4.8509952857e-21 2.7276577680e-17)
    (5.0985193118e-21 2.8324103523e-17)
    (5.3586733529e-21 2.9285775246e-17)
    (5.6321018608e-21 3.0161955235e-17)
    (5.9194821706e-21 3.0954361129e-17)
    (6.2215261786e-21 3.1665792577e-17)
    (6.5389821062e-21 3.2299873248e-17)
    (6.8726363528e-21 3.2860816637e-17)
    (7.2233154443e-21 3.3353220631e-17)
    (7.5918880804e-21 3.3781892797e-17)
    (7.9792672866e-21 3.4151706238e-17)
    (8.3864126759e-21 3.4467484264e-17)
    (8.8143328258e-21 3.4733911231e-17)
    (9.2640877770e-21 3.4955466335e-17)
    (9.7367916593e-21 3.5136376998e-17)
    (1.0233615451e-20 3.5280588531e-17)
    (1.0755789881e-20 3.5391746979e-17)
    (1.1304608476e-20 3.5473192368e-17)
    (1.1881430764e-20 3.5527692085e-17)
    (1.2487685647e-20 3.5558227261e-17)
    (1.3124874934e-20 3.5567197969e-17)
    (1.3794577066e-20 3.5556757686e-17)
    (1.4498451025e-20 3.5528800098e-17)
    (1.5238240441e-20 3.5484976395e-17)
    (1.6015777915e-20 3.5426713194e-17)
    (1.6832989559e-20 3.5355230695e-17)
    (1.7691899762e-20 3.5271560732e-17)
    (1.8594636211e-20 3.5176564509e-17)
    (1.9543435158e-20 3.5070270020e-17)
    (2.0540646960e-20 3.4954565441e-17)
    (2.1588741905e-20 3.4824646276e-17)
    (2.2690316324e-20 3.4689814884e-17)
    (2.3848099030e-20 3.4545948190e-17)
    (2.5064958074e-20 3.4393218831e-17)
    (2.6343907850e-20 3.4231748282e-17)
    (2.7688116564e-20 3.4066918477e-17)
    (2.9100914079e-20 3.3904338036e-17)
    (3.0585800168e-20 3.3737462847e-17)
    (3.2146453179e-20 3.3575994016e-17)
    (3.3786739150e-20 3.3414902067e-17)
    (3.5510721387e-20 3.3291726359e-17)
    (3.7322670525e-20 3.3207754782e-17)
    (3.9227075111e-20 3.3189171339e-17)
    (4.1228652724e-20 3.3253383978e-17)
    (4.3332361656e-20 3.3440974861e-17)
    (4.5543413200e-20 3.3796760315e-17)
    (4.7867284557e-20 3.4375730432e-17)
    (5.0309732403e-20 3.5262414643e-17)
    (5.2876807154e-20 3.6502474970e-17)
    (5.5574867948e-20 3.8194511492e-17)
    (5.8410598402e-20 4.0432260359e-17)
    (6.1391023167e-20 4.3345650775e-17)
    (6.4523525328e-20 4.6975646347e-17)
    (6.7815864699e-20 5.1443646440e-17)
    (7.1276197038e-20 5.6834554768e-17)
    (7.4913094254e-20 6.3290268603e-17)
    (7.8735565645e-20 7.0711500342e-17)
    (8.2753080208e-20 7.9195649268e-17)
    (8.6975590100e-20 8.8739404444e-17)
    (9.1413555293e-20 9.9461765480e-17)
    (9.6077969483e-20 1.1100391988e-16)
    (1.0098038732e-19 1.2343074587e-16)
    (1.0613295304e-19 1.3663926541e-16)
    (1.1154843055e-19 1.5055169861e-16)
    (1.1724023501e-19 1.6495578050e-16)
    (1.2322246614e-19 1.7976212279e-16)
    (1.2950994306e-19 1.9483704126e-16)
    (1.3611824108e-19 2.1014189650e-16)
    (1.4306373021e-19 2.2534779389e-16)
    (1.5036361578e-19 2.4045357035e-16)
    (1.5803598101e-19 2.5535255553e-16)
    (1.6609983183e-19 2.6994775052e-16)
    (1.7457514394e-19 2.8417604058e-16)
    (1.8348291233e-19 2.9790266670e-16)
    (1.9284520326e-19 3.1109372338e-16)
    (2.0268520893e-19 3.2368887496e-16)
    (2.1302730493e-19 3.3563555370e-16)
    (2.2389711063e-19 3.4688835630e-16)
    (2.3532155262e-19 3.5740849196e-16)
    (2.4732893146e-19 3.6710144093e-16)
    (2.5994899173e-19 3.7602563197e-16)
    (2.7321299575e-19 3.8417502046e-16)
    (2.8715380103e-19 3.9149409381e-16)
    (3.0180594162e-19 3.9797071149e-16)
    (3.1720571370e-19 4.0356847760e-16)
    (3.3339126548e-19 4.0833906860e-16)
    (3.5040269168e-19 4.1225714403e-16)
    (3.6828213288e-19 4.1546243934e-16)
    (3.8707387991e-19 4.1767547234e-16)
    (4.0682448355e-19 4.1906045813e-16)
    (4.2758286985e-19 4.1963071656e-16)
    (4.4940046133e-19 4.1924873270e-16)
    (4.7233130437e-19 4.1825336152e-16)
    (4.9643220310e-19 4.1650028735e-16)
    (5.2176286008e-19 4.1401211665e-16)
    (5.4838602423e-19 4.1073644848e-16)
    (5.7636764626e-19 4.0686678023e-16)
    (6.0577704204e-19 4.0234634405e-16)
    (6.3668706432e-19 3.9720425381e-16)
    (6.6917428317e-19 3.9141526694e-16)
    (7.0331917570e-19 3.8514469307e-16)
    (7.3920632540e-19 3.7835652292e-16)
    (7.7692463164e-19 3.7108853885e-16)
    (8.1656752994e-19 3.6333735367e-16)
    (8.5823322341e-19 3.5514131586e-16)
    (9.0202492599e-19 3.4668792748e-16)
    (9.4805111817e-19 3.3791292464e-16)
    (9.9642581570e-19 3.2879193565e-16)
    (1.0472688520e-18 3.1949449678e-16)
    (1.1007061752e-18 3.0999403029e-16)
    (1.1568701597e-18 3.0027063504e-16)
    (1.2158999345e-18 2.9047900469e-16)
    (1.2779417279e-18 2.8059704467e-16)
    (1.3431492292e-18 2.7057166358e-16)
    (1.4116839701e-18 2.6062119772e-16)
    (1.4837157242e-18 2.5068019379e-16)
    (1.5594229282e-18 2.4069980714e-16)
    (1.6389931234e-18 2.3087630356e-16)
    (1.7226234204e-18 2.2114691212e-16)
    (1.8105209877e-18 2.1148410569e-16)
    (1.9029035644e-18 2.0157132586e-16)
    (2.0000000000e-18 1.9272571696e-16)
);
