// k[EI_N2_EXC_N2_V3] [m^3/s] vs reducedE [V m^2]; air_plasma [23a06d772827b718], T_gas = 300.000000 K
(
    (0 0.0000000000e+00)
    (1.0000000000e-22 0.0000000000e+00)
    (1.0510254106e-22 0.0000000000e+00)
    (1.1046544136e-22 0.0000000000e+00)
    (1.1610198586e-22 0.0000000000e+00)
    (1.2202613736e-22 0.0000000000e+00)
    (1.2825257111e-22 0.0000000000e+00)
    (1.3479671121e-22 0.0000000000e+00)
    (1.4167476874e-22 0.0000000000e+00)
    (1.4890378198e-22 0.0000000000e+00)
    (1.5650165859e-22 0.0000000000e+00)
    (1.6448721998e-22 0.0000000000e+00)
    (1.7288024791e-22 2.3408728181e-22)
    (1.8170153353e-22 0.0000000000e+00)
    (1.9097292888e-22 9.5929905846e-22)
    (2.0071740098e-22 0.0000000000e+00)
    (2.1095908877e-22 0.0000000000e+00)
    (2.2172336289e-22 0.0000000000e+00)
    (2.3303688851e-22 0.0000000000e+00)
    (2.4492769142e-22 0.0000000000e+00)
    (2.5742522744e-22 0.0000000000e+00)
    (2.7056045535e-22 0.0000000000e+00)
    (2.8436591367e-22 0.0000000000e+00)
    (2.9887580116e-22 0.0000000000e+00)
    (3.1412606162e-22 0.0000000000e+00)
    (3.3015447288e-22 0.0000000000e+00)
    (3.4700074041e-22 0.0000000000e+00)
    (3.6470659565e-22 0.0000000000e+00)
    (3.8331589943e-22 0.0000000000e+00)
    (4.0287475057e-22 0.0000000000e+00)
    (4.2343160012e-22 0.0000000000e+00)
    (4.4503737136e-22 0.0000000000e+00)
    (4.6774558595e-22 0.0000000000e+00)
    (4.9161249651e-22 0.0000000000e+00)
    (5.1669722598e-22 0.0000000000e+00)
    (5.4306191407e-22 0.0000000000e+00)
    (5.7077187120e-22 0.0000000000e+00)
    (5.9989574026e-22 0.0000000000e+00)
    (6.3050566670e-22 0.0000000000e+00)
    (6.6267747720e-22 0.0000000000e+00)
    (6.9649086754e-22 0.0000000000e+00)
    (7.3202960001e-22 0.0000000000e+00)
    (7.6938171089e-22 0.0000000000e+00)
    (8.0863972857e-22 0.0000000000e+00)
    (8.4990090271e-22 0.0000000000e+00)
    (8.9326744521e-22 0.0000000000e+00)
    (9.3884678334e-22 0.0000000000e+00)
    (9.8675182591e-22 0.0000000000e+00)
    (1.0371012429e-21 0.0000000000e+00)
    (1.0900197597e-21 0.0000000000e+00)
    (1.1456384654e-21 0.0000000000e+00)
    (1.2040951385e-21 0.0000000000e+00)
    (1.2655345872e-21 0.0000000000e+00)
    (1.3301090091e-21 0.0000000000e+00)
    (1.3979783674e-21 0.0000000000e+00)
    (1.4693107876e-21 0.0000000000e+00)
    (1.5442829737e-21 0.0000000000e+00)
    (1.6230806465e-21 0.0000000000e+00)
    (1.7058990029e-21 0.0000000000e+00)
    (1.7929431998e-21 2.1897552184e-22)
    (1.8844288627e-21 2.0494191042e-22)
    (1.9805826191e-21 2.0347009778e-22)
    (2.0816426604e-21 2.2479049580e-22)
    (2.1878593318e-21 2.8852780841e-22)
    (2.2994957524e-21 4.3091090380e-22)
    (2.4168284673e-21 7.1647341328e-22)
    (2.5401481321e-21 1.2563066019e-21)
    (2.6697602334e-21 2.2354341533e-21)
    (2.8059858454e-21 3.9522857328e-21)
    (2.9491624252e-21 6.8734474622e-21)
    (3.0996446487e-21 1.1706836435e-20)
    (3.2578052895e-21 1.9496077539e-20)
    (3.4240361419e-21 3.1738040815e-20)
    (3.5987489918e-21 5.0524192074e-20)
    (3.7823766366e-21 7.8704772042e-20)
    (3.9753739574e-21 1.2007292337e-19)
    (4.1782190457e-21 1.7956386326e-19)
    (4.3914143879e-21 2.6346222775e-19)
    (4.6154881100e-21 3.7960898154e-19)
    (4.8509952857e-21 5.2149652080e-19)
    (5.0985193118e-21 7.2633036715e-19)
    (5.3586733529e-21 9.9679277249e-19)
    (5.6321018608e-21 1.3491292609e-18)
    (5.9194821706e-21 1.8024070875e-18)
    (6.2215261786e-21 2.3787944367e-18)
    (6.5389821062e-21 3.1038479444e-18)
    (6.8726363528e-21 4.0068088241e-18)
    (7.2233154443e-21 5.1209072322e-18)
    (7.5918880804e-21 6.4836735107e-18)
    (7.9792672866e-21 8.1372537240e-18)
    (8.3864126759e-21 1.0128725639e-17)
    (8.8143328258e-21 1.2510410142e-17)
    (9.2640877770e-21 1.5340172203e-17)
    (9.7367916593e-21 1.8681705045e-17)
    (1.0233615451e-20 2.2604791194e-17)
    (1.0755789881e-20 2.7185534569e-17)
    (1.1304608476e-20 3.2506558658e-17)
    (1.1881430764e-20 3.8611966813e-17)
    (1.2487685647e-20 4.5652709490e-17)
    (1.3124874934e-20 5.3703422661e-17)
    (1.3794577066e-20 6.2866145894e-17)
    (1.4498451025e-20 7.3247272291e-17)
    (1.5238240441e-20 8.4956946621e-17)
    (1.6015777915e-20 9.8108386649e-17)
    (1.6832989559e-20 1.1281714753e-16)
    (1.7691899762e-20 1.2920035257e-16)
    (1.8594636211e-20 1.4737591545e-16)
    (1.9543435158e-20 1.6741412262e-16)
    (2.0540646960e-20 1.8951746063e-16)
    (2.1588741905e-20 2.1372486028e-16)
    (2.2690316324e-20 2.4020221246e-16)
    (2.3848099030e-20 2.6904224869e-16)
    (2.5064958074e-20 3.0035184919e-16)
    (2.6343907850e-20 3.3423353009e-16)
    (2.7688116564e-20 3.7037327635e-16)
    (2.9100914079e-20 4.0953083295e-16)
    (3.0585800168e-20 4.5163163310e-16)
    (3.2146453179e-20 4.9664835759e-16)
    (3.3786739150e-20 5.4426735969e-16)
    (3.5510721387e-20 5.9523483466e-16)
    (3.7322670525e-20 6.4920794942e-16)
    (3.9227075111e-20 7.0471842566e-16)
    (4.1228652724e-20 7.6454720903e-16)
    (4.3332361656e-20 8.2711412797e-16)
    (4.5543413200e-20 8.9219294222e-16)
    (4.7867284557e-20 9.5946758815e-16)
    (5.0309732403e-20 1.0282818901e-15)
    (5.2876807154e-20 1.0985377250e-15)
    (5.5574867948e-20 1.1693947546e-15)
    (5.8410598402e-20 1.2400938262e-15)
    (6.1391023167e-20 1.3086490864e-15)
    (6.4523525328e-20 1.3764298186e-15)
    (6.7815864699e-20 1.4412545768e-15)
    (7.1276197038e-20 1.5021188265e-15)
    (7.4913094254e-20 1.5553156672e-15)
    (7.8735565645e-20 1.6055076077e-15)
    (8.2753080208e-20 1.6491475700e-15)
    (8.6975590100e-20 1.6856412248e-15)
    (9.1413555293e-20 1.7136140087e-15)
    (9.6077969483e-20 1.7348374509e-15)
    (1.0098038732e-19 1.7483282742e-15)
    (1.0613295304e-19 1.7542835610e-15)
    (1.1154843055e-19 1.7509335429e-15)
    (1.1724023501e-19 1.7433014585e-15)
    (1.2322246614e-19 1.7295453594e-15)
    (1.2950994306e-19 1.7103140667e-15)
    (1.3611824108e-19 1.6855751569e-15)
    (1.4306373021e-19 1.6575023466e-15)
    (1.5036361578e-19 1.6259586499e-15)
    (1.5803598101e-19 1.5915525147e-15)
    (1.6609983183e-19 1.5548423289e-15)
    (1.7457514394e-19 1.5156348028e-15)
    (1.8348291233e-19 1.4758604908e-15)
    (1.9284520326e-19 1.4351017507e-15)
    (2.0268520893e-19 1.3936909121e-15)
    (2.1302730493e-19 1.3519099663e-15)
    (2.2389711063e-19 1.3099956718e-15)
    (2.3532155262e-19 1.2681450094e-15)
    (2.4732893146e-19 1.2260447308e-15)
    (2.5994899173e-19 1.1847096514e-15)
    (2.7321299575e-19 1.1439888491e-15)
    (2.8715380103e-19 1.1038075060e-15)
    (3.0180594162e-19 1.0642387572e-15)
    (3.1720571370e-19 1.0249354311e-15)
    (3.3339126548e-19 9.8683037371e-16)
    (3.5040269168e-19 9.4947553571e-16)
    (3.6828213288e-19 9.1146360279e-16)
    (3.8707387991e-19 8.7581308244e-16)
    (4.0682448355e-19 8.4099113619e-16)
    (4.2758286985e-19 8.0701470176e-16)
    (4.4940046133e-19 7.7450950024e-16)
    (4.7233130437e-19 7.4222218412e-16)
    (4.9643220310e-19 7.1081914052e-16)
    (5.2176286008e-19 6.8030398899e-16)
    (5.4838602423e-19 6.5067953916e-16)
    (5.7636764626e-19 6.2195030778e-16)
    (6.0577704204e-19 5.9411871458e-16)
    (6.3668706432e-19 5.6717663542e-16)
    (6.6917428317e-19 5.4041180408e-16)
    (7.0331917570e-19 5.1533486903e-16)
    (7.3920632540e-19 4.9111811719e-16)
    (7.7692463164e-19 4.6775382253e-16)
    (8.1656752994e-19 4.4591434362e-16)
    (8.5823322341e-19 4.2337003845e-16)
    (9.0202492599e-19 4.0253246955e-16)
    (9.4805111817e-19 3.8249342700e-16)
    (9.9642581570e-19 3.6340666898e-16)
    (1.0472688520e-18 3.4488280418e-16)
    (1.1007061752e-18 3.2711223502e-16)
    (1.1568701597e-18 3.1006450657e-16)
    (1.2158999345e-18 2.9374015302e-16)
    (1.2779417279e-18 2.7810945321e-16)
    (1.3431492292e-18 2.6265244247e-16)
    (1.4116839701e-18 2.4841792520e-16)
    (1.4837157242e-18 2.3480853406e-16)
    (1.5594229282e-18 2.2212763043e-16)
    (1.6389931234e-18 2.0966164328e-16)
    (1.7226234204e-18 1.9777032134e-16)
    (1.8105209877e-18 1.8656828967e-16)
    (1.9029035644e-18 1.7611494558e-16)
    (2.0000000000e-18 1.6543839029e-16)
);
