// k[EI_N2_EXC_N2_V1] [m^3/s] vs mean energy [eV]; air_plasma [23a06d772827b718], T_gas = 300.000000 K
(
    (0 1.4644226189e-20)
    (8.3422134201e-02 1.4644226189e-20)
    (8.8462680050e-02 1.8464295568e-20)
    (9.3491060499e-02 2.3026126093e-20)
    (9.6777619891e-02 2.7850337408e-20)
    (1.0175997315e-01 3.3665756108e-20)
    (1.0646293907e-01 4.0244735680e-20)
    (1.1133785898e-01 5.3151057120e-20)
    (1.1494524000e-01 5.5851432829e-20)
    (1.1873395973e-01 6.4990111773e-20)
    (1.2224734874e-01 7.5113868474e-20)
    (1.2551219849e-01 8.6308092942e-20)
    (1.2824328374e-01 9.8253628000e-20)
    (1.3141043808e-01 1.1229914477e-19)
    (1.3383153708e-01 1.2752918926e-19)
    (1.3676045299e-01 1.4878010061e-19)
    (1.3906586166e-01 1.6260139378e-19)
    (1.4141448729e-01 1.8248846131e-19)
    (1.4369352067e-01 2.0428097851e-19)
    (1.4592237950e-01 2.2812132020e-19)
    (1.4811895507e-01 2.5415623200e-19)
    (1.5029968859e-01 2.8253628886e-19)
    (1.5247964864e-01 3.1341549187e-19)
    (1.5467260739e-01 3.4695096716e-19)
    (1.5689111725e-01 3.8330280241e-19)
    (1.5914658981e-01 4.2263403537e-19)
    (1.6144937818e-01 4.6511077651e-19)
    (1.6380886523e-01 5.1090249041e-19)
    (1.6623355953e-01 5.6018245185e-19)
    (1.6873119978e-01 6.1312835851e-19)
    (1.7130886915e-01 6.6992313359e-19)
    (1.7397311959e-01 7.3075591527e-19)
    (1.7673010631e-01 7.9582326537e-19)
    (1.7958573144e-01 8.6533060435e-19)
    (1.8254579637e-01 9.3949392828e-19)
    (1.8561616139e-01 1.0185418527e-18)
    (1.8880291207e-01 1.1027180738e-18)
    (1.9211253088e-01 1.1922843253e-18)
    (1.9555207395e-01 1.2875239593e-18)
    (1.9912935206e-01 1.3887462599e-18)
    (2.0285311488e-01 1.4962915883e-18)
    (2.0673323717e-01 1.6105374212e-18)
    (2.1077955069e-01 1.7322583858e-18)
    (2.1499326283e-01 1.8622141744e-18)
    (2.1942255698e-01 2.0001119098e-18)
    (2.2406764334e-01 2.1473521011e-18)
    (2.2896000916e-01 2.3066760962e-18)
    (2.3410210934e-01 2.4765144963e-18)
    (2.3953467239e-01 2.6602353141e-18)
    (2.4529093645e-01 2.8603265868e-18)
    (2.5140825018e-01 3.0806886818e-18)
    (2.5793258691e-01 3.3243925188e-18)
    (2.6491215469e-01 3.5976931332e-18)
    (2.7240227530e-01 3.9078864401e-18)
    (2.8046375297e-01 4.2643061150e-18)
    (2.8916213748e-01 4.6787188676e-18)
    (2.9856646161e-01 5.1657073602e-18)
    (3.0874738545e-01 5.7429969808e-18)
    (3.1977472197e-01 6.4316709799e-18)
    (3.3168362229e-01 7.2556457541e-18)
    (3.4459290637e-01 8.2441532283e-18)
    (3.5851916481e-01 9.4268414481e-18)
    (3.7349390343e-01 1.0836038946e-17)
    (3.8952971105e-01 1.2504763971e-17)
    (4.0661729963e-01 1.4465227626e-17)
    (4.2472352370e-01 1.6747104408e-17)
    (4.4379064350e-01 1.9375692046e-17)
    (4.6373698345e-01 2.2370113600e-17)
    (4.8445899582e-01 2.5741727214e-17)
    (5.0583459041e-01 2.9492898866e-17)
    (5.2772746033e-01 3.3616261347e-17)
    (5.4999204197e-01 3.8094533167e-17)
    (5.7247870695e-01 4.2900912773e-17)
    (5.9503879746e-01 4.8000005499e-17)
    (6.1752917515e-01 5.3349192065e-17)
    (6.3981604274e-01 5.8900314121e-17)
    (6.6177789913e-01 6.4601536937e-17)
    (6.8330758583e-01 7.0399251030e-17)
    (7.0431346420e-01 7.6239890131e-17)
    (7.2467697436e-01 8.2060806987e-17)
    (7.4441509710e-01 8.7832501725e-17)
    (7.6344531747e-01 9.3501018756e-17)
    (7.8173515144e-01 9.9026336277e-17)
    (7.9926434244e-01 1.0437380523e-16)
    (8.1602339392e-01 1.0951437420e-16)
    (8.3201207605e-01 1.1442458391e-16)
    (8.4723797325e-01 1.1908637355e-16)
    (8.6171511997e-01 1.2348674249e-16)
    (8.7546275606e-01 1.2761730962e-16)
    (8.8850422020e-01 1.3147380864e-16)
    (9.0086598971e-01 1.3505555271e-16)
    (9.1257686765e-01 1.3836489567e-16)
    (9.2366731217e-01 1.4140671150e-16)
    (9.3416889937e-01 1.4418790758e-16)
    (9.4411390757e-01 1.4671698220e-16)
    (9.5353500920e-01 1.4900363224e-16)
    (9.6246505520e-01 1.5105841312e-16)
    (9.7091857930e-01 1.5288128472e-16)
    (9.7895628770e-01 1.5450345889e-16)
    (9.8659875486e-01 1.5592712069e-16)
    (9.9387769322e-01 1.5716351555e-16)
    (1.0008245462e+00 1.5822366828e-16)
    (1.0074705061e+00 1.5911828112e-16)
    (1.0138465437e+00 1.5985765691e-16)
    (1.0199834445e+00 1.6045164324e-16)
    (1.0259118506e+00 1.6090959427e-16)
    (1.0316623064e+00 1.6124034703e-16)
    (1.0372368134e+00 1.6145242688e-16)
    (1.0427253204e+00 1.6155306613e-16)
    (1.0479294135e+00 1.6147477608e-16)
    (1.0533131407e+00 1.6137848332e-16)
    (1.0587015549e+00 1.6119288576e-16)
    (1.0641455878e+00 1.6092486014e-16)
    (1.0697076953e+00 1.6058153142e-16)
    (1.0750720293e+00 1.6009779989e-16)
    (1.0809973277e+00 1.5956152161e-16)
    (1.0874475840e+00 1.5904022165e-16)
    (1.0944735414e+00 1.5847925261e-16)
    (1.1021354195e+00 1.5781794003e-16)
    (1.1110462081e+00 1.5722927169e-16)
    (1.1213652590e+00 1.5665583141e-16)
    (1.1333688578e+00 1.5614178162e-16)
    (1.1479276605e+00 1.5569051772e-16)
    (1.1654776904e+00 1.5535983180e-16)
    (1.1867523231e+00 1.5519980014e-16)
    (1.2125891895e+00 1.5526863439e-16)
    (1.2443761699e+00 1.5555636738e-16)
    (1.2823184390e+00 1.5630164999e-16)
    (1.3278130703e+00 1.5749256268e-16)
    (1.3819109720e+00 1.5920916611e-16)
    (1.4462628824e+00 1.6152427149e-16)
    (1.5205346482e+00 1.6452997376e-16)
    (1.6060431212e+00 1.6827875692e-16)
    (1.7033101278e+00 1.7282150898e-16)
    (1.8133236744e+00 1.7817994515e-16)
    (1.9345349977e+00 1.8439681107e-16)
    (2.0673826653e+00 1.9144286511e-16)
    (2.2112586444e+00 1.9928809590e-16)
    (2.3675391486e+00 2.0800355544e-16)
    (2.5306547436e+00 2.1728145170e-16)
    (2.7016797611e+00 2.2716142007e-16)
    (2.8793718350e+00 2.3755743932e-16)
    (3.0627158465e+00 2.4836229414e-16)
    (3.2500925522e+00 2.5952857143e-16)
    (3.4406844079e+00 2.7095694356e-16)
    (3.6335931443e+00 2.8257771304e-16)
    (3.8293914994e+00 2.9437533233e-16)
    (4.0246201322e+00 3.0620491571e-16)
    (4.2205744262e+00 3.1809508559e-16)
    (4.4170654205e+00 3.3002845993e-16)
    (4.6140592698e+00 3.4200007481e-16)
    (4.8118293106e+00 3.5400349280e-16)
    (5.0101425298e+00 3.6607487858e-16)
    (5.2096264803e+00 3.7823118872e-16)
    (5.4106830855e+00 3.9050211936e-16)
    (5.6137791567e+00 4.0292148034e-16)
    (5.8194315888e+00 4.1552526249e-16)
    (6.0281942774e+00 4.2834971940e-16)
    (6.2397182407e+00 4.4136643404e-16)
    (6.4559105451e+00 4.5468528687e-16)
    (6.6776519205e+00 4.6836610674e-16)
    (6.9049922865e+00 4.8238085901e-16)
    (7.1385780794e+00 4.9674177339e-16)
    (7.3786430488e+00 5.1140843815e-16)
    (7.6265303642e+00 5.2646018024e-16)
    (7.8826257025e+00 5.4184071318e-16)
    (8.1497191059e+00 5.5765001482e-16)
    (8.4240092405e+00 5.7358766947e-16)
    (8.7085308876e+00 5.8974782304e-16)
    (9.0040228143e+00 6.0607681799e-16)
    (9.3087340154e+00 6.2232531882e-16)
    (9.6283995994e+00 6.3880510282e-16)
    (9.9612246963e+00 6.5524663293e-16)
    (1.0308125495e+01 6.7157125021e-16)
    (1.0668465983e+01 6.8758521074e-16)
    (1.1045828452e+01 7.0342463456e-16)
    (1.1439820622e+01 7.1889107138e-16)
    (1.1851696174e+01 7.3389739154e-16)
    (1.2280620034e+01 7.4825715971e-16)
    (1.2730516764e+01 7.6208870061e-16)
    (1.3201609335e+01 7.7520440650e-16)
    (1.3695082127e+01 7.8752333261e-16)
    (1.4209909604e+01 7.9886701574e-16)
    (1.4748613160e+01 8.0917629865e-16)
    (1.5316430848e+01 8.1868463569e-16)
    (1.5912205402e+01 8.2711488367e-16)
    (1.6537243804e+01 8.3426494991e-16)
    (1.7194717344e+01 8.4036968783e-16)
    (1.7885901787e+01 8.4523482569e-16)
    (1.8613989945e+01 8.4869999277e-16)
    (1.9379845460e+01 8.5096166341e-16)
    (2.0186705972e+01 8.5187717176e-16)
    (2.1034800734e+01 8.5120478608e-16)
    (2.1932990500e+01 8.4937987334e-16)
    (2.2881431137e+01 8.4616162858e-16)
    (2.3881383122e+01 8.4131793651e-16)
    (2.4941600051e+01 8.3533764791e-16)
    (2.6064042589e+01 8.2798220533e-16)
    (2.7252346416e+01 8.1909249716e-16)
    (2.8390136249e+01 8.0767092749e-16)
    (2.9849584724e+01 7.9777865786e-16)
);
