// k[EI_O2_ATT] [m^6/s] vs reducedE [V m^2]; air_plasma [23a06d772827b718], T_gas = 300.000000 K
(
    (0 3.2772056958e-42)
    (1.0000000000e-22 3.2772056958e-42)
    (1.0510254106e-22 3.3498694608e-42)
    (1.1046544136e-22 3.4091328175e-42)
    (1.1610198586e-22 3.4614502973e-42)
    (1.2202613736e-22 3.5010193905e-42)
    (1.2825257111e-22 3.5288381080e-42)
    (1.3479671121e-22 3.5419706846e-42)
    (1.4167476874e-22 3.5567130616e-42)
    (1.4890378198e-22 3.5601659991e-42)
    (1.5650165859e-22 3.5584931829e-42)
    (1.6448721998e-22 3.5527711144e-42)
    (1.7288024791e-22 3.5488158292e-42)
    (1.8170153353e-22 3.5323578284e-42)
    (1.9097292888e-22 3.5227069343e-42)
    (2.0071740098e-22 3.4998776662e-42)
    (2.1095908877e-22 3.4862454678e-42)
    (2.2172336289e-22 3.4681311513e-42)
    (2.3303688851e-22 3.4487931759e-42)
    (2.4492769142e-22 3.4282876775e-42)
    (2.5742522744e-22 3.4066382671e-42)
    (2.7056045535e-22 3.3838467770e-42)
    (2.8436591367e-22 3.3599018688e-42)
    (2.9887580116e-22 3.3347858645e-42)
    (3.1412606162e-22 3.3084800786e-42)
    (3.3015447288e-22 3.2809688891e-42)
    (3.4700074041e-22 3.2522427420e-42)
    (3.6470659565e-22 3.2223002397e-42)
    (3.8331589943e-22 3.1911494367e-42)
    (4.0287475057e-22 3.1588084547e-42)
    (4.2343160012e-22 3.1253055024e-42)
    (4.4503737136e-22 3.0906783910e-42)
    (4.6774558595e-22 3.0549736235e-42)
    (4.9161249651e-22 3.0182451491e-42)
    (5.1669722598e-22 2.9805528625e-42)
    (5.4306191407e-22 2.9419609387e-42)
    (5.7077187120e-22 2.9025360844e-42)
    (5.9989574026e-22 2.8623457904e-42)
    (6.3050566670e-22 2.8214566531e-42)
    (6.6267747720e-22 2.7799328288e-42)
    (6.9649086754e-22 2.7378346695e-42)
    (7.3202960001e-22 2.6952175761e-42)
    (7.6938171089e-22 2.6519422673e-42)
    (8.0863972857e-22 2.6083555249e-42)
    (8.4990090271e-22 2.5644544012e-42)
    (8.9326744521e-22 2.5201827230e-42)
    (9.3884678334e-22 2.4751101094e-42)
    (9.8675182591e-22 2.4301754585e-42)
    (1.0371012429e-21 2.3848884979e-42)
    (1.0900197597e-21 2.3392370002e-42)
    (1.1456384654e-21 2.2930383687e-42)
    (1.2040951385e-21 2.2465862327e-42)
    (1.2655345872e-21 2.1996784478e-42)
    (1.3301090091e-21 2.1522690462e-42)
    (1.3979783674e-21 2.1043072663e-42)
    (1.4693107876e-21 2.0557403889e-42)
    (1.5442829737e-21 2.0065173994e-42)
    (1.6230806465e-21 1.9565934588e-42)
    (1.7058990029e-21 1.9059350642e-42)
    (1.7929431998e-21 1.8545027922e-42)
    (1.8844288627e-21 1.8023505159e-42)
    (1.9805826191e-21 1.7494892540e-42)
    (2.0816426604e-21 1.6959860966e-42)
    (2.1878593318e-21 1.6419437839e-42)
    (2.2994957524e-21 1.5875017471e-42)
    (2.4168284673e-21 1.5328348452e-42)
    (2.5401481321e-21 1.4781496754e-42)
    (2.6697602334e-21 1.4236785917e-42)
    (2.8059858454e-21 1.3696718285e-42)
    (2.9491624252e-21 1.3163883424e-42)
    (3.0996446487e-21 1.2640861220e-42)
    (3.2578052895e-21 1.2130127451e-42)
    (3.4240361419e-21 1.1633968945e-42)
    (3.5987489918e-21 1.1154413880e-42)
    (3.7823766366e-21 1.0693180714e-42)
    (3.9753739574e-21 1.0251647079e-42)
    (4.1782190457e-21 9.8308379643e-43)
    (4.3914143879e-21 9.4314309868e-43)
    (4.6154881100e-21 9.0537755538e-43)
    (4.8509952857e-21 8.6979415074e-43)
    (5.0985193118e-21 8.3637872959e-43)
    (5.3586733529e-21 8.0508114210e-43)
    (5.6321018608e-21 7.7584068257e-43)
    (5.9194821706e-21 7.4858246228e-43)
    (6.2215261786e-21 7.2322102431e-43)
    (6.5389821062e-21 6.9966357826e-43)
    (6.8726363528e-21 6.7781280837e-43)
    (7.2233154443e-21 6.5756924299e-43)
    (7.5918880804e-21 6.3883319827e-43)
    (7.9792672866e-21 6.2150632493e-43)
    (8.3864126759e-21 6.0549279643e-43)
    (8.8143328258e-21 5.9070018165e-43)
    (9.2640877770e-21 5.7704004599e-43)
    (9.7367916593e-21 5.6442832378e-43)
    (1.0233615451e-20 5.5278550258e-43)
    (1.0755789881e-20 5.4203665631e-43)
    (1.1304608476e-20 5.3211136105e-43)
    (1.1881430764e-20 5.2292429158e-43)
    (1.2487685647e-20 5.1446393863e-43)
    (1.3124874934e-20 5.0664368587e-43)
    (1.3794577066e-20 4.9941004961e-43)
    (1.4498451025e-20 4.9271303426e-43)
    (1.5238240441e-20 4.8650586453e-43)
    (1.6015777915e-20 4.8074472569e-43)
    (1.6832989559e-20 4.7538851626e-43)
    (1.7691899762e-20 4.7039861491e-43)
    (1.8594636211e-20 4.6573866229e-43)
    (1.9543435158e-20 4.6138624656e-43)
    (2.0540646960e-20 4.5728412553e-43)
    (2.1588741905e-20 4.5335353886e-43)
    (2.2690316324e-20 4.4968780340e-43)
    (2.3848099030e-20 4.4619304255e-43)
    (2.5064958074e-20 4.4284033082e-43)
    (2.6343907850e-20 4.3960048180e-43)
    (2.7688116564e-20 4.3653054874e-43)
    (2.9100914079e-20 4.3334113607e-43)
    (3.0585800168e-20 4.3026257582e-43)
    (3.2146453179e-20 4.2717037082e-43)
    (3.3786739150e-20 4.2407486643e-43)
    (3.5510721387e-20 4.2082164636e-43)
    (3.7322670525e-20 4.1742440672e-43)
    (3.9227075111e-20 4.1381277385e-43)
    (4.1228652724e-20 4.0994797135e-43)
    (4.3332361656e-20 4.0575718473e-43)
    (4.5543413200e-20 4.0116818553e-43)
    (4.7867284557e-20 3.9610480735e-43)
    (5.0309732403e-20 3.9042734857e-43)
    (5.2876807154e-20 3.8417089826e-43)
    (5.5574867948e-20 3.7721454751e-43)
    (5.8410598402e-20 3.6949721043e-43)
    (6.1391023167e-20 3.6075686128e-43)
    (6.4523525328e-20 3.5139680907e-43)
    (6.7815864699e-20 3.4120187822e-43)
    (7.1276197038e-20 3.3019599228e-43)
    (7.4913094254e-20 3.1845445363e-43)
    (7.8735565645e-20 3.0600380634e-43)
    (8.2753080208e-20 2.9298475408e-43)
    (8.6975590100e-20 2.7952346202e-43)
    (9.1413555293e-20 2.6546983254e-43)
    (9.6077969483e-20 2.5157035523e-43)
    (1.0098038732e-19 2.3766782869e-43)
    (1.0613295304e-19 2.2390395414e-43)
    (1.1154843055e-19 2.1033463572e-43)
    (1.1724023501e-19 1.9722070778e-43)
    (1.2322246614e-19 1.8458188677e-43)
    (1.2950994306e-19 1.7249114119e-43)
    (1.3611824108e-19 1.6077575189e-43)
    (1.4306373021e-19 1.4995796294e-43)
    (1.5036361578e-19 1.3978698565e-43)
    (1.5803598101e-19 1.3026557827e-43)
    (1.6609983183e-19 1.2138467847e-43)
    (1.7457514394e-19 1.1304644469e-43)
    (1.8348291233e-19 1.0539609102e-43)
    (1.9284520326e-19 9.8310683467e-44)
    (2.0268520893e-19 9.1757067065e-44)
    (2.1302730493e-19 8.5700431985e-44)
    (2.2389711063e-19 8.0105478294e-44)
    (2.3532155262e-19 7.4937315693e-44)
    (2.4732893146e-19 7.0182217670e-44)
    (2.5994899173e-19 6.5735556944e-44)
    (2.7321299575e-19 6.1652898052e-44)
    (2.8715380103e-19 5.7871620314e-44)
    (3.0180594162e-19 5.4365506414e-44)
    (3.1720571370e-19 5.1062411080e-44)
    (3.3339126548e-19 4.8041657079e-44)
    (3.5040269168e-19 4.5229533935e-44)
    (3.6828213288e-19 4.2484631677e-44)
    (3.8707387991e-19 4.0051728942e-44)
    (4.0682448355e-19 3.7776446699e-44)
    (4.2758286985e-19 3.5645695288e-44)
    (4.4940046133e-19 3.3693744342e-44)
    (4.7233130437e-19 3.1813204195e-44)
    (4.9643220310e-19 3.0046053627e-44)
    (5.2176286008e-19 2.8383555186e-44)
    (5.4838602423e-19 2.6822380777e-44)
    (5.7636764626e-19 2.5346710751e-44)
    (6.0577704204e-19 2.3954720505e-44)
    (6.3668706432e-19 2.2640460498e-44)
    (6.6917428317e-19 2.1397651267e-44)
    (7.0331917570e-19 2.0224360629e-44)
    (7.3920632540e-19 1.9114607520e-44)
    (7.7692463164e-19 1.8064498744e-44)
    (8.1656752994e-19 1.7034379725e-44)
    (8.5823322341e-19 1.6151042031e-44)
    (9.0202492599e-19 1.5257133750e-44)
    (9.4805111817e-19 1.4410348665e-44)
    (9.9642581570e-19 1.3574823812e-44)
    (1.0472688520e-18 1.2818813009e-44)
    (1.1007061752e-18 1.2101873291e-44)
    (1.1568701597e-18 1.1398630094e-44)
    (1.2158999345e-18 1.0756833802e-44)
    (1.2779417279e-18 1.0147805378e-44)
    (1.3431492292e-18 9.6035566432e-45)
    (1.4116839701e-18 9.0502065079e-45)
    (1.4837157242e-18 8.5256353775e-45)
    (1.5594229282e-18 8.0303822028e-45)
    (1.6389931234e-18 7.5587104639e-45)
    (1.7226234204e-18 7.1116603466e-45)
    (1.8105209877e-18 6.6708243606e-45)
    (1.9029035644e-18 6.3029415078e-45)
    (2.0000000000e-18 5.8940951866e-45)
);
