// k[EI_N2_EXC_N2_V3] [m^3/s] vs mean energy [eV]; air_plasma [23a06d772827b718], T_gas = 300.000000 K
(
    (0 0.0000000000e+00)
    (8.3422134201e-02 0.0000000000e+00)
    (8.8462680050e-02 0.0000000000e+00)
    (9.3491060499e-02 0.0000000000e+00)
    (9.6777619891e-02 0.0000000000e+00)
    (1.0175997315e-01 0.0000000000e+00)
    (1.0646293907e-01 0.0000000000e+00)
    (1.1133785898e-01 0.0000000000e+00)
    (1.1494524000e-01 0.0000000000e+00)
    (1.1873395973e-01 0.0000000000e+00)
    (1.2224734874e-01 0.0000000000e+00)
    (1.2551219849e-01 0.0000000000e+00)
    (1.2824328374e-01 2.3408728181e-22)
    (1.3141043808e-01 0.0000000000e+00)
    (1.3383153708e-01 9.5929905846e-22)
    (1.3676045299e-01 0.0000000000e+00)
    (1.3906586166e-01 0.0000000000e+00)
    (1.4141448729e-01 0.0000000000e+00)
    (1.4369352067e-01 0.0000000000e+00)
    (1.4592237950e-01 0.0000000000e+00)
    (1.4811895507e-01 0.0000000000e+00)
    (1.5029968859e-01 0.0000000000e+00)
    (1.5247964864e-01 0.0000000000e+00)
    (1.5467260739e-01 0.0000000000e+00)
    (1.5689111725e-01 0.0000000000e+00)
    (1.5914658981e-01 0.0000000000e+00)
    (1.6144937818e-01 0.0000000000e+00)
    (1.6380886523e-01 0.0000000000e+00)
    (1.6623355953e-01 0.0000000000e+00)
    (1.6873119978e-01 0.0000000000e+00)
    (1.7130886915e-01 0.0000000000e+00)
    (1.7397311959e-01 0.0000000000e+00)
    (1.7673010631e-01 0.0000000000e+00)
    (1.7958573144e-01 0.0000000000e+00)
    (1.8254579637e-01 0.0000000000e+00)
    (1.8561616139e-01 0.0000000000e+00)
    (1.8880291207e-01 0.0000000000e+00)
    (1.9211253088e-01 0.0000000000e+00)
    (1.9555207395e-01 0.0000000000e+00)
    (1.9912935206e-01 0.0000000000e+00)
    (2.0285311488e-01 0.0000000000e+00)
    (2.0673323717e-01 0.0000000000e+00)
    (2.1077955069e-01 0.0000000000e+00)
    (2.1499326283e-01 0.0000000000e+00)
    (2.1942255698e-01 0.0000000000e+00)
    (2.2406764334e-01 0.0000000000e+00)
    (2.2896000916e-01 0.0000000000e+00)
    (2.3410210934e-01 0.0000000000e+00)
    (2.3953467239e-01 0.0000000000e+00)
    (2.4529093645e-01 0.0000000000e+00)
    (2.5140825018e-01 0.0000000000e+00)
    (2.5793258691e-01 0.0000000000e+00)
    (2.6491215469e-01 0.0000000000e+00)
    (2.7240227530e-01 0.0000000000e+00)
    (2.8046375297e-01 0.0000000000e+00)
    (2.8916213748e-01 0.0000000000e+00)
    (2.9856646161e-01 0.0000000000e+00)
    (3.0874738545e-01 0.0000000000e+00)
    (3.1977472197e-01 0.0000000000e+00)
    (3.3168362229e-01 2.1897552184e-22)
    (3.4459290637e-01 2.0494191042e-22)
    (3.5851916481e-01 2.0347009778e-22)
    (3.7349390343e-01 2.2479049580e-22)
    (3.8952971105e-01 2.8852780841e-22)
    (4.0661729963e-01 4.3091090380e-22)
    (4.2472352370e-01 7.1647341328e-22)
    (4.4379064350e-01 1.2563066019e-21)
    (4.6373698345e-01 2.2354341533e-21)
    (4.8445899582e-01 3.9522857328e-21)
    (5.0583459041e-01 6.8734474622e-21)
    (5.2772746033e-01 1.1706836435e-20)
    (5.4999204197e-01 1.9496077539e-20)
    (5.7247870695e-01 3.1738040815e-20)
    (5.9503879746e-01 5.0524192074e-20)
    (6.1752917515e-01 7.8704772042e-20)
    (6.3981604274e-01 1.2007292337e-19)
    (6.6177789913e-01 1.7956386326e-19)
    (6.8330758583e-01 2.6346222775e-19)
    (7.0431346420e-01 3.7960898154e-19)
    (7.2467697436e-01 5.2149652080e-19)
    (7.4441509710e-01 7.2633036715e-19)
    (7.6344531747e-01 9.9679277249e-19)
    (7.8173515144e-01 1.3491292609e-18)
    (7.9926434244e-01 1.8024070875e-18)
    (8.1602339392e-01 2.3787944367e-18)
    (8.3201207605e-01 3.1038479444e-18)
    (8.4723797325e-01 4.0068088241e-18)
    (8.6171511997e-01 5.1209072322e-18)
    (8.7546275606e-01 6.4836735107e-18)
    (8.8850422020e-01 8.1372537240e-18)
    (9.0086598971e-01 1.0128725639e-17)
    (9.1257686765e-01 1.2510410142e-17)
    (9.2366731217e-01 1.5340172203e-17)
    (9.3416889937e-01 1.8681705045e-17)
    (9.4411390757e-01 2.2604791194e-17)
    (9.5353500920e-01 2.7185534569e-17)
    (9.6246505520e-01 3.2506558658e-17)
    (9.7091857930e-01 3.8611966813e-17)
    (9.7895628770e-01 4.5652709490e-17)
    (9.8659875486e-01 5.3703422661e-17)
    (9.9387769322e-01 6.2866145894e-17)
    (1.0008245462e+00 7.3247272291e-17)
    (1.0074705061e+00 8.4956946621e-17)
    (1.0138465437e+00 9.8108386649e-17)
    (1.0199834445e+00 1.1281714753e-16)
    (1.0259118506e+00 1.2920035257e-16)
    (1.0316623064e+00 1.4737591545e-16)
    (1.0372368134e+00 1.6741412262e-16)
    (1.0427253204e+00 1.8951746063e-16)
    (1.0479294135e+00 2.1372486028e-16)
    (1.0533131407e+00 2.4020221246e-16)
    (1.0587015549e+00 2.6904224869e-16)
    (1.0641455878e+00 3.0035184919e-16)
    (1.0697076953e+00 3.3423353009e-16)
    (1.0750720293e+00 3.7037327635e-16)
    (1.0809973277e+00 4.0953083295e-16)
    (1.0874475840e+00 4.5163163310e-16)
    (1.0944735414e+00 4.9664835759e-16)
    (1.1021354195e+00 5.4426735969e-16)
    (1.1110462081e+00 5.9523483466e-16)
    (1.1213652590e+00 6.4920794942e-16)
    (1.1333688578e+00 7.0471842566e-16)
    (1.1479276605e+00 7.6454720903e-16)
    (1.1654776904e+00 8.2711412797e-16)
    (1.1867523231e+00 8.9219294222e-16)
    (1.2125891895e+00 9.5946758815e-16)
    (1.2443761699e+00 1.0282818901e-15)
    (1.2823184390e+00 1.0985377250e-15)
    (1.3278130703e+00 1.1693947546e-15)
    (1.3819109720e+00 1.2400938262e-15)
    (1.4462628824e+00 1.3086490864e-15)
    (1.5205346482e+00 1.3764298186e-15)
    (1.6060431212e+00 1.4412545768e-15)
    (1.7033101278e+00 1.5021188265e-15)
    (1.8133236744e+00 1.5553156672e-15)
    (1.9345349977e+00 1.6055076077e-15)
    (2.0673826653e+00 1.6491475700e-15)
    (2.2112586444e+00 1.6856412248e-15)
    (2.3675391486e+00 1.7136140087e-15)
    (2.5306547436e+00 1.7348374509e-15)
    (2.7016797611e+00 1.7483282742e-15)
    (2.8793718350e+00 1.7542835610e-15)
    (3.0627158465e+00 1.7509335429e-15)
    (3.2500925522e+00 1.7433014585e-15)
    (3.4406844079e+00 1.7295453594e-15)
    (3.6335931443e+00 1.7103140667e-15)
    (3.8293914994e+00 1.6855751569e-15)
    (4.0246201322e+00 1.6575023466e-15)
    (4.2205744262e+00 1.6259586499e-15)
    (4.4170654205e+00 1.5915525147e-15)
    (4.6140592698e+00 1.5548423289e-15)
    (4.8118293106e+00 1.5156348028e-15)
    (5.0101425298e+00 1.4758604908e-15)
    (5.2096264803e+00 1.4351017507e-15)
    (5.4106830855e+00 1.3936909121e-15)
    (5.6137791567e+00 1.3519099663e-15)
    (5.8194315888e+00 1.3099956718e-15)
    (6.0281942774e+00 1.2681450094e-15)
    (6.2397182407e+00 1.2260447308e-15)
    (6.4559105451e+00 1.1847096514e-15)
    (6.6776519205e+00 1.1439888491e-15)
    (6.9049922865e+00 1.1038075060e-15)
    (7.1385780794e+00 1.0642387572e-15)
    (7.3786430488e+00 1.0249354311e-15)
    (7.6265303642e+00 9.8683037371e-16)
    (7.8826257025e+00 9.4947553571e-16)
    (8.1497191059e+00 9.1146360279e-16)
    (8.4240092405e+00 8.7581308244e-16)
    (8.7085308876e+00 8.4099113619e-16)
    (9.0040228143e+00 8.0701470176e-16)
    (9.3087340154e+00 7.7450950024e-16)
    (9.6283995994e+00 7.4222218412e-16)
    (9.9612246963e+00 7.1081914052e-16)
    (1.0308125495e+01 6.8030398899e-16)
    (1.0668465983e+01 6.5067953916e-16)
    (1.1045828452e+01 6.2195030778e-16)
    (1.1439820622e+01 5.9411871458e-16)
    (1.1851696174e+01 5.6717663542e-16)
    (1.2280620034e+01 5.4041180408e-16)
    (1.2730516764e+01 5.1533486903e-16)
    (1.3201609335e+01 4.9111811719e-16)
    (1.3695082127e+01 4.6775382253e-16)
    (1.4209909604e+01 4.4591434362e-16)
    (1.4748613160e+01 4.2337003845e-16)
    (1.5316430848e+01 4.0253246955e-16)
    (1.5912205402e+01 3.8249342700e-16)
    (1.6537243804e+01 3.6340666898e-16)
    (1.7194717344e+01 3.4488280418e-16)
    (1.7885901787e+01 3.2711223502e-16)
    (1.8613989945e+01 3.1006450657e-16)
    (1.9379845460e+01 2.9374015302e-16)
    (2.0186705972e+01 2.7810945321e-16)
    (2.1034800734e+01 2.6265244247e-16)
    (2.1932990500e+01 2.4841792520e-16)
    (2.2881431137e+01 2.3480853406e-16)
    (2.3881383122e+01 2.2212763043e-16)
    (2.4941600051e+01 2.0966164328e-16)
    (2.6064042589e+01 1.9777032134e-16)
    (2.7252346416e+01 1.8656828967e-16)
    (2.8390136249e+01 1.7611494558e-16)
    (2.9849584724e+01 1.6543839029e-16)
);
