// k[EI_O2_EXC_O2_9_97EV] [m^3/s] vs mean energy [eV]; air_plasma [23a06d772827b718], T_gas = 300.000000 K
(
    (0 0.0000000000e+00)
    (8.3422134201e-02 0.0000000000e+00)
    (8.8462680050e-02 0.0000000000e+00)
    (9.3491060499e-02 0.0000000000e+00)
    (9.6777619891e-02 0.0000000000e+00)
    (1.0175997315e-01 0.0000000000e+00)
    (1.0646293907e-01 0.0000000000e+00)
    (1.1133785898e-01 0.0000000000e+00)
    (1.1494524000e-01 0.0000000000e+00)
    (1.1873395973e-01 0.0000000000e+00)
    (1.2224734874e-01 0.0000000000e+00)
    (1.2551219849e-01 0.0000000000e+00)
    (1.2824328374e-01 0.0000000000e+00)
    (1.3141043808e-01 0.0000000000e+00)
    (1.3383153708e-01 0.0000000000e+00)
    (1.3676045299e-01 0.0000000000e+00)
    (1.3906586166e-01 0.0000000000e+00)
    (1.4141448729e-01 0.0000000000e+00)
    (1.4369352067e-01 0.0000000000e+00)
    (1.4592237950e-01 0.0000000000e+00)
    (1.4811895507e-01 0.0000000000e+00)
    (1.5029968859e-01 0.0000000000e+00)
    (1.5247964864e-01 0.0000000000e+00)
    (1.5467260739e-01 0.0000000000e+00)
    (1.5689111725e-01 0.0000000000e+00)
    (1.5914658981e-01 0.0000000000e+00)
    (1.6144937818e-01 0.0000000000e+00)
    (1.6380886523e-01 0.0000000000e+00)
    (1.6623355953e-01 0.0000000000e+00)
    (1.6873119978e-01 0.0000000000e+00)
    (1.7130886915e-01 0.0000000000e+00)
    (1.7397311959e-01 0.0000000000e+00)
    (1.7673010631e-01 0.0000000000e+00)
    (1.7958573144e-01 0.0000000000e+00)
    (1.8254579637e-01 0.0000000000e+00)
    (1.8561616139e-01 0.0000000000e+00)
    (1.8880291207e-01 0.0000000000e+00)
    (1.9211253088e-01 0.0000000000e+00)
    (1.9555207395e-01 0.0000000000e+00)
    (1.9912935206e-01 0.0000000000e+00)
    (2.0285311488e-01 0.0000000000e+00)
    (2.0673323717e-01 0.0000000000e+00)
    (2.1077955069e-01 0.0000000000e+00)
    (2.1499326283e-01 0.0000000000e+00)
    (2.1942255698e-01 0.0000000000e+00)
    (2.2406764334e-01 0.0000000000e+00)
    (2.2896000916e-01 0.0000000000e+00)
    (2.3410210934e-01 0.0000000000e+00)
    (2.3953467239e-01 0.0000000000e+00)
    (2.4529093645e-01 0.0000000000e+00)
    (2.5140825018e-01 0.0000000000e+00)
    (2.5793258691e-01 0.0000000000e+00)
    (2.6491215469e-01 0.0000000000e+00)
    (2.7240227530e-01 0.0000000000e+00)
    (2.8046375297e-01 0.0000000000e+00)
    (2.8916213748e-01 0.0000000000e+00)
    (2.9856646161e-01 0.0000000000e+00)
    (3.0874738545e-01 0.0000000000e+00)
    (3.1977472197e-01 0.0000000000e+00)
    (3.3168362229e-01 0.0000000000e+00)
    (3.4459290637e-01 0.0000000000e+00)
    (3.5851916481e-01 0.0000000000e+00)
    (3.7349390343e-01 0.0000000000e+00)
    (3.8952971105e-01 0.0000000000e+00)
    (4.0661729963e-01 0.0000000000e+00)
    (4.2472352370e-01 0.0000000000e+00)
    (4.4379064350e-01 0.0000000000e+00)
    (4.6373698345e-01 0.0000000000e+00)
    (4.8445899582e-01 0.0000000000e+00)
    (5.0583459041e-01 0.0000000000e+00)
    (5.2772746033e-01 0.0000000000e+00)
    (5.4999204197e-01 0.0000000000e+00)
    (5.7247870695e-01 0.0000000000e+00)
    (5.9503879746e-01 0.0000000000e+00)
    (6.1752917515e-01 0.0000000000e+00)
    (6.3981604274e-01 0.0000000000e+00)
    (6.6177789913e-01 0.0000000000e+00)
    (6.8330758583e-01 0.0000000000e+00)
    (7.0431346420e-01 0.0000000000e+00)
    (7.2467697436e-01 0.0000000000e+00)
    (7.4441509710e-01 0.0000000000e+00)
    (7.6344531747e-01 0.0000000000e+00)
    (7.8173515144e-01 0.0000000000e+00)
    (7.9926434244e-01 0.0000000000e+00)
    (8.1602339392e-01 0.0000000000e+00)
    (8.3201207605e-01 0.0000000000e+00)
    (8.4723797325e-01 0.0000000000e+00)
    (8.6171511997e-01 0.0000000000e+00)
    (8.7546275606e-01 0.0000000000e+00)
    (8.8850422020e-01 0.0000000000e+00)
    (9.0086598971e-01 0.0000000000e+00)
    (9.1257686765e-01 0.0000000000e+00)
    (9.2366731217e-01 0.0000000000e+00)
    (9.3416889937e-01 0.0000000000e+00)
    (9.4411390757e-01 0.0000000000e+00)
    (9.5353500920e-01 0.0000000000e+00)
    (9.6246505520e-01 0.0000000000e+00)
    (9.7091857930e-01 0.0000000000e+00)
    (9.7895628770e-01 0.0000000000e+00)
    (9.8659875486e-01 0.0000000000e+00)
    (9.9387769322e-01 0.0000000000e+00)
    (1.0008245462e+00 0.0000000000e+00)
    (1.0074705061e+00 0.0000000000e+00)
    (1.0138465437e+00 0.0000000000e+00)
    (1.0199834445e+00 0.0000000000e+00)
    (1.0259118506e+00 0.0000000000e+00)
    (1.0316623064e+00 0.0000000000e+00)
    (1.0372368134e+00 0.0000000000e+00)
    (1.0427253204e+00 0.0000000000e+00)
    (1.0479294135e+00 0.0000000000e+00)
    (1.0533131407e+00 0.0000000000e+00)
    (1.0587015549e+00 0.0000000000e+00)
    (1.0641455878e+00 0.0000000000e+00)
    (1.0697076953e+00 0.0000000000e+00)
    (1.0750720293e+00 0.0000000000e+00)
    (1.0809973277e+00 4.8107248927e-24)
    (1.0874475840e+00 9.7860228957e-24)
    (1.0944735414e+00 1.9444088614e-23)
    (1.1021354195e+00 6.8979015930e-23)
    (1.1110462081e+00 1.3413145610e-22)
    (1.1213652590e+00 2.5361791814e-22)
    (1.1333688578e+00 4.7847770008e-22)
    (1.1479276605e+00 8.5943761388e-22)
    (1.1654776904e+00 1.5052163050e-21)
    (1.1867523231e+00 2.5724692237e-21)
    (1.2125891895e+00 4.2936242535e-21)
    (1.2443761699e+00 7.0674090501e-21)
    (1.2823184390e+00 1.1276727489e-20)
    (1.3278130703e+00 1.7621240083e-20)
    (1.3819109720e+00 2.6984923558e-20)
    (1.4462628824e+00 4.0680657950e-20)
    (1.5205346482e+00 5.9941623851e-20)
    (1.6060431212e+00 8.6740006961e-20)
    (1.7033101278e+00 1.2334671292e-19)
    (1.8133236744e+00 1.7286363945e-19)
    (1.9345349977e+00 2.3773583740e-19)
    (2.0673826653e+00 3.2194741440e-19)
    (2.2112586444e+00 4.2960382400e-19)
    (2.3675391486e+00 5.6659742901e-19)
    (2.5306547436e+00 7.3540073313e-19)
    (2.7016797611e+00 9.4261658731e-19)
    (2.8793718350e+00 1.1940774527e-18)
    (3.0627158465e+00 1.4965685868e-18)
    (3.2500925522e+00 1.8557414164e-18)
    (3.4406844079e+00 2.2792795521e-18)
    (3.6335931443e+00 2.7748638702e-18)
    (3.8293914994e+00 3.3526895000e-18)
    (4.0246201322e+00 4.0174749330e-18)
    (4.2205744262e+00 4.7809952065e-18)
    (4.4170654205e+00 5.6536138409e-18)
    (4.6140592698e+00 6.6465339271e-18)
    (4.8118293106e+00 7.7725547685e-18)
    (5.0101425298e+00 9.0432538665e-18)
    (5.2096264803e+00 1.0473744615e-17)
    (5.4106830855e+00 1.2079358562e-17)
    (5.6137791567e+00 1.3876608871e-17)
    (5.8194315888e+00 1.5883234244e-17)
    (6.0281942774e+00 1.8118227241e-17)
    (6.2397182407e+00 2.0600809804e-17)
    (6.4559105451e+00 2.3355082607e-17)
    (6.6776519205e+00 2.6405417210e-17)
    (6.9049922865e+00 2.9777040941e-17)
    (7.1385780794e+00 3.3497332366e-17)
    (7.3786430488e+00 3.7592433742e-17)
    (7.6265303642e+00 4.2095300622e-17)
    (7.8826257025e+00 4.7039993959e-17)
    (8.1497191059e+00 5.2484390596e-17)
    (8.4240092405e+00 5.8419838923e-17)
    (8.7085308876e+00 6.4909745818e-17)
    (9.0040228143e+00 7.1998871789e-17)
    (9.3087340154e+00 7.9717943310e-17)
    (9.6283995994e+00 8.8143291893e-17)
    (9.9612246963e+00 9.7312850001e-17)
    (1.0308125495e+01 1.0728722382e-16)
    (1.0668465983e+01 1.1811596816e-16)
    (1.1045828452e+01 1.2986519967e-16)
    (1.1439820622e+01 1.4260169611e-16)
    (1.1851696174e+01 1.5640785661e-16)
    (1.2280620034e+01 1.7131987519e-16)
    (1.2730516764e+01 1.8744131247e-16)
    (1.3201609335e+01 2.0486192310e-16)
    (1.3695082127e+01 2.2366282151e-16)
    (1.4209909604e+01 2.4385329160e-16)
    (1.4748613160e+01 2.6558981701e-16)
    (1.5316430848e+01 2.8898132280e-16)
    (1.5912205402e+01 3.1408762617e-16)
    (1.6537243804e+01 3.4099006762e-16)
    (1.7194717344e+01 3.6980378202e-16)
    (1.7885901787e+01 4.0059659403e-16)
    (1.8613989945e+01 4.3347180892e-16)
    (1.9379845460e+01 4.6847336539e-16)
    (2.0186705972e+01 5.0568020436e-16)
    (2.1034800734e+01 5.4503468018e-16)
    (2.1932990500e+01 5.8682670978e-16)
    (2.2881431137e+01 6.3096031776e-16)
    (2.3881383122e+01 6.7730452535e-16)
    (2.4941600051e+01 7.2614829409e-16)
    (2.6064042589e+01 7.7732399484e-16)
    (2.7252346416e+01 8.3066626542e-16)
    (2.8390136249e+01 8.8292965800e-16)
    (2.9849584724e+01 9.4406177690e-16)
);
