// k[EI_N2_EXC_N2_V4] [m^3/s] vs reducedE [V m^2]; air_plasma [23a06d772827b718], T_gas = 300.000000 K
(
    (0 0.0000000000e+00)
    (1.0000000000e-22 0.0000000000e+00)
    (1.0510254106e-22 0.0000000000e+00)
    (1.1046544136e-22 0.0000000000e+00)
    (1.1610198586e-22 0.0000000000e+00)
    (1.2202613736e-22 0.0000000000e+00)
    (1.2825257111e-22 0.0000000000e+00)
    (1.3479671121e-22 0.0000000000e+00)
    (1.4167476874e-22 0.0000000000e+00)
    (1.4890378198e-22 0.0000000000e+00)
    (1.5650165859e-22 0.0000000000e+00)
    (1.6448721998e-22 0.0000000000e+00)
    (1.7288024791e-22 7.1674819027e-24)
    (1.8170153353e-22 0.0000000000e+00)
    (1.9097292888e-22 2.9346034415e-23)
    (2.0071740098e-22 0.0000000000e+00)
    (2.1095908877e-22 0.0000000000e+00)
    (2.2172336289e-22 0.0000000000e+00)
    (2.3303688851e-22 0.0000000000e+00)
    (2.4492769142e-22 0.0000000000e+00)
    (2.5742522744e-22 0.0000000000e+00)
    (2.7056045535e-22 0.0000000000e+00)
    (2.8436591367e-22 0.0000000000e+00)
    (2.9887580116e-22 0.0000000000e+00)
    (3.1412606162e-22 0.0000000000e+00)
    (3.3015447288e-22 0.0000000000e+00)
    (3.4700074041e-22 0.0000000000e+00)
    (3.6470659565e-22 0.0000000000e+00)
    (3.8331589943e-22 0.0000000000e+00)
    (4.0287475057e-22 0.0000000000e+00)
    (4.2343160012e-22 0.0000000000e+00)
    (4.4503737136e-22 0.0000000000e+00)
    (4.6774558595e-22 0.0000000000e+00)
    (4.9161249651e-22 0.0000000000e+00)
    (5.1669722598e-22 0.0000000000e+00)
    (5.4306191407e-22 0.0000000000e+00)
    (5.7077187120e-22 0.0000000000e+00)
    (5.9989574026e-22 0.0000000000e+00)
    (6.3050566670e-22 0.0000000000e+00)
    (6.6267747720e-22 0.0000000000e+00)
    (6.9649086754e-22 0.0000000000e+00)
    (7.3202960001e-22 0.0000000000e+00)
    (7.6938171089e-22 0.0000000000e+00)
    (8.0863972857e-22 0.0000000000e+00)
    (8.4990090271e-22 0.0000000000e+00)
    (8.9326744521e-22 0.0000000000e+00)
    (9.3884678334e-22 0.0000000000e+00)
    (9.8675182591e-22 0.0000000000e+00)
    (1.0371012429e-21 0.0000000000e+00)
    (1.0900197597e-21 0.0000000000e+00)
    (1.1456384654e-21 0.0000000000e+00)
    (1.2040951385e-21 0.0000000000e+00)
    (1.2655345872e-21 0.0000000000e+00)
    (1.3301090091e-21 0.0000000000e+00)
    (1.3979783674e-21 0.0000000000e+00)
    (1.4693107876e-21 0.0000000000e+00)
    (1.5442829737e-21 0.0000000000e+00)
    (1.6230806465e-21 0.0000000000e+00)
    (1.7058990029e-21 0.0000000000e+00)
    (1.7929431998e-21 5.0596817355e-24)
    (1.8844288627e-21 4.4454899829e-24)
    (1.9805826191e-21 3.9126362534e-24)
    (2.0816426604e-21 3.4624857822e-24)
    (2.1878593318e-21 3.1028071246e-24)
    (2.2994957524e-21 2.8535818946e-24)
    (2.4168284673e-21 2.7587241746e-24)
    (2.5401481321e-21 2.9088871742e-24)
    (2.6697602334e-21 3.4842441091e-24)
    (2.8059858454e-21 4.8315034448e-24)
    (2.9491624252e-21 7.5956309380e-24)
    (3.0996446487e-21 1.2934034769e-23)
    (3.2578052895e-21 2.2849506599e-23)
    (3.4240361419e-21 4.0686178220e-23)
    (3.5987489918e-21 7.1835944820e-23)
    (3.7823766366e-21 1.2470077291e-22)
    (3.9753739574e-21 2.1194688097e-22)
    (4.1782190457e-21 3.5206855592e-22)
    (4.3914143879e-21 5.7125250414e-22)
    (4.6154881100e-21 9.0550006595e-22)
    (4.8509952857e-21 3.0487426402e-21)
    (5.0985193118e-21 4.9863492943e-21)
    (5.3586733529e-21 8.0436737903e-21)
    (5.6321018608e-21 1.2787055668e-20)
    (5.9194821706e-21 2.0030970989e-20)
    (6.2215261786e-21 3.0930141930e-20)
    (6.5389821062e-21 4.7099389632e-20)
    (6.8726363528e-21 7.0767211153e-20)
    (7.2233154443e-21 1.0496953180e-19)
    (7.5918880804e-21 1.5379024831e-19)
    (7.9792672866e-21 2.2265495704e-19)
    (8.3864126759e-21 3.1868357371e-19)
    (8.8143328258e-21 4.5110628607e-19)
    (9.2640877770e-21 6.3174536534e-19)
    (9.7367916593e-21 8.7556273085e-19)
    (1.0233615451e-20 1.2012698463e-18)
    (1.0755789881e-20 1.6319925346e-18)
    (1.1304608476e-20 2.1959787726e-18)
    (1.1881430764e-20 2.8862385908e-18)
    (1.2487685647e-20 3.8016687079e-18)
    (1.3124874934e-20 4.9622702542e-18)
    (1.3794577066e-20 6.4202542184e-18)
    (1.4498451025e-20 8.2355141742e-18)
    (1.5238240441e-20 1.0476024762e-17)
    (1.6015777915e-20 1.3218125114e-17)
    (1.6832989559e-20 1.6546667191e-17)
    (1.7691899762e-20 2.0555012230e-17)
    (1.8594636211e-20 2.5344862828e-17)
    (1.9543435158e-20 3.1046823239e-17)
    (2.0540646960e-20 3.7745961379e-17)
    (2.1588741905e-20 4.5773623379e-17)
    (2.2690316324e-20 5.4884289114e-17)
    (2.3848099030e-20 6.5401842228e-17)
    (2.5064958074e-20 7.7469257971e-17)
    (2.6343907850e-20 9.1233027079e-17)
    (2.7688116564e-20 1.0714783060e-16)
    (2.9100914079e-20 1.2490913932e-16)
    (3.0585800168e-20 1.4463093688e-16)
    (3.2146453179e-20 1.6663007283e-16)
    (3.3786739150e-20 1.9122248815e-16)
    (3.5510721387e-20 2.1815307669e-16)
    (3.7322670525e-20 2.4771304894e-16)
    (3.9227075111e-20 2.7970059579e-16)
    (4.1228652724e-20 3.1467798352e-16)
    (4.3332361656e-20 3.5239587216e-16)
    (4.5543413200e-20 3.9279445297e-16)
    (4.7867284557e-20 4.3574734799e-16)
    (5.0309732403e-20 4.8160397338e-16)
    (5.2876807154e-20 5.2893020233e-16)
    (5.5574867948e-20 5.7792461571e-16)
    (5.8410598402e-20 6.2810548991e-16)
    (6.1391023167e-20 6.7835807683e-16)
    (6.4523525328e-20 7.2911164688e-16)
    (6.7815864699e-20 7.7910163781e-16)
    (7.1276197038e-20 8.2756744583e-16)
    (7.4913094254e-20 8.7314941528e-16)
    (7.8735565645e-20 9.1624186330e-16)
    (8.2753080208e-20 9.5564259713e-16)
    (8.6975590100e-20 9.9077265972e-16)
    (9.1413555293e-20 1.0208644061e-15)
    (9.6077969483e-20 1.0462040211e-15)
    (1.0098038732e-19 1.0663297780e-15)
    (1.0613295304e-19 1.0812122769e-15)
    (1.1154843055e-19 1.0902154329e-15)
    (1.1724023501e-19 1.0951318620e-15)
    (1.2322246614e-19 1.0954106667e-15)
    (1.2950994306e-19 1.0914204645e-15)
    (1.3611824108e-19 1.0836228915e-15)
    (1.4306373021e-19 1.0723365586e-15)
    (1.5036361578e-19 1.0580632386e-15)
    (1.5803598101e-19 1.0412209082e-15)
    (1.6609983183e-19 1.0222052036e-15)
    (1.7457514394e-19 1.0009421391e-15)
    (1.8348291233e-19 9.7869521107e-16)
    (1.9284520326e-19 9.5526628062e-16)
    (2.0268520893e-19 9.3091800631e-16)
    (2.1302730493e-19 9.0587968565e-16)
    (2.2389711063e-19 8.8034961953e-16)
    (2.3532155262e-19 8.5449800722e-16)
    (2.4732893146e-19 8.2813771882e-16)
    (2.5994899173e-19 8.0236005806e-16)
    (2.7321299575e-19 7.7634356503e-16)
    (2.8715380103e-19 7.5045920374e-16)
    (3.0180594162e-19 7.2478199627e-16)
    (3.1720571370e-19 6.9914450565e-16)
    (3.3339126548e-19 6.7410270011e-16)
    (3.5040269168e-19 6.4942606149e-16)
    (3.6828213288e-19 6.2448487716e-16)
    (3.8707387991e-19 6.0068413150e-16)
    (4.0682448355e-19 5.7735304745e-16)
    (4.2758286985e-19 5.5451477566e-16)
    (4.4940046133e-19 5.3261473110e-16)
    (4.7233130437e-19 5.1078937426e-16)
    (4.9643220310e-19 4.8951144645e-16)
    (5.2176286008e-19 4.6879076198e-16)
    (5.4838602423e-19 4.4834047975e-16)
    (5.7636764626e-19 4.2879854204e-16)
    (6.0577704204e-19 4.0983334884e-16)
    (6.3668706432e-19 3.9144445957e-16)
    (6.6917428317e-19 3.7338466663e-16)
    (7.0331917570e-19 3.5619109097e-16)
    (7.3920632540e-19 3.3956943590e-16)
    (7.7692463164e-19 3.2351718357e-16)
    (8.1656752994e-19 3.0845279282e-16)
    (8.5823322341e-19 2.9303878687e-16)
    (9.0202492599e-19 2.7868158109e-16)
    (9.4805111817e-19 2.6486545841e-16)
    (9.9642581570e-19 2.5157595830e-16)
    (1.0472688520e-18 2.3880448780e-16)
    (1.1007061752e-18 2.2654542411e-16)
    (1.1568701597e-18 2.1495898489e-16)
    (1.2158999345e-18 2.0366131619e-16)
    (1.2779417279e-18 1.9284106679e-16)
    (1.3431492292e-18 1.8205632386e-16)
    (1.4116839701e-18 1.7221039742e-16)
    (1.4837157242e-18 1.6279392524e-16)
    (1.5594229282e-18 1.5401090402e-16)
    (1.6389931234e-18 1.4538166863e-16)
    (1.7226234204e-18 1.3714826367e-16)
    (1.8105209877e-18 1.2940798223e-16)
    (1.9029035644e-18 1.2216291621e-16)
    (2.0000000000e-18 1.1476509195e-16)
);
