// meanEnergy vs reducedE [V m^2]; air_plasma [23a06d772827b718], T_gas = 300.000000 K
(
    (0 8.3422134201e-02)
    (1.0000000000e-22 8.3422134201e-02)
    (1.0510254106e-22 8.8462680050e-02)
    (1.1046544136e-22 9.3491060499e-02)
    (1.1610198586e-22 9.6777619891e-02)
    (1.2202613736e-22 1.0175997315e-01)
    (1.2825257111e-22 1.0646293907e-01)
    (1.3479671121e-22 1.1133785898e-01)
    (1.4167476874e-22 1.1494524000e-01)
    (1.4890378198e-22 1.1873395973e-01)
    (1.5650165859e-22 1.2224734874e-01)
    (1.6448721998e-22 1.2551219849e-01)
    (1.7288024791e-22 1.2824328374e-01)
    (1.8170153353e-22 1.3141043808e-01)
    (1.9097292888e-22 1.3383153708e-01)
    (2.0071740098e-22 1.3676045299e-01)
    (2.1095908877e-22 1.3906586166e-01)
    (2.2172336289e-22 1.4141448729e-01)
    (2.3303688851e-22 1.4369352067e-01)
    (2.4492769142e-22 1.4592237950e-01)
    (2.5742522744e-22 1.4811895507e-01)
    (2.7056045535e-22 1.5029968859e-01)
    (2.8436591367e-22 1.5247964864e-01)
    (2.9887580116e-22 1.5467260739e-01)
    (3.1412606162e-22 1.5689111725e-01)
    (3.3015447288e-22 1.5914658981e-01)
    (3.4700074041e-22 1.6144937818e-01)
    (3.6470659565e-22 1.6380886523e-01)
    (3.8331589943e-22 1.6623355953e-01)
    (4.0287475057e-22 1.6873119978e-01)
    (4.2343160012e-22 1.7130886915e-01)
    (4.4503737136e-22 1.7397311959e-01)
    (4.6774558595e-22 1.7673010631e-01)
    (4.9161249651e-22 1.7958573144e-01)
    (5.1669722598e-22 1.8254579637e-01)
    (5.4306191407e-22 1.8561616139e-01)
    (5.7077187120e-22 1.8880291207e-01)
    (5.9989574026e-22 1.9211253088e-01)
    (6.3050566670e-22 1.9555207395e-01)
    (6.6267747720e-22 1.9912935206e-01)
    (6.9649086754e-22 2.0285311488e-01)
    (7.3202960001e-22 2.0673323717e-01)
    (7.6938171089e-22 2.1077955069e-01)
    (8.0863972857e-22 2.1499326283e-01)
    (8.4990090271e-22 2.1942255698e-01)
    (8.9326744521e-22 2.2406764334e-01)
    (9.3884678334e-22 2.2896000916e-01)
    (9.8675182591e-22 2.3410210934e-01)
    (1.0371012429e-21 2.3953467239e-01)
    (1.0900197597e-21 2.4529093645e-01)
    (1.1456384654e-21 2.5140825018e-01)
    (1.2040951385e-21 2.5793258691e-01)
    (1.2655345872e-21 2.6491215469e-01)
    (1.3301090091e-21 2.7240227530e-01)
    (1.3979783674e-21 2.8046375297e-01)
    (1.4693107876e-21 2.8916213748e-01)
    (1.5442829737e-21 2.9856646161e-01)
    (1.6230806465e-21 3.0874738545e-01)
    (1.7058990029e-21 3.1977472197e-01)
    (1.7929431998e-21 3.3168362229e-01)
    (1.8844288627e-21 3.4459290637e-01)
    (1.9805826191e-21 3.5851916481e-01)
    (2.0816426604e-21 3.7349390343e-01)
    (2.1878593318e-21 3.8952971105e-01)
    (2.2994957524e-21 4.0661729963e-01)
    (2.4168284673e-21 4.2472352370e-01)
    (2.5401481321e-21 4.4379064350e-01)
    (2.6697602334e-21 4.6373698345e-01)
    (2.8059858454e-21 4.8445899582e-01)
    (2.9491624252e-21 5.0583459041e-01)
    (3.0996446487e-21 5.2772746033e-01)
    (3.2578052895e-21 5.4999204197e-01)
    (3.4240361419e-21 5.7247870695e-01)
    (3.5987489918e-21 5.9503879746e-01)
    (3.7823766366e-21 6.1752917515e-01)
    (3.9753739574e-21 6.3981604274e-01)
    (4.1782190457e-21 6.6177789913e-01)
    (4.3914143879e-21 6.8330758583e-01)
    (4.6154881100e-21 7.0431346420e-01)
    (4.8509952857e-21 7.2467697436e-01)
    (5.0985193118e-21 7.4441509710e-01)
    (5.3586733529e-21 7.6344531747e-01)
    (5.6321018608e-21 7.8173515144e-01)
    (5.9194821706e-21 7.9926434244e-01)
    (6.2215261786e-21 8.1602339392e-01)
    (6.5389821062e-21 8.3201207605e-01)
    (6.8726363528e-21 8.4723797325e-01)
    (7.2233154443e-21 8.6171511997e-01)
    (7.5918880804e-21 8.7546275606e-01)
    (7.9792672866e-21 8.8850422020e-01)
    (8.3864126759e-21 9.0086598971e-01)
    (8.8143328258e-21 9.1257686765e-01)
    (9.2640877770e-21 9.2366731217e-01)
    (9.7367916593e-21 9.3416889937e-01)
    (1.0233615451e-20 9.4411390757e-01)
    (1.0755789881e-20 9.5353500920e-01)
    (1.1304608476e-20 9.6246505520e-01)
    (1.1881430764e-20 9.7091857930e-01)
    (1.2487685647e-20 9.7895628770e-01)
    (1.3124874934e-20 9.8659875486e-01)
    (1.3794577066e-20 9.9387769322e-01)
    (1.4498451025e-20 1.0008245462e+00)
    (1.5238240441e-20 1.0074705061e+00)
    (1.6015777915e-20 1.0138465437e+00)
    (1.6832989559e-20 1.0199834445e+00)
    (1.7691899762e-20 1.0259118506e+00)
    (1.8594636211e-20 1.0316623064e+00)
    (1.9543435158e-20 1.0372368134e+00)
    (2.0540646960e-20 1.0427253204e+00)
    (2.1588741905e-20 1.0479294135e+00)
    (2.2690316324e-20 1.0533131407e+00)
    (2.3848099030e-20 1.0587015549e+00)
    (2.5064958074e-20 1.0641455878e+00)
    (2.6343907850e-20 1.0697076953e+00)
    (2.7688116564e-20 1.0750720293e+00)
    (2.9100914079e-20 1.0809973277e+00)
    (3.0585800168e-20 1.0874475840e+00)
    (3.2146453179e-20 1.0944735414e+00)
    (3.3786739150e-20 1.1021354195e+00)
    (3.5510721387e-20 1.1110462081e+00)
    (3.7322670525e-20 1.1213652590e+00)
    (3.9227075111e-20 1.1333688578e+00)
    (4.1228652724e-20 1.1479276605e+00)
    (4.3332361656e-20 1.1654776904e+00)
    (4.5543413200e-20 1.1867523231e+00)
    (4.7867284557e-20 1.2125891895e+00)
    (5.0309732403e-20 1.2443761699e+00)
    (5.2876807154e-20 1.2823184390e+00)
    (5.5574867948e-20 1.3278130703e+00)
    (5.8410598402e-20 1.3819109720e+00)
    (6.1391023167e-20 1.4462628824e+00)
    (6.4523525328e-20 1.5205346482e+00)
    (6.7815864699e-20 1.6060431212e+00)
    (7.1276197038e-20 1.7033101278e+00)
    (7.4913094254e-20 1.8133236744e+00)
    (7.8735565645e-20 1.9345349977e+00)
    (8.2753080208e-20 2.0673826653e+00)
    (8.6975590100e-20 2.2112586444e+00)
    (9.1413555293e-20 2.3675391486e+00)
    (9.6077969483e-20 2.5306547436e+00)
    (1.0098038732e-19 2.7016797611e+00)
    (1.0613295304e-19 2.8793718350e+00)
    (1.1154843055e-19 3.0627158465e+00)
    (1.1724023501e-19 3.2500925522e+00)
    (1.2322246614e-19 3.4406844079e+00)
    (1.2950994306e-19 3.6335931443e+00)
    (1.3611824108e-19 3.8293914994e+00)
    (1.4306373021e-19 4.0246201322e+00)
    (1.5036361578e-19 4.2205744262e+00)
    (1.5803598101e-19 4.4170654205e+00)
    (1.6609983183e-19 4.6140592698e+00)
    (1.7457514394e-19 4.8118293106e+00)
    (1.8348291233e-19 5.0101425298e+00)
    (1.9284520326e-19 5.2096264803e+00)
    (2.0268520893e-19 5.4106830855e+00)
    (2.1302730493e-19 5.6137791567e+00)
    (2.2389711063e-19 5.8194315888e+00)
    (2.3532155262e-19 6.0281942774e+00)
    (2.4732893146e-19 6.2397182407e+00)
    (2.5994899173e-19 6.4559105451e+00)
    (2.7321299575e-19 6.6776519205e+00)
    (2.8715380103e-19 6.9049922865e+00)
    (3.0180594162e-19 7.1385780794e+00)
    (3.1720571370e-19 7.3786430488e+00)
    (3.3339126548e-19 7.6265303642e+00)
    (3.5040269168e-19 7.8826257025e+00)
    (3.6828213288e-19 8.1497191059e+00)
    (3.8707387991e-19 8.4240092405e+00)
    (4.0682448355e-19 8.7085308876e+00)
    (4.2758286985e-19 9.0040228143e+00)
    (4.4940046133e-19 9.3087340154e+00)
    (4.7233130437e-19 9.6283995994e+00)
    (4.9643220310e-19 9.9612246963e+00)
    (5.2176286008e-19 1.0308125495e+01)
    (5.4838602423e-19 1.0668465983e+01)
    (5.7636764626e-19 1.1045828452e+01)
    (6.0577704204e-19 1.1439820622e+01)
    (6.3668706432e-19 1.1851696174e+01)
    (6.6917428317e-19 1.2280620034e+01)
    (7.0331917570e-19 1.2730516764e+01)
    (7.3920632540e-19 1.3201609335e+01)
    (7.7692463164e-19 1.3695082127e+01)
    (8.1656752994e-19 1.4209909604e+01)
    (8.5823322341e-19 1.4748613160e+01)
    (9.0202492599e-19 1.5316430848e+01)
    (9.4805111817e-19 1.5912205402e+01)
    (9.9642581570e-19 1.6537243804e+01)
    (1.0472688520e-18 1.7194717344e+01)
    (1.1007061752e-18 1.7885901787e+01)
    (1.1568701597e-18 1.8613989945e+01)
    (1.2158999345e-18 1.9379845460e+01)
    (1.2779417279e-18 2.0186705972e+01)
    (1.3431492292e-18 2.1034800734e+01)
    (1.4116839701e-18 2.1932990500e+01)
    (1.4837157242e-18 2.2881431137e+01)
    (1.5594229282e-18 2.3881383122e+01)
    (1.6389931234e-18 2.4941600051e+01)
    (1.7226234204e-18 2.6064042589e+01)
    (1.8105209877e-18 2.7252346416e+01)
    (1.9029035644e-18 2.8390136249e+01)
    (2.0000000000e-18 2.9849584724e+01)
);
