// muEpsN vs reducedE [V m^2]; air_plasma [23a06d772827b718], T_gas = 300.000000 K
(
    (0 2.2022114954e+25)
    (1.0000000000e-22 2.2022114954e+25)
    (1.0510254106e-22 2.0869413565e+25)
    (1.1046544136e-22 1.9843699439e+25)
    (1.1610198586e-22 1.9258864816e+25)
    (1.2202613736e-22 1.8401839615e+25)
    (1.2825257111e-22 1.7667046404e+25)
    (1.3479671121e-22 1.6962978858e+25)
    (1.4167476874e-22 1.6495236685e+25)
    (1.4890378198e-22 1.6026576963e+25)
    (1.5650165859e-22 1.5618326925e+25)
    (1.6448721998e-22 1.5259803821e+25)
    (1.7288024791e-22 1.4970057268e+25)
    (1.8170153353e-22 1.4658197107e+25)
    (1.9097292888e-22 1.4423674061e+25)
    (2.0071740098e-22 1.4154775309e+25)
    (2.1095908877e-22 1.3952378804e+25)
    (2.2172336289e-22 1.3753076197e+25)
    (2.3303688851e-22 1.3566197369e+25)
    (2.4492769142e-22 1.3389366858e+25)
    (2.5742522744e-22 1.3220590475e+25)
    (2.7056045535e-22 1.3058195736e+25)
    (2.8436591367e-22 1.2900784258e+25)
    (2.9887580116e-22 1.2747193403e+25)
    (3.1412606162e-22 1.2596464631e+25)
    (3.3015447288e-22 1.2447816754e+25)
    (3.4700074041e-22 1.2300622899e+25)
    (3.6470659565e-22 1.2154390100e+25)
    (3.8331589943e-22 1.2008740766e+25)
    (4.0287475057e-22 1.1863395691e+25)
    (4.2343160012e-22 1.1718158161e+25)
    (4.4503737136e-22 1.1572899041e+25)
    (4.6774558595e-22 1.1427542661e+25)
    (4.9161249651e-22 1.1282053514e+25)
    (5.1669722598e-22 1.1136423595e+25)
    (5.4306191407e-22 1.0990660324e+25)
    (5.7077187120e-22 1.0844774777e+25)
    (5.9989574026e-22 1.0698770064e+25)
    (6.3050566670e-22 1.0552629413e+25)
    (6.6267747720e-22 1.0406303641e+25)
    (6.9649086754e-22 1.0259697650e+25)
    (7.3202960001e-22 1.0112655684e+25)
    (7.6938171089e-22 9.9691780895e+24)
    (8.0863972857e-22 9.8238700073e+24)
    (8.4990090271e-22 9.6773274379e+24)
    (8.9326744521e-22 9.5302379734e+24)
    (9.3884678334e-22 9.3832543885e+24)
    (9.8675182591e-22 9.2350851982e+24)
    (1.0371012429e-21 9.0857685421e+24)
    (1.0900197597e-21 8.9349550259e+24)
    (1.1456384654e-21 8.7828890698e+24)
    (1.2040951385e-21 8.6283286324e+24)
    (1.2655345872e-21 8.4712242817e+24)
    (1.3301090091e-21 8.3111806755e+24)
    (1.3979783674e-21 8.1478291668e+24)
    (1.4693107876e-21 7.9808563071e+24)
    (1.5442829737e-21 7.8100347492e+24)
    (1.6230806465e-21 7.6352534287e+24)
    (1.7058990029e-21 7.4565430063e+24)
    (1.7929431998e-21 7.2759304990e+24)
    (1.8844288627e-21 7.0910553933e+24)
    (1.9805826191e-21 6.9038553777e+24)
    (2.0816426604e-21 6.7151930281e+24)
    (2.1878593318e-21 6.5260754346e+24)
    (2.2994957524e-21 6.3376052354e+24)
    (2.4168284673e-21 6.1509236410e+24)
    (2.5401481321e-21 5.9671517571e+24)
    (2.6697602334e-21 5.7873364657e+24)
    (2.8059858454e-21 5.6124059821e+24)
    (2.9491624252e-21 5.4431383392e+24)
    (3.0996446487e-21 5.2801439169e+24)
    (3.2578052895e-21 5.1238612173e+24)
    (3.4240361419e-21 4.9745636764e+24)
    (3.5987489918e-21 4.8323745507e+24)
    (3.7823766366e-21 4.6972867554e+24)
    (3.9753739574e-21 4.5691848325e+24)
    (4.1782190457e-21 4.4478667945e+24)
    (4.3914143879e-21 4.3330642534e+24)
    (4.6154881100e-21 4.2244598885e+24)
    (4.8509952857e-21 4.1231108813e+24)
    (5.0985193118e-21 4.0264595530e+24)
    (5.3586733529e-21 3.9351360598e+24)
    (5.6321018608e-21 3.8488153541e+24)
    (5.9194821706e-21 3.7671820188e+24)
    (6.2215261786e-21 3.6899337327e+24)
    (6.5389821062e-21 3.6167833618e+24)
    (6.8726363528e-21 3.5474599998e+24)
    (7.2233154443e-21 3.4817092215e+24)
    (7.5918880804e-21 3.4192927569e+24)
    (7.9792672866e-21 3.3599877371e+24)
    (8.3864126759e-21 3.3035856231e+24)
    (8.8143328258e-21 3.2498908890e+24)
    (9.2640877770e-21 3.1987195088e+24)
    (9.7367916593e-21 3.1498972778e+24)
    (1.0233615451e-20 3.1032579913e+24)
    (1.0755789881e-20 3.0586415042e+24)
    (1.1304608476e-20 3.0158916968e+24)
    (1.1881430764e-20 2.9753344314e+24)
    (1.2487685647e-20 2.9361532409e+24)
    (1.3124874934e-20 2.8984966043e+24)
    (1.3794577066e-20 2.8622450032e+24)
    (1.4498451025e-20 2.8272823577e+24)
    (1.5238240441e-20 2.7934952892e+24)
    (1.6015777915e-20 2.7607723963e+24)
    (1.6832989559e-20 2.7290035091e+24)
    (1.7691899762e-20 2.6980788876e+24)
    (1.8594636211e-20 2.6678883349e+24)
    (1.9543435158e-20 2.6388677093e+24)
    (2.0540646960e-20 2.6099819752e+24)
    (2.1588741905e-20 2.5815636015e+24)
    (2.2690316324e-20 2.5535270380e+24)
    (2.3848099030e-20 2.5257447440e+24)
    (2.5064958074e-20 2.4980919472e+24)
    (2.6343907850e-20 2.4704203066e+24)
    (2.7688116564e-20 2.4441509299e+24)
    (2.9100914079e-20 2.4181428121e+24)
    (3.0585800168e-20 2.3908937359e+24)
    (3.2146453179e-20 2.3635056366e+24)
    (3.3786739150e-20 2.3361441279e+24)
    (3.5510721387e-20 2.3084287219e+24)
    (3.7322670525e-20 2.2804415689e+24)
    (3.9227075111e-20 2.2526817063e+24)
    (4.1228652724e-20 2.2241434113e+24)
    (4.3332361656e-20 2.1953366763e+24)
    (4.5543413200e-20 2.1662944573e+24)
    (4.7867284557e-20 2.1370740416e+24)
    (5.0309732403e-20 2.1078341088e+24)
    (5.2876807154e-20 2.0788114795e+24)
    (5.5574867948e-20 2.0500531454e+24)
    (5.8410598402e-20 2.0217214213e+24)
    (6.1391023167e-20 1.9938087857e+24)
    (6.4523525328e-20 1.9670261089e+24)
    (6.7815864699e-20 1.9411314420e+24)
    (7.1276197038e-20 1.9161797232e+24)
    (7.4913094254e-20 1.8946011184e+24)
    (7.8735565645e-20 1.8714351784e+24)
    (8.2753080208e-20 1.8491549074e+24)
    (8.6975590100e-20 1.8276517466e+24)
    (9.1413555293e-20 1.8071216597e+24)
    (9.6077969483e-20 1.7869130678e+24)
    (1.0098038732e-19 1.7671453494e+24)
    (1.0613295304e-19 1.7477030306e+24)
    (1.1154843055e-19 1.7285159775e+24)
    (1.1724023501e-19 1.7095709922e+24)
    (1.2322246614e-19 1.6907277168e+24)
    (1.2950994306e-19 1.6719305171e+24)
    (1.3611824108e-19 1.6538817336e+24)
    (1.4306373021e-19 1.6351023749e+24)
    (1.5036361578e-19 1.6163115282e+24)
    (1.5803598101e-19 1.5974961044e+24)
    (1.6609983183e-19 1.5786455771e+24)
    (1.7457514394e-19 1.5600819611e+24)
    (1.8348291233e-19 1.5412972584e+24)
    (1.9284520326e-19 1.5225155802e+24)
    (2.0268520893e-19 1.5037409147e+24)
    (2.1302730493e-19 1.4849732538e+24)
    (2.2389711063e-19 1.4662061873e+24)
    (2.3532155262e-19 1.4474243349e+24)
    (2.4732893146e-19 1.4298560444e+24)
    (2.5994899173e-19 1.4118270256e+24)
    (2.7321299575e-19 1.3936563661e+24)
    (2.8715380103e-19 1.3756112456e+24)
    (3.0180594162e-19 1.3576540324e+24)
    (3.1720571370e-19 1.3402889443e+24)
    (3.3339126548e-19 1.3227286211e+24)
    (3.5040269168e-19 1.3053321910e+24)
    (3.6828213288e-19 1.2880704279e+24)
    (3.8707387991e-19 1.2710088862e+24)
    (4.0682448355e-19 1.2541015256e+24)
    (4.2758286985e-19 1.2373389065e+24)
    (4.4940046133e-19 1.2209298531e+24)
    (4.7233130437e-19 1.2044163270e+24)
    (4.9643220310e-19 1.1880299678e+24)
    (5.2176286008e-19 1.1717239156e+24)
    (5.4838602423e-19 1.1557231581e+24)
    (5.7636764626e-19 1.1396736049e+24)
    (6.0577704204e-19 1.1237365344e+24)
    (6.3668706432e-19 1.1077096320e+24)
    (6.6917428317e-19 1.0923009053e+24)
    (7.0331917570e-19 1.0767245786e+24)
    (7.3920632540e-19 1.0611688032e+24)
    (7.7692463164e-19 1.0454024671e+24)
    (8.1656752994e-19 1.0309864971e+24)
    (8.5823322341e-19 1.0161946312e+24)
    (9.0202492599e-19 1.0014226331e+24)
    (9.4805111817e-19 9.8686437232e+23)
    (9.9642581570e-19 9.7259872332e+23)
    (1.0472688520e-18 9.5849581463e+23)
    (1.1007061752e-18 9.4464061202e+23)
    (1.1568701597e-18 9.3113637307e+23)
    (1.2158999345e-18 9.1777872155e+23)
    (1.2779417279e-18 9.0468331404e+23)
    (1.3431492292e-18 8.9201241471e+23)
    (1.4116839701e-18 8.7941724702e+23)
    (1.4837157242e-18 8.6707617517e+23)
    (1.5594229282e-18 8.5510756742e+23)
    (1.6389931234e-18 8.4323568395e+23)
    (1.7226234204e-18 8.3158755052e+23)
    (1.8105209877e-18 8.2030162767e+23)
    (1.9029035644e-18 8.1125666102e+23)
    (2.0000000000e-18 7.9802639320e+23)
);
