// muEpsN vs mean energy [eV]; air_plasma [23a06d772827b718], T_gas = 300.000000 K
(
    (0 2.2022114954e+25)
    (8.3422134201e-02 2.2022114954e+25)
    (8.8462680050e-02 2.0869413565e+25)
    (9.3491060499e-02 1.9843699439e+25)
    (9.6777619891e-02 1.9258864816e+25)
    (1.0175997315e-01 1.8401839615e+25)
    (1.0646293907e-01 1.7667046404e+25)
    (1.1133785898e-01 1.6962978858e+25)
    (1.1494524000e-01 1.6495236685e+25)
    (1.1873395973e-01 1.6026576963e+25)
    (1.2224734874e-01 1.5618326925e+25)
    (1.2551219849e-01 1.5259803821e+25)
    (1.2824328374e-01 1.4970057268e+25)
    (1.3141043808e-01 1.4658197107e+25)
    (1.3383153708e-01 1.4423674061e+25)
    (1.3676045299e-01 1.4154775309e+25)
    (1.3906586166e-01 1.3952378804e+25)
    (1.4141448729e-01 1.3753076197e+25)
    (1.4369352067e-01 1.3566197369e+25)
    (1.4592237950e-01 1.3389366858e+25)
    (1.4811895507e-01 1.3220590475e+25)
    (1.5029968859e-01 1.3058195736e+25)
    (1.5247964864e-01 1.2900784258e+25)
    (1.5467260739e-01 1.2747193403e+25)
    (1.5689111725e-01 1.2596464631e+25)
    (1.5914658981e-01 1.2447816754e+25)
    (1.6144937818e-01 1.2300622899e+25)
    (1.6380886523e-01 1.2154390100e+25)
    (1.6623355953e-01 1.2008740766e+25)
    (1.6873119978e-01 1.1863395691e+25)
    (1.7130886915e-01 1.1718158161e+25)
    (1.7397311959e-01 1.1572899041e+25)
    (1.7673010631e-01 1.1427542661e+25)
    (1.7958573144e-01 1.1282053514e+25)
    (1.8254579637e-01 1.1136423595e+25)
    (1.8561616139e-01 1.0990660324e+25)
    (1.8880291207e-01 1.0844774777e+25)
    (1.9211253088e-01 1.0698770064e+25)
    (1.9555207395e-01 1.0552629413e+25)
    (1.9912935206e-01 1.0406303641e+25)
    (2.0285311488e-01 1.0259697650e+25)
    (2.0673323717e-01 1.0112655684e+25)
    (2.1077955069e-01 9.9691780895e+24)
    (2.1499326283e-01 9.8238700073e+24)
    (2.1942255698e-01 9.6773274379e+24)
    (2.2406764334e-01 9.5302379734e+24)
    (2.2896000916e-01 9.3832543885e+24)
    (2.3410210934e-01 9.2350851982e+24)
    (2.3953467239e-01 9.0857685421e+24)
    (2.4529093645e-01 8.9349550259e+24)
    (2.5140825018e-01 8.7828890698e+24)
    (2.5793258691e-01 8.6283286324e+24)
    (2.6491215469e-01 8.4712242817e+24)
    (2.7240227530e-01 8.3111806755e+24)
    (2.8046375297e-01 8.1478291668e+24)
    (2.8916213748e-01 7.9808563071e+24)
    (2.9856646161e-01 7.8100347492e+24)
    (3.0874738545e-01 7.6352534287e+24)
    (3.1977472197e-01 7.4565430063e+24)
    (3.3168362229e-01 7.2759304990e+24)
    (3.4459290637e-01 7.0910553933e+24)
    (3.5851916481e-01 6.9038553777e+24)
    (3.7349390343e-01 6.7151930281e+24)
    (3.8952971105e-01 6.5260754346e+24)
    (4.0661729963e-01 6.3376052354e+24)
    (4.2472352370e-01 6.1509236410e+24)
    (4.4379064350e-01 5.9671517571e+24)
    (4.6373698345e-01 5.7873364657e+24)
    (4.8445899582e-01 5.6124059821e+24)
    (5.0583459041e-01 5.4431383392e+24)
    (5.2772746033e-01 5.2801439169e+24)
    (5.4999204197e-01 5.1238612173e+24)
    (5.7247870695e-01 4.9745636764e+24)
    (5.9503879746e-01 4.8323745507e+24)
    (6.1752917515e-01 4.6972867554e+24)
    (6.3981604274e-01 4.5691848325e+24)
    (6.6177789913e-01 4.4478667945e+24)
    (6.8330758583e-01 4.3330642534e+24)
    (7.0431346420e-01 4.2244598885e+24)
    (7.2467697436e-01 4.1231108813e+24)
    (7.4441509710e-01 4.0264595530e+24)
    (7.6344531747e-01 3.9351360598e+24)
    (7.8173515144e-01 3.8488153541e+24)
    (7.9926434244e-01 3.7671820188e+24)
    (8.1602339392e-01 3.6899337327e+24)
    (8.3201207605e-01 3.6167833618e+24)
    (8.4723797325e-01 3.5474599998e+24)
    (8.6171511997e-01 3.4817092215e+24)
    (8.7546275606e-01 3.4192927569e+24)
    (8.8850422020e-01 3.3599877371e+24)
    (9.0086598971e-01 3.3035856231e+24)
    (9.1257686765e-01 3.2498908890e+24)
    (9.2366731217e-01 3.1987195088e+24)
    (9.3416889937e-01 3.1498972778e+24)
    (9.4411390757e-01 3.1032579913e+24)
    (9.5353500920e-01 3.0586415042e+24)
    (9.6246505520e-01 3.0158916968e+24)
    (9.7091857930e-01 2.9753344314e+24)
    (9.7895628770e-01 2.9361532409e+24)
    (9.8659875486e-01 2.8984966043e+24)
    (9.9387769322e-01 2.8622450032e+24)
    (1.0008245462e+00 2.8272823577e+24)
    (1.0074705061e+00 2.7934952892e+24)
    (1.0138465437e+00 2.7607723963e+24)
    (1.0199834445e+00 2.7290035091e+24)
    (1.0259118506e+00 2.6980788876e+24)
    (1.0316623064e+00 2.6678883349e+24)
    (1.0372368134e+00 2.6388677093e+24)
    (1.0427253204e+00 2.6099819752e+24)
    (1.0479294135e+00 2.5815636015e+24)
    (1.0533131407e+00 2.5535270380e+24)
    (1.0587015549e+00 2.5257447440e+24)
    (1.0641455878e+00 2.4980919472e+24)
    (1.0697076953e+00 2.4704203066e+24)
    (1.0750720293e+00 2.4441509299e+24)
    (1.0809973277e+00 2.4181428121e+24)
    (1.0874475840e+00 2.3908937359e+24)
    (1.0944735414e+00 2.3635056366e+24)
    (1.1021354195e+00 2.3361441279e+24)
    (1.1110462081e+00 2.3084287219e+24)
    (1.1213652590e+00 2.2804415689e+24)
    (1.1333688578e+00 2.2526817063e+24)
    (1.1479276605e+00 2.2241434113e+24)
    (1.1654776904e+00 2.1953366763e+24)
    (1.1867523231e+00 2.1662944573e+24)
    (1.2125891895e+00 2.1370740416e+24)
    (1.2443761699e+00 2.1078341088e+24)
    (1.2823184390e+00 2.0788114795e+24)
    (1.3278130703e+00 2.0500531454e+24)
    (1.3819109720e+00 2.0217214213e+24)
    (1.4462628824e+00 1.9938087857e+24)
    (1.5205346482e+00 1.9670261089e+24)
    (1.6060431212e+00 1.9411314420e+24)
    (1.7033101278e+00 1.9161797232e+24)
    (1.8133236744e+00 1.8946011184e+24)
    (1.9345349977e+00 1.8714351784e+24)
    (2.0673826653e+00 1.8491549074e+24)
    (2.2112586444e+00 1.8276517466e+24)
    (2.3675391486e+00 1.8071216597e+24)
    (2.5306547436e+00 1.7869130678e+24)
    (2.7016797611e+00 1.7671453494e+24)
    (2.8793718350e+00 1.7477030306e+24)
    (3.0627158465e+00 1.7285159775e+24)
    (3.2500925522e+00 1.7095709922e+24)
    (3.4406844079e+00 1.6907277168e+24)
    (3.6335931443e+00 1.6719305171e+24)
    (3.8293914994e+00 1.6538817336e+24)
    (4.0246201322e+00 1.6351023749e+24)
    (4.2205744262e+00 1.6163115282e+24)
    (4.4170654205e+00 1.5974961044e+24)
    (4.6140592698e+00 1.5786455771e+24)
    (4.8118293106e+00 1.5600819611e+24)
    (5.0101425298e+00 1.5412972584e+24)
    (5.2096264803e+00 1.5225155802e+24)
    (5.4106830855e+00 1.5037409147e+24)
    (5.6137791567e+00 1.4849732538e+24)
    (5.8194315888e+00 1.4662061873e+24)
    (6.0281942774e+00 1.4474243349e+24)
    (6.2397182407e+00 1.4298560444e+24)
    (6.4559105451e+00 1.4118270256e+24)
    (6.6776519205e+00 1.3936563661e+24)
    (6.9049922865e+00 1.3756112456e+24)
    (7.1385780794e+00 1.3576540324e+24)
    (7.3786430488e+00 1.3402889443e+24)
    (7.6265303642e+00 1.3227286211e+24)
    (7.8826257025e+00 1.3053321910e+24)
    (8.1497191059e+00 1.2880704279e+24)
    (8.4240092405e+00 1.2710088862e+24)
    (8.7085308876e+00 1.2541015256e+24)
    (9.0040228143e+00 1.2373389065e+24)
    (9.3087340154e+00 1.2209298531e+24)
    (9.6283995994e+00 1.2044163270e+24)
    (9.9612246963e+00 1.1880299678e+24)
    (1.0308125495e+01 1.1717239156e+24)
    (1.0668465983e+01 1.1557231581e+24)
    (1.1045828452e+01 1.1396736049e+24)
    (1.1439820622e+01 1.1237365344e+24)
    (1.1851696174e+01 1.1077096320e+24)
    (1.2280620034e+01 1.0923009053e+24)
    (1.2730516764e+01 1.0767245786e+24)
    (1.3201609335e+01 1.0611688032e+24)
    (1.3695082127e+01 1.0454024671e+24)
    (1.4209909604e+01 1.0309864971e+24)
    (1.4748613160e+01 1.0161946312e+24)
    (1.5316430848e+01 1.0014226331e+24)
    (1.5912205402e+01 9.8686437232e+23)
    (1.6537243804e+01 9.7259872332e+23)
    (1.7194717344e+01 9.5849581463e+23)
    (1.7885901787e+01 9.4464061202e+23)
    (1.8613989945e+01 9.3113637307e+23)
    (1.9379845460e+01 9.1777872155e+23)
    (2.0186705972e+01 9.0468331404e+23)
    (2.1034800734e+01 8.9201241471e+23)
    (2.1932990500e+01 8.7941724702e+23)
    (2.2881431137e+01 8.6707617517e+23)
    (2.3881383122e+01 8.5510756742e+23)
    (2.4941600051e+01 8.4323568395e+23)
    (2.6064042589e+01 8.3158755052e+23)
    (2.7252346416e+01 8.2030162767e+23)
    (2.8390136249e+01 8.1125666102e+23)
    (2.9849584724e+01 7.9802639320e+23)
);
