// muN vs mean energy [eV]; air_plasma [23a06d772827b718], T_gas = 300.000000 K
(
    (0 1.9401422605e+25)
    (8.3422134201e-02 1.9401422605e+25)
    (8.8462680050e-02 1.8297106578e+25)
    (9.3491060499e-02 1.7247060800e+25)
    (9.6777619891e-02 1.7121184964e+25)
    (1.0175997315e-01 1.6083397158e+25)
    (1.0646293907e-01 1.5152131883e+25)
    (1.1133785898e-01 1.4151832905e+25)
    (1.1494524000e-01 1.3592956751e+25)
    (1.1873395973e-01 1.2948605659e+25)
    (1.2224734874e-01 1.2381401218e+25)
    (1.2551219849e-01 1.1881665251e+25)
    (1.2824328374e-01 1.1411923580e+25)
    (1.3141043808e-01 1.1049666590e+25)
    (1.3383153708e-01 1.0680126223e+25)
    (1.3676045299e-01 1.0357785233e+25)
    (1.3906586166e-01 1.0109390846e+25)
    (1.4141448729e-01 9.8588188983e+24)
    (1.4369352067e-01 9.6315093347e+24)
    (1.4592237950e-01 9.4240687159e+24)
    (1.4811895507e-01 9.2335764332e+24)
    (1.5029968859e-01 9.0575182019e+24)
    (1.5247964864e-01 8.8937292698e+24)
    (1.5467260739e-01 8.7403463675e+24)
    (1.5689111725e-01 8.5957671535e+24)
    (1.5914658981e-01 8.4586159568e+24)
    (1.6144937818e-01 8.3277147574e+24)
    (1.6380886523e-01 8.2020584120e+24)
    (1.6623355953e-01 8.0807932908e+24)
    (1.6873119978e-01 7.9631986628e+24)
    (1.7130886915e-01 7.8486702365e+24)
    (1.7397311959e-01 7.7367054227e+24)
    (1.7673010631e-01 7.6268899558e+24)
    (1.7958573144e-01 7.5188856303e+24)
    (1.8254579637e-01 7.4124189428e+24)
    (1.8561616139e-01 7.3072705057e+24)
    (1.8880291207e-01 7.2032651066e+24)
    (1.9211253088e-01 7.1002623295e+24)
    (1.9555207395e-01 6.9981476169e+24)
    (1.9912935206e-01 6.8968236634e+24)
    (2.0285311488e-01 6.7962020061e+24)
    (2.0673323717e-01 6.6961946661e+24)
    (2.1077955069e-01 6.5970901916e+24)
    (2.1499326283e-01 6.4983359495e+24)
    (2.1942255698e-01 6.4004324688e+24)
    (2.2406764334e-01 6.3030029867e+24)
    (2.2896000916e-01 6.2051905555e+24)
    (2.3410210934e-01 6.1086934319e+24)
    (2.3953467239e-01 6.0124587344e+24)
    (2.4529093645e-01 5.9163799121e+24)
    (2.5140825018e-01 5.8199244499e+24)
    (2.5793258691e-01 5.7238684475e+24)
    (2.6491215469e-01 5.6275855503e+24)
    (2.7240227530e-01 5.5309126434e+24)
    (2.8046375297e-01 5.4336744224e+24)
    (2.8916213748e-01 5.3356874609e+24)
    (2.9856646161e-01 5.2367657906e+24)
    (3.0874738545e-01 5.1367278904e+24)
    (3.1977472197e-01 5.0354047731e+24)
    (3.3168362229e-01 4.9327105289e+24)
    (3.4459290637e-01 4.8286171737e+24)
    (3.5851916481e-01 4.7230239526e+24)
    (3.7349390343e-01 4.6159598674e+24)
    (3.8952971105e-01 4.5075245625e+24)
    (4.0661729963e-01 4.3978926384e+24)
    (4.2472352370e-01 4.2873136428e+24)
    (4.4379064350e-01 4.1761073324e+24)
    (4.6373698345e-01 4.0646542933e+24)
    (4.8445899582e-01 3.9533825232e+24)
    (5.0583459041e-01 3.8427510274e+24)
    (5.2772746033e-01 3.7332317869e+24)
    (5.4999204197e-01 3.6252915688e+24)
    (5.7247870695e-01 3.5193749623e+24)
    (5.9503879746e-01 3.4158897647e+24)
    (6.1752917515e-01 3.3151954770e+24)
    (6.3981604274e-01 3.2175952617e+24)
    (6.6177789913e-01 3.1233313416e+24)
    (6.8330758583e-01 3.0325835173e+24)
    (7.0431346420e-01 2.9454702849e+24)
    (7.2467697436e-01 2.8624743535e+24)
    (7.4441509710e-01 2.7830195930e+24)
    (7.6344531747e-01 2.7073298582e+24)
    (7.8173515144e-01 2.6353559126e+24)
    (7.9926434244e-01 2.5670192261e+24)
    (8.1602339392e-01 2.5022180648e+24)
    (8.3201207605e-01 2.4408330327e+24)
    (8.4723797325e-01 2.3827319583e+24)
    (8.6171511997e-01 2.3277740834e+24)
    (8.7546275606e-01 2.2758135527e+24)
    (8.8850422020e-01 2.2267022338e+24)
    (9.0086598971e-01 2.1802919115e+24)
    (9.1257686765e-01 2.1364359089e+24)
    (9.2366731217e-01 2.0949901924e+24)
    (9.3416889937e-01 2.0558140161e+24)
    (9.4411390757e-01 2.0187701626e+24)
    (9.5353500920e-01 1.9837248361e+24)
    (9.6246505520e-01 1.9505472650e+24)
    (9.7091857930e-01 1.9192454545e+24)
    (9.7895628770e-01 1.8895672594e+24)
    (9.8659875486e-01 1.8614341178e+24)
    (9.9387769322e-01 1.8347402699e+24)
    (1.0008245462e+00 1.8093836606e+24)
    (1.0074705061e+00 1.7852655621e+24)
    (1.0138465437e+00 1.7622901825e+24)
    (1.0199834445e+00 1.7403642559e+24)
    (1.0259118506e+00 1.7193966064e+24)
    (1.0316623064e+00 1.6992976740e+24)
    (1.0372368134e+00 1.6802334861e+24)
    (1.0427253204e+00 1.6616767941e+24)
    (1.0479294135e+00 1.6434765655e+24)
    (1.0533131407e+00 1.6261543142e+24)
    (1.0587015549e+00 1.6093199682e+24)
    (1.0641455878e+00 1.5928990763e+24)
    (1.0697076953e+00 1.5768154875e+24)
    (1.0750720293e+00 1.5612180933e+24)
    (1.0809973277e+00 1.5461643340e+24)
    (1.0874475840e+00 1.5309202216e+24)
    (1.0944735414e+00 1.5158251678e+24)
    (1.1021354195e+00 1.5008577553e+24)
    (1.1110462081e+00 1.4859378296e+24)
    (1.1213652590e+00 1.4710545810e+24)
    (1.1333688578e+00 1.4561463562e+24)
    (1.1479276605e+00 1.4412406471e+24)
    (1.1654776904e+00 1.4263069973e+24)
    (1.1867523231e+00 1.4113333530e+24)
    (1.2125891895e+00 1.3963133474e+24)
    (1.2443761699e+00 1.3811509902e+24)
    (1.2823184390e+00 1.3660716810e+24)
    (1.3278130703e+00 1.3509730407e+24)
    (1.3819109720e+00 1.3358745351e+24)
    (1.4462628824e+00 1.3199832707e+24)
    (1.5205346482e+00 1.3050158872e+24)
    (1.6060431212e+00 1.2901402172e+24)
    (1.7033101278e+00 1.2753863087e+24)
    (1.8133236744e+00 1.2628080927e+24)
    (1.9345349977e+00 1.2482628799e+24)
    (2.0673826653e+00 1.2339216411e+24)
    (2.2112586444e+00 1.2197992068e+24)
    (2.3675391486e+00 1.2056853392e+24)
    (2.5306547436e+00 1.1920399371e+24)
    (2.7016797611e+00 1.1786229642e+24)
    (2.8793718350e+00 1.1654228042e+24)
    (3.0627158465e+00 1.1517626259e+24)
    (3.2500925522e+00 1.1389973380e+24)
    (3.4406844079e+00 1.1263968242e+24)
    (3.6335931443e+00 1.1139375786e+24)
    (3.8293914994e+00 1.1020485786e+24)
    (4.0246201322e+00 1.0897975340e+24)
    (4.2205744262e+00 1.0776256072e+24)
    (4.4170654205e+00 1.0655162451e+24)
    (4.6140592698e+00 1.0534545711e+24)
    (4.8118293106e+00 1.0410454379e+24)
    (5.0101425298e+00 1.0291103301e+24)
    (5.2096264803e+00 1.0171958306e+24)
    (5.4106830855e+00 1.0052962614e+24)
    (5.6137791567e+00 9.9340665634e+23)
    (5.8194315888e+00 9.8152207705e+23)
    (6.0281942774e+00 9.6963683352e+23)
    (6.2397182407e+00 9.5813269994e+23)
    (6.4559105451e+00 9.4635426750e+23)
    (6.6776519205e+00 9.3454425301e+23)
    (6.9049922865e+00 9.2276230828e+23)
    (7.1385780794e+00 9.1100385741e+23)
    (7.3786430488e+00 8.9938560449e+23)
    (7.6265303642e+00 8.8771114113e+23)
    (7.8826257025e+00 8.7607602394e+23)
    (8.1497191059e+00 8.6395008058e+23)
    (8.4240092405e+00 8.5244487156e+23)
    (8.7085308876e+00 8.4098047660e+23)
    (9.0040228143e+00 8.2955748690e+23)
    (9.3087340154e+00 8.1845686307e+23)
    (9.6283995994e+00 8.0708753504e+23)
    (9.9612246963e+00 7.9576723137e+23)
    (1.0308125495e+01 7.8449011573e+23)
    (1.0668465983e+01 7.7320718247e+23)
    (1.1045828452e+01 7.6204144994e+23)
    (1.1439820622e+01 7.5092874764e+23)
    (1.1851696174e+01 7.3984148466e+23)
    (1.2280620034e+01 7.2881113853e+23)
    (1.2730516764e+01 7.1787476631e+23)
    (1.3201609335e+01 7.0698694691e+23)
    (1.3695082127e+01 6.9611844257e+23)
    (1.4209909604e+01 6.8534944071e+23)
    (1.4748613160e+01 6.7504978802e+23)
    (1.5316430848e+01 6.6446121361e+23)
    (1.5912205402e+01 6.5397387200e+23)
    (1.6537243804e+01 6.4324603205e+23)
    (1.7194717344e+01 6.3302125838e+23)
    (1.7885901787e+01 6.2291297682e+23)
    (1.8613989945e+01 6.1285203127e+23)
    (1.9379845460e+01 6.0299937937e+23)
    (2.0186705972e+01 5.9328464090e+23)
    (2.1034800734e+01 5.8377360482e+23)
    (2.1932990500e+01 5.7433774396e+23)
    (2.2881431137e+01 5.6505872395e+23)
    (2.3881383122e+01 5.5586158749e+23)
    (2.4941600051e+01 5.4691339762e+23)
    (2.6064042589e+01 5.3812978776e+23)
    (2.7252346416e+01 5.2944025465e+23)
    (2.8390136249e+01 5.2067073383e+23)
    (2.9849584724e+01 5.1273069019e+23)
);
