// muN vs reducedE [V m^2]; air_plasma [23a06d772827b718], T_gas = 300.000000 K
(
    (0 1.9401422605e+25)
    (1.0000000000e-22 1.9401422605e+25)
    (1.0510254106e-22 1.8297106578e+25)
    (1.1046544136e-22 1.7247060800e+25)
    (1.1610198586e-22 1.7121184964e+25)
    (1.2202613736e-22 1.6083397158e+25)
    (1.2825257111e-22 1.5152131883e+25)
    (1.3479671121e-22 1.4151832905e+25)
    (1.4167476874e-22 1.3592956751e+25)
    (1.4890378198e-22 1.2948605659e+25)
    (1.5650165859e-22 1.2381401218e+25)
    (1.6448721998e-22 1.1881665251e+25)
    (1.7288024791e-22 1.1411923580e+25)
    (1.8170153353e-22 1.1049666590e+25)
    (1.9097292888e-22 1.0680126223e+25)
    (2.0071740098e-22 1.0357785233e+25)
    (2.1095908877e-22 1.0109390846e+25)
    (2.2172336289e-22 9.8588188983e+24)
    (2.3303688851e-22 9.6315093347e+24)
    (2.4492769142e-22 9.4240687159e+24)
    (2.5742522744e-22 9.2335764332e+24)
    (2.7056045535e-22 9.0575182019e+24)
    (2.8436591367e-22 8.8937292698e+24)
    (2.9887580116e-22 8.7403463675e+24)
    (3.1412606162e-22 8.5957671535e+24)
    (3.3015447288e-22 8.4586159568e+24)
    (3.4700074041e-22 8.3277147574e+24)
    (3.6470659565e-22 8.2020584120e+24)
    (3.8331589943e-22 8.0807932908e+24)
    (4.0287475057e-22 7.9631986628e+24)
    (4.2343160012e-22 7.8486702365e+24)
    (4.4503737136e-22 7.7367054227e+24)
    (4.6774558595e-22 7.6268899558e+24)
    (4.9161249651e-22 7.5188856303e+24)
    (5.1669722598e-22 7.4124189428e+24)
    (5.4306191407e-22 7.3072705057e+24)
    (5.7077187120e-22 7.2032651066e+24)
    (5.9989574026e-22 7.1002623295e+24)
    (6.3050566670e-22 6.9981476169e+24)
    (6.6267747720e-22 6.8968236634e+24)
    (6.9649086754e-22 6.7962020061e+24)
    (7.3202960001e-22 6.6961946661e+24)
    (7.6938171089e-22 6.5970901916e+24)
    (8.0863972857e-22 6.4983359495e+24)
    (8.4990090271e-22 6.4004324688e+24)
    (8.9326744521e-22 6.3030029867e+24)
    (9.3884678334e-22 6.2051905555e+24)
    (9.8675182591e-22 6.1086934319e+24)
    (1.0371012429e-21 6.0124587344e+24)
    (1.0900197597e-21 5.9163799121e+24)
    (1.1456384654e-21 5.8199244499e+24)
    (1.2040951385e-21 5.7238684475e+24)
    (1.2655345872e-21 5.6275855503e+24)
    (1.3301090091e-21 5.5309126434e+24)
    (1.3979783674e-21 5.4336744224e+24)
    (1.4693107876e-21 5.3356874609e+24)
    (1.5442829737e-21 5.2367657906e+24)
    (1.6230806465e-21 5.1367278904e+24)
    (1.7058990029e-21 5.0354047731e+24)
    (1.7929431998e-21 4.9327105289e+24)
    (1.8844288627e-21 4.8286171737e+24)
    (1.9805826191e-21 4.7230239526e+24)
    (2.0816426604e-21 4.6159598674e+24)
    (2.1878593318e-21 4.5075245625e+24)
    (2.2994957524e-21 4.3978926384e+24)
    (2.4168284673e-21 4.2873136428e+24)
    (2.5401481321e-21 4.1761073324e+24)
    (2.6697602334e-21 4.0646542933e+24)
    (2.8059858454e-21 3.9533825232e+24)
    (2.9491624252e-21 3.8427510274e+24)
    (3.0996446487e-21 3.7332317869e+24)
    (3.2578052895e-21 3.6252915688e+24)
    (3.4240361419e-21 3.5193749623e+24)
    (3.5987489918e-21 3.4158897647e+24)
    (3.7823766366e-21 3.3151954770e+24)
    (3.9753739574e-21 3.2175952617e+24)
    (4.1782190457e-21 3.1233313416e+24)
    (4.3914143879e-21 3.0325835173e+24)
    (4.6154881100e-21 2.9454702849e+24)
    (4.8509952857e-21 2.8624743535e+24)
    (5.0985193118e-21 2.7830195930e+24)
    (5.3586733529e-21 2.7073298582e+24)
    (5.6321018608e-21 2.6353559126e+24)
    (5.9194821706e-21 2.5670192261e+24)
    (6.2215261786e-21 2.5022180648e+24)
    (6.5389821062e-21 2.4408330327e+24)
    (6.8726363528e-21 2.3827319583e+24)
    (7.2233154443e-21 2.3277740834e+24)
    (7.5918880804e-21 2.2758135527e+24)
    (7.9792672866e-21 2.2267022338e+24)
    (8.3864126759e-21 2.1802919115e+24)
    (8.8143328258e-21 2.1364359089e+24)
    (9.2640877770e-21 2.0949901924e+24)
    (9.7367916593e-21 2.0558140161e+24)
    (1.0233615451e-20 2.0187701626e+24)
    (1.0755789881e-20 1.9837248361e+24)
    (1.1304608476e-20 1.9505472650e+24)
    (1.1881430764e-20 1.9192454545e+24)
    (1.2487685647e-20 1.8895672594e+24)
    (1.3124874934e-20 1.8614341178e+24)
    (1.3794577066e-20 1.8347402699e+24)
    (1.4498451025e-20 1.8093836606e+24)
    (1.5238240441e-20 1.7852655621e+24)
    (1.6015777915e-20 1.7622901825e+24)
    (1.6832989559e-20 1.7403642559e+24)
    (1.7691899762e-20 1.7193966064e+24)
    (1.8594636211e-20 1.6992976740e+24)
    (1.9543435158e-20 1.6802334861e+24)
    (2.0540646960e-20 1.6616767941e+24)
    (2.1588741905e-20 1.6434765655e+24)
    (2.2690316324e-20 1.6261543142e+24)
    (2.3848099030e-20 1.6093199682e+24)
    (2.5064958074e-20 1.5928990763e+24)
    (2.6343907850e-20 1.5768154875e+24)
    (2.7688116564e-20 1.5612180933e+24)
    (2.9100914079e-20 1.5461643340e+24)
    (3.0585800168e-20 1.5309202216e+24)
    (3.2146453179e-20 1.5158251678e+24)
    (3.3786739150e-20 1.5008577553e+24)
    (3.5510721387e-20 1.4859378296e+24)
    (3.7322670525e-20 1.4710545810e+24)
    (3.9227075111e-20 1.4561463562e+24)
    (4.1228652724e-20 1.4412406471e+24)
    (4.3332361656e-20 1.4263069973e+24)
    (4.5543413200e-20 1.4113333530e+24)
    (4.7867284557e-20 1.3963133474e+24)
    (5.0309732403e-20 1.3811509902e+24)
    (5.2876807154e-20 1.3660716810e+24)
    (5.5574867948e-20 1.3509730407e+24)
    (5.8410598402e-20 1.3358745351e+24)
    (6.1391023167e-20 1.3199832707e+24)
    (6.4523525328e-20 1.3050158872e+24)
    (6.7815864699e-20 1.2901402172e+24)
    (7.1276197038e-20 1.2753863087e+24)
    (7.4913094254e-20 1.2628080927e+24)
    (7.8735565645e-20 1.2482628799e+24)
    (8.2753080208e-20 1.2339216411e+24)
    (8.6975590100e-20 1.2197992068e+24)
    (9.1413555293e-20 1.2056853392e+24)
    (9.6077969483e-20 1.1920399371e+24)
    (1.0098038732e-19 1.1786229642e+24)
    (1.0613295304e-19 1.1654228042e+24)
    (1.1154843055e-19 1.1517626259e+24)
    (1.1724023501e-19 1.1389973380e+24)
    (1.2322246614e-19 1.1263968242e+24)
    (1.2950994306e-19 1.1139375786e+24)
    (1.3611824108e-19 1.1020485786e+24)
    (1.4306373021e-19 1.0897975340e+24)
    (1.5036361578e-19 1.0776256072e+24)
    (1.5803598101e-19 1.0655162451e+24)
    (1.6609983183e-19 1.0534545711e+24)
    (1.7457514394e-19 1.0410454379e+24)
    (1.8348291233e-19 1.0291103301e+24)
    (1.9284520326e-19 1.0171958306e+24)
    (2.0268520893e-19 1.0052962614e+24)
    (2.1302730493e-19 9.9340665634e+23)
    (2.2389711063e-19 9.8152207705e+23)
    (2.3532155262e-19 9.6963683352e+23)
    (2.4732893146e-19 9.5813269994e+23)
    (2.5994899173e-19 9.4635426750e+23)
    (2.7321299575e-19 9.3454425301e+23)
    (2.8715380103e-19 9.2276230828e+23)
    (3.0180594162e-19 9.1100385741e+23)
    (3.1720571370e-19 8.9938560449e+23)
    (3.3339126548e-19 8.8771114113e+23)
    (3.5040269168e-19 8.7607602394e+23)
    (3.6828213288e-19 8.6395008058e+23)
    (3.8707387991e-19 8.5244487156e+23)
    (4.0682448355e-19 8.4098047660e+23)
    (4.2758286985e-19 8.2955748690e+23)
    (4.4940046133e-19 8.1845686307e+23)
    (4.7233130437e-19 8.0708753504e+23)
    (4.9643220310e-19 7.9576723137e+23)
    (5.2176286008e-19 7.8449011573e+23)
    (5.4838602423e-19 7.7320718247e+23)
    (5.7636764626e-19 7.6204144994e+23)
    (6.0577704204e-19 7.5092874764e+23)
    (6.3668706432e-19 7.3984148466e+23)
    (6.6917428317e-19 7.2881113853e+23)
    (7.0331917570e-19 7.1787476631e+23)
    (7.3920632540e-19 7.0698694691e+23)
    (7.7692463164e-19 6.9611844257e+23)
    (8.1656752994e-19 6.8534944071e+23)
    (8.5823322341e-19 6.7504978802e+23)
    (9.0202492599e-19 6.6446121361e+23)
    (9.4805111817e-19 6.5397387200e+23)
    (9.9642581570e-19 6.4324603205e+23)
    (1.0472688520e-18 6.3302125838e+23)
    (1.1007061752e-18 6.2291297682e+23)
    (1.1568701597e-18 6.1285203127e+23)
    (1.2158999345e-18 6.0299937937e+23)
    (1.2779417279e-18 5.9328464090e+23)
    (1.3431492292e-18 5.8377360482e+23)
    (1.4116839701e-18 5.7433774396e+23)
    (1.4837157242e-18 5.6505872395e+23)
    (1.5594229282e-18 5.5586158749e+23)
    (1.6389931234e-18 5.4691339762e+23)
    (1.7226234204e-18 5.3812978776e+23)
    (1.8105209877e-18 5.2944025465e+23)
    (1.9029035644e-18 5.2067073383e+23)
    (2.0000000000e-18 5.1273069019e+23)
);
