// nuEffN vs reducedE [V m^2]; air_plasma [23a06d772827b718], T_gas = 300.000000 K
(
    (0 -3.4892839722e-18)
    (1.0000000000e-22 -3.4892839722e-18)
    (1.0510254106e-22 -3.5666500377e-18)
    (1.1046544136e-22 -3.6297485124e-18)
    (1.1610198586e-22 -3.6854516207e-18)
    (1.2202613736e-22 -3.7275813542e-18)
    (1.2825257111e-22 -3.7572003083e-18)
    (1.3479671121e-22 -3.7711827352e-18)
    (1.4167476874e-22 -3.7868791377e-18)
    (1.4890378198e-22 -3.7905555256e-18)
    (1.5650165859e-22 -3.7887744563e-18)
    (1.6448721998e-22 -3.7826820948e-18)
    (1.7288024791e-22 -3.7784708506e-18)
    (1.8170153353e-22 -3.7609478009e-18)
    (1.9097292888e-22 -3.7506723671e-18)
    (2.0071740098e-22 -3.7263657453e-18)
    (2.1095908877e-22 -3.7118513646e-18)
    (2.2172336289e-22 -3.6925648137e-18)
    (2.3303688851e-22 -3.6719754172e-18)
    (2.4492769142e-22 -3.6501429436e-18)
    (2.5742522744e-22 -3.6270925318e-18)
    (2.7056045535e-22 -3.6028261327e-18)
    (2.8436591367e-22 -3.5773316744e-18)
    (2.9887580116e-22 -3.5505903345e-18)
    (3.1412606162e-22 -3.5225822186e-18)
    (3.3015447288e-22 -3.4932906936e-18)
    (3.4700074041e-22 -3.4627055873e-18)
    (3.6470659565e-22 -3.4308254115e-18)
    (3.8331589943e-22 -3.3976587422e-18)
    (4.0287475057e-22 -3.3632248736e-18)
    (4.2343160012e-22 -3.3275538401e-18)
    (4.4503737136e-22 -3.2906858995e-18)
    (4.6774558595e-22 -3.2526705643e-18)
    (4.9161249651e-22 -3.2135652749e-18)
    (5.1669722598e-22 -3.1734338021e-18)
    (5.4306191407e-22 -3.1323444736e-18)
    (5.7077187120e-22 -3.0903683132e-18)
    (5.9989574026e-22 -3.0475771790e-18)
    (6.3050566670e-22 -3.0040419771e-18)
    (6.6267747720e-22 -2.9598310157e-18)
    (6.9649086754e-22 -2.9150085523e-18)
    (7.3202960001e-22 -2.8696335729e-18)
    (7.6938171089e-22 -2.8235577829e-18)
    (8.0863972857e-22 -2.7771504054e-18)
    (8.4990090271e-22 -2.7304083021e-18)
    (8.9326744521e-22 -2.6832716645e-18)
    (9.3884678334e-22 -2.6352822604e-18)
    (9.8675182591e-22 -2.5874397471e-18)
    (1.0371012429e-21 -2.5392221250e-18)
    (1.0900197597e-21 -2.4906163755e-18)
    (1.1456384654e-21 -2.4414280854e-18)
    (1.2040951385e-21 -2.3919698858e-18)
    (1.2655345872e-21 -2.3420265508e-18)
    (1.3301090091e-21 -2.2915491378e-18)
    (1.3979783674e-21 -2.2404836005e-18)
    (1.4693107876e-21 -2.1887738078e-18)
    (1.5442829737e-21 -2.1363654441e-18)
    (1.6230806465e-21 -2.0832107684e-18)
    (1.7058990029e-21 -2.0292741100e-18)
    (1.7929431998e-21 -1.9745134941e-18)
    (1.8844288627e-21 -1.9189862801e-18)
    (1.9805826191e-21 -1.8627041999e-18)
    (2.0816426604e-21 -1.8057386851e-18)
    (2.1878593318e-21 -1.7481991246e-18)
    (2.2994957524e-21 -1.6902339725e-18)
    (2.4168284673e-21 -1.6320294037e-18)
    (2.5401481321e-21 -1.5738053847e-18)
    (2.6697602334e-21 -1.5158093061e-18)
    (2.8059858454e-21 -1.4583075955e-18)
    (2.9491624252e-21 -1.4015759677e-18)
    (3.0996446487e-21 -1.3458891063e-18)
    (3.2578052895e-21 -1.2915106106e-18)
    (3.4240361419e-21 -1.2386839625e-18)
    (3.5987489918e-21 -1.1876251045e-18)
    (3.7823766366e-21 -1.1385170032e-18)
    (3.9753739574e-21 -1.0915063369e-18)
    (4.1782190457e-21 -1.0467022374e-18)
    (4.3914143879e-21 -1.0041768516e-18)
    (4.6154881100e-21 -9.6396738136e-19)
    (4.8509952857e-21 -9.2608126282e-19)
    (5.0985193118e-21 -8.9050342478e-19)
    (5.3586733529e-21 -8.5718047209e-19)
    (5.6321018608e-21 -8.2604777055e-19)
    (5.9194821706e-21 -7.9702558519e-19)
    (6.2215261786e-21 -7.7002292889e-19)
    (6.5389821062e-21 -7.4494100651e-19)
    (6.8726363528e-21 -7.2167620465e-19)
    (7.2233154443e-21 -7.0012261455e-19)
    (7.5918880804e-21 -6.8017410152e-19)
    (7.9792672866e-21 -6.6172595177e-19)
    (8.3864126759e-21 -6.4467613753e-19)
    (8.8143328258e-21 -6.2892624618e-19)
    (9.2640877770e-21 -6.1438212022e-19)
    (9.7367916593e-21 -6.0095425385e-19)
    (1.0233615451e-20 -5.8855798910e-19)
    (1.0755789881e-20 -5.7711355123e-19)
    (1.1304608476e-20 -5.6654595893e-19)
    (1.1881430764e-20 -5.5676436534e-19)
    (1.2487685647e-20 -5.4775651636e-19)
    (1.3124874934e-20 -5.3943019048e-19)
    (1.3794577066e-20 -5.3172844288e-19)
    (1.4498451025e-20 -5.2459804264e-19)
    (1.5238240441e-20 -5.1798918745e-19)
    (1.6015777915e-20 -5.1185522722e-19)
    (1.6832989559e-20 -5.0615240065e-19)
    (1.7691899762e-20 -5.0083958710e-19)
    (1.8594636211e-20 -4.9587807431e-19)
    (1.9543435158e-20 -4.9124400009e-19)
    (2.0540646960e-20 -4.8687641792e-19)
    (2.1588741905e-20 -4.8273541359e-19)
    (2.2690316324e-20 -4.7887532854e-19)
    (2.3848099030e-20 -4.7523542535e-19)
    (2.5064958074e-20 -4.7181350619e-19)
    (2.6343907850e-20 -4.6862462036e-19)
    (2.7688116564e-20 -4.6643724904e-19)
    (2.9100914079e-20 -4.6420636416e-19)
    (3.0585800168e-20 -4.6284851807e-19)
    (3.2146453179e-20 -4.6258071116e-19)
    (3.3786739150e-20 -4.6411792120e-19)
    (3.5510721387e-20 -4.6770490522e-19)
    (3.7322670525e-20 -4.7441419878e-19)
    (3.9227075111e-20 -4.8566386290e-19)
    (4.1228652724e-20 -5.0234324282e-19)
    (4.3332361656e-20 -5.2640741945e-19)
    (4.5543413200e-20 -5.5987132662e-19)
    (4.7867284557e-20 -6.0502284799e-19)
    (5.0309732403e-20 -6.6592244893e-19)
    (5.2876807154e-20 -7.4202967969e-19)
    (5.5574867948e-20 -8.3719047652e-19)
    (5.8410598402e-20 -9.5346703793e-19)
    (6.1391023167e-20 -1.0923003767e-18)
    (6.4523525328e-20 -1.2521902765e-18)
    (6.7815864699e-20 -1.4322633697e-18)
    (7.1276197038e-20 -1.6284607069e-18)
    (7.4913094254e-20 -1.8336585789e-18)
    (7.8735565645e-20 -2.0338595792e-18)
    (8.2753080208e-20 -2.2146169258e-18)
    (8.6975590100e-20 -2.3538297871e-18)
    (9.1413555293e-20 -2.4239655086e-18)
    (9.6077969483e-20 -2.3807534588e-18)
    (1.0098038732e-19 -2.1797439160e-18)
    (1.0613295304e-19 -1.7609364049e-18)
    (1.1154843055e-19 -1.0482335684e-18)
    (1.1724023501e-19 4.7263213896e-20)
    (1.2322246614e-19 1.6365254519e-18)
    (1.2950994306e-19 3.8524316268e-18)
    (1.3611824108e-19 6.8593828880e-18)
    (1.4306373021e-19 1.0838268973e-17)
    (1.5036361578e-19 1.6017330416e-17)
    (1.5803598101e-19 2.2660451488e-17)
    (1.6609983183e-19 3.1075893907e-17)
    (1.7457514394e-19 4.1621636040e-17)
    (1.8348291233e-19 5.4714857751e-17)
    (1.9284520326e-19 7.0831447959e-17)
    (2.0268520893e-19 9.0515555201e-17)
    (2.1302730493e-19 1.1438435283e-16)
    (2.2389711063e-19 1.4313314210e-16)
    (2.3532155262e-19 1.7753968767e-16)
    (2.4732893146e-19 2.1847302943e-16)
    (2.5994899173e-19 2.6692161238e-16)
    (2.7321299575e-19 3.2393984400e-16)
    (2.8715380103e-19 3.9074247291e-16)
    (3.0180594162e-19 4.6862220576e-16)
    (3.1720571370e-19 5.5891978161e-16)
    (3.3339126548e-19 6.6311357091e-16)
    (3.5040269168e-19 7.8290041080e-16)
    (3.6828213288e-19 9.2051910177e-16)
    (3.8707387991e-19 1.0767830010e-15)
    (4.0682448355e-19 1.2541519560e-15)
    (4.2758286985e-19 1.4547620043e-15)
    (4.4940046133e-19 1.6806378008e-15)
    (4.7233130437e-19 1.9342844400e-15)
    (4.9643220310e-19 2.2179872379e-15)
    (5.2176286008e-19 2.5344396973e-15)
    (5.4838602423e-19 2.8861384788e-15)
    (5.7636764626e-19 3.2754699376e-15)
    (6.0577704204e-19 3.7054818318e-15)
    (6.3668706432e-19 4.1795144057e-15)
    (6.6917428317e-19 4.6993815570e-15)
    (7.0331917570e-19 5.2686922857e-15)
    (7.3920632540e-19 5.8910856010e-15)
    (7.7692463164e-19 6.5696109264e-15)
    (8.1656752994e-19 7.3049749780e-15)
    (8.5823322341e-19 8.1031106698e-15)
    (9.0202492599e-19 8.9668165216e-15)
    (9.4805111817e-19 9.8989682121e-15)
    (9.9642581570e-19 1.0903535898e-14)
    (1.0472688520e-18 1.1982866436e-14)
    (1.1007061752e-18 1.3140457562e-14)
    (1.1568701597e-18 1.4381929325e-14)
    (1.2158999345e-18 1.5706217140e-14)
    (1.2779417279e-18 1.7118309096e-14)
    (1.3431492292e-18 1.8619214209e-14)
    (1.4116839701e-18 2.0216338762e-14)
    (1.4837157242e-18 2.1909991028e-14)
    (1.5594229282e-18 2.3699728899e-14)
    (1.6389931234e-18 2.5593965346e-14)
    (1.7226234204e-18 2.7592145726e-14)
    (1.8105209877e-18 2.9693740258e-14)
    (1.9029035644e-18 3.1753435087e-14)
    (2.0000000000e-18 3.4222490389e-14)
);
