// nuEffN vs mean energy [eV]; air_plasma [23a06d772827b718], T_gas = 300.000000 K
(
    (0 -3.4892839722e-18)
    (8.3422134201e-02 -3.4892839722e-18)
    (8.8462680050e-02 -3.5666500377e-18)
    (9.3491060499e-02 -3.6297485124e-18)
    (9.6777619891e-02 -3.6854516207e-18)
    (1.0175997315e-01 -3.7275813542e-18)
    (1.0646293907e-01 -3.7572003083e-18)
    (1.1133785898e-01 -3.7711827352e-18)
    (1.1494524000e-01 -3.7868791377e-18)
    (1.1873395973e-01 -3.7905555256e-18)
    (1.2224734874e-01 -3.7887744563e-18)
    (1.2551219849e-01 -3.7826820948e-18)
    (1.2824328374e-01 -3.7784708506e-18)
    (1.3141043808e-01 -3.7609478009e-18)
    (1.3383153708e-01 -3.7506723671e-18)
    (1.3676045299e-01 -3.7263657453e-18)
    (1.3906586166e-01 -3.7118513646e-18)
    (1.4141448729e-01 -3.6925648137e-18)
    (1.4369352067e-01 -3.6719754172e-18)
    (1.4592237950e-01 -3.6501429436e-18)
    (1.4811895507e-01 -3.6270925318e-18)
    (1.5029968859e-01 -3.6028261327e-18)
    (1.5247964864e-01 -3.5773316744e-18)
    (1.5467260739e-01 -3.5505903345e-18)
    (1.5689111725e-01 -3.5225822186e-18)
    (1.5914658981e-01 -3.4932906936e-18)
    (1.6144937818e-01 -3.4627055873e-18)
    (1.6380886523e-01 -3.4308254115e-18)
    (1.6623355953e-01 -3.3976587422e-18)
    (1.6873119978e-01 -3.3632248736e-18)
    (1.7130886915e-01 -3.3275538401e-18)
    (1.7397311959e-01 -3.2906858995e-18)
    (1.7673010631e-01 -3.2526705643e-18)
    (1.7958573144e-01 -3.2135652749e-18)
    (1.8254579637e-01 -3.1734338021e-18)
    (1.8561616139e-01 -3.1323444736e-18)
    (1.8880291207e-01 -3.0903683132e-18)
    (1.9211253088e-01 -3.0475771790e-18)
    (1.9555207395e-01 -3.0040419771e-18)
    (1.9912935206e-01 -2.9598310157e-18)
    (2.0285311488e-01 -2.9150085523e-18)
    (2.0673323717e-01 -2.8696335729e-18)
    (2.1077955069e-01 -2.8235577829e-18)
    (2.1499326283e-01 -2.7771504054e-18)
    (2.1942255698e-01 -2.7304083021e-18)
    (2.2406764334e-01 -2.6832716645e-18)
    (2.2896000916e-01 -2.6352822604e-18)
    (2.3410210934e-01 -2.5874397471e-18)
    (2.3953467239e-01 -2.5392221250e-18)
    (2.4529093645e-01 -2.4906163755e-18)
    (2.5140825018e-01 -2.4414280854e-18)
    (2.5793258691e-01 -2.3919698858e-18)
    (2.6491215469e-01 -2.3420265508e-18)
    (2.7240227530e-01 -2.2915491378e-18)
    (2.8046375297e-01 -2.2404836005e-18)
    (2.8916213748e-01 -2.1887738078e-18)
    (2.9856646161e-01 -2.1363654441e-18)
    (3.0874738545e-01 -2.0832107684e-18)
    (3.1977472197e-01 -2.0292741100e-18)
    (3.3168362229e-01 -1.9745134941e-18)
    (3.4459290637e-01 -1.9189862801e-18)
    (3.5851916481e-01 -1.8627041999e-18)
    (3.7349390343e-01 -1.8057386851e-18)
    (3.8952971105e-01 -1.7481991246e-18)
    (4.0661729963e-01 -1.6902339725e-18)
    (4.2472352370e-01 -1.6320294037e-18)
    (4.4379064350e-01 -1.5738053847e-18)
    (4.6373698345e-01 -1.5158093061e-18)
    (4.8445899582e-01 -1.4583075955e-18)
    (5.0583459041e-01 -1.4015759677e-18)
    (5.2772746033e-01 -1.3458891063e-18)
    (5.4999204197e-01 -1.2915106106e-18)
    (5.7247870695e-01 -1.2386839625e-18)
    (5.9503879746e-01 -1.1876251045e-18)
    (6.1752917515e-01 -1.1385170032e-18)
    (6.3981604274e-01 -1.0915063369e-18)
    (6.6177789913e-01 -1.0467022374e-18)
    (6.8330758583e-01 -1.0041768516e-18)
    (7.0431346420e-01 -9.6396738136e-19)
    (7.2467697436e-01 -9.2608126282e-19)
    (7.4441509710e-01 -8.9050342478e-19)
    (7.6344531747e-01 -8.5718047209e-19)
    (7.8173515144e-01 -8.2604777055e-19)
    (7.9926434244e-01 -7.9702558519e-19)
    (8.1602339392e-01 -7.7002292889e-19)
    (8.3201207605e-01 -7.4494100651e-19)
    (8.4723797325e-01 -7.2167620465e-19)
    (8.6171511997e-01 -7.0012261455e-19)
    (8.7546275606e-01 -6.8017410152e-19)
    (8.8850422020e-01 -6.6172595177e-19)
    (9.0086598971e-01 -6.4467613753e-19)
    (9.1257686765e-01 -6.2892624618e-19)
    (9.2366731217e-01 -6.1438212022e-19)
    (9.3416889937e-01 -6.0095425385e-19)
    (9.4411390757e-01 -5.8855798910e-19)
    (9.5353500920e-01 -5.7711355123e-19)
    (9.6246505520e-01 -5.6654595893e-19)
    (9.7091857930e-01 -5.5676436534e-19)
    (9.7895628770e-01 -5.4775651636e-19)
    (9.8659875486e-01 -5.3943019048e-19)
    (9.9387769322e-01 -5.3172844288e-19)
    (1.0008245462e+00 -5.2459804264e-19)
    (1.0074705061e+00 -5.1798918745e-19)
    (1.0138465437e+00 -5.1185522722e-19)
    (1.0199834445e+00 -5.0615240065e-19)
    (1.0259118506e+00 -5.0083958710e-19)
    (1.0316623064e+00 -4.9587807431e-19)
    (1.0372368134e+00 -4.9124400009e-19)
    (1.0427253204e+00 -4.8687641792e-19)
    (1.0479294135e+00 -4.8273541359e-19)
    (1.0533131407e+00 -4.7887532854e-19)
    (1.0587015549e+00 -4.7523542535e-19)
    (1.0641455878e+00 -4.7181350619e-19)
    (1.0697076953e+00 -4.6862462036e-19)
    (1.0750720293e+00 -4.6643724904e-19)
    (1.0809973277e+00 -4.6420636416e-19)
    (1.0874475840e+00 -4.6284851807e-19)
    (1.0944735414e+00 -4.6258071116e-19)
    (1.1021354195e+00 -4.6411792120e-19)
    (1.1110462081e+00 -4.6770490522e-19)
    (1.1213652590e+00 -4.7441419878e-19)
    (1.1333688578e+00 -4.8566386290e-19)
    (1.1479276605e+00 -5.0234324282e-19)
    (1.1654776904e+00 -5.2640741945e-19)
    (1.1867523231e+00 -5.5987132662e-19)
    (1.2125891895e+00 -6.0502284799e-19)
    (1.2443761699e+00 -6.6592244893e-19)
    (1.2823184390e+00 -7.4202967969e-19)
    (1.3278130703e+00 -8.3719047652e-19)
    (1.3819109720e+00 -9.5346703793e-19)
    (1.4462628824e+00 -1.0923003767e-18)
    (1.5205346482e+00 -1.2521902765e-18)
    (1.6060431212e+00 -1.4322633697e-18)
    (1.7033101278e+00 -1.6284607069e-18)
    (1.8133236744e+00 -1.8336585789e-18)
    (1.9345349977e+00 -2.0338595792e-18)
    (2.0673826653e+00 -2.2146169258e-18)
    (2.2112586444e+00 -2.3538297871e-18)
    (2.3675391486e+00 -2.4239655086e-18)
    (2.5306547436e+00 -2.3807534588e-18)
    (2.7016797611e+00 -2.1797439160e-18)
    (2.8793718350e+00 -1.7609364049e-18)
    (3.0627158465e+00 -1.0482335684e-18)
    (3.2500925522e+00 4.7263213896e-20)
    (3.4406844079e+00 1.6365254519e-18)
    (3.6335931443e+00 3.8524316268e-18)
    (3.8293914994e+00 6.8593828880e-18)
    (4.0246201322e+00 1.0838268973e-17)
    (4.2205744262e+00 1.6017330416e-17)
    (4.4170654205e+00 2.2660451488e-17)
    (4.6140592698e+00 3.1075893907e-17)
    (4.8118293106e+00 4.1621636040e-17)
    (5.0101425298e+00 5.4714857751e-17)
    (5.2096264803e+00 7.0831447959e-17)
    (5.4106830855e+00 9.0515555201e-17)
    (5.6137791567e+00 1.1438435283e-16)
    (5.8194315888e+00 1.4313314210e-16)
    (6.0281942774e+00 1.7753968767e-16)
    (6.2397182407e+00 2.1847302943e-16)
    (6.4559105451e+00 2.6692161238e-16)
    (6.6776519205e+00 3.2393984400e-16)
    (6.9049922865e+00 3.9074247291e-16)
    (7.1385780794e+00 4.6862220576e-16)
    (7.3786430488e+00 5.5891978161e-16)
    (7.6265303642e+00 6.6311357091e-16)
    (7.8826257025e+00 7.8290041080e-16)
    (8.1497191059e+00 9.2051910177e-16)
    (8.4240092405e+00 1.0767830010e-15)
    (8.7085308876e+00 1.2541519560e-15)
    (9.0040228143e+00 1.4547620043e-15)
    (9.3087340154e+00 1.6806378008e-15)
    (9.6283995994e+00 1.9342844400e-15)
    (9.9612246963e+00 2.2179872379e-15)
    (1.0308125495e+01 2.5344396973e-15)
    (1.0668465983e+01 2.8861384788e-15)
    (1.1045828452e+01 3.2754699376e-15)
    (1.1439820622e+01 3.7054818318e-15)
    (1.1851696174e+01 4.1795144057e-15)
    (1.2280620034e+01 4.6993815570e-15)
    (1.2730516764e+01 5.2686922857e-15)
    (1.3201609335e+01 5.8910856010e-15)
    (1.3695082127e+01 6.5696109264e-15)
    (1.4209909604e+01 7.3049749780e-15)
    (1.4748613160e+01 8.1031106698e-15)
    (1.5316430848e+01 8.9668165216e-15)
    (1.5912205402e+01 9.8989682121e-15)
    (1.6537243804e+01 1.0903535898e-14)
    (1.7194717344e+01 1.1982866436e-14)
    (1.7885901787e+01 1.3140457562e-14)
    (1.8613989945e+01 1.4381929325e-14)
    (1.9379845460e+01 1.5706217140e-14)
    (2.0186705972e+01 1.7118309096e-14)
    (2.1034800734e+01 1.8619214209e-14)
    (2.1932990500e+01 2.0216338762e-14)
    (2.2881431137e+01 2.1909991028e-14)
    (2.3881383122e+01 2.3699728899e-14)
    (2.4941600051e+01 2.5593965346e-14)
    (2.6064042589e+01 2.7592145726e-14)
    (2.7252346416e+01 2.9693740258e-14)
    (2.8390136249e+01 3.1753435087e-14)
    (2.9849584724e+01 3.4222490389e-14)
);
