// PelasticN vs reducedE [V m^2]; air_plasma [23a06d772827b718], T_gas = 300.000000 K
(
    (0 2.0669149864e-20)
    (1.0000000000e-22 2.0669149864e-20)
    (1.0510254106e-22 2.3609183617e-20)
    (1.1046544136e-22 2.6628989131e-20)
    (1.1610198586e-22 2.8687567380e-20)
    (1.2202613736e-22 3.1813549189e-20)
    (1.2825257111e-22 3.4852679385e-20)
    (1.3479671121e-22 3.8213872557e-20)
    (1.4167476874e-22 4.0582487390e-20)
    (1.4890378198e-22 4.3261835523e-20)
    (1.5650165859e-22 4.5824102665e-20)
    (1.6448721998e-22 4.8280445889e-20)
    (1.7288024791e-22 5.0431151794e-20)
    (1.8170153353e-22 5.2931776885e-20)
    (1.9097292888e-22 5.4982472376e-20)
    (2.0071740098e-22 5.7506911920e-20)
    (2.1095908877e-22 5.9505359304e-20)
    (2.2172336289e-22 6.1641796311e-20)
    (2.3303688851e-22 6.3780356189e-20)
    (2.4492769142e-22 6.5935955940e-20)
    (2.5742522744e-22 6.8123048824e-20)
    (2.7056045535e-22 7.0355583911e-20)
    (2.8436591367e-22 7.2646985345e-20)
    (2.9887580116e-22 7.5010147003e-20)
    (3.1412606162e-22 7.7457444279e-20)
    (3.3015447288e-22 8.0000763763e-20)
    (3.4700074041e-22 8.2651549779e-20)
    (3.6470659565e-22 8.5420869704e-20)
    (3.8331589943e-22 8.8319499423e-20)
    (4.0287475057e-22 9.1358027909e-20)
    (4.2343160012e-22 9.4546983195e-20)
    (4.4503737136e-22 9.7896979275e-20)
    (4.6774558595e-22 1.0141888553e-19)
    (4.9161249651e-22 1.0512401818e-19)
    (5.1669722598e-22 1.0902435597e-19)
    (5.4306191407e-22 1.1313278129e-19)
    (5.7077187120e-22 1.1746335017e-19)
    (5.9989574026e-22 1.2203159396e-19)
    (6.3050566670e-22 1.2685485799e-19)
    (6.6267747720e-22 1.3195268161e-19)
    (6.9649086754e-22 1.3734722340e-19)
    (7.3202960001e-22 1.4306373306e-19)
    (7.6938171089e-22 1.4912143486e-19)
    (8.0863972857e-22 1.5555477066e-19)
    (8.4990090271e-22 1.6242787894e-19)
    (8.9326744521e-22 1.6977167324e-19)
    (9.3884678334e-22 1.7766053114e-19)
    (9.8675182591e-22 1.8611315631e-19)
    (1.0371012429e-21 1.9522924635e-19)
    (1.0900197597e-21 2.0509725510e-19)
    (1.1456384654e-21 2.1583401487e-19)
    (1.2040951385e-21 2.2753046907e-19)
    (1.2655345872e-21 2.4034038551e-19)
    (1.3301090091e-21 2.5442215152e-19)
    (1.3979783674e-21 2.6995425325e-19)
    (1.4693107876e-21 2.8713467739e-19)
    (1.5442829737e-21 3.0617898603e-19)
    (1.6230806465e-21 3.2731679597e-19)
    (1.7058990029e-21 3.5078647411e-19)
    (1.7929431998e-21 3.7675924531e-19)
    (1.8844288627e-21 4.0558656939e-19)
    (1.9805826191e-21 4.3742197030e-19)
    (2.0816426604e-21 4.7244602380e-19)
    (2.1878593318e-21 5.1079734348e-19)
    (2.2994957524e-21 5.5256189862e-19)
    (2.4168284673e-21 5.9776420771e-19)
    (2.5401481321e-21 6.4636131526e-19)
    (2.6697602334e-21 6.9824023831e-19)
    (2.8059858454e-21 7.5321923896e-19)
    (2.9491624252e-21 8.1105288901e-19)
    (3.0996446487e-21 8.7144050732e-19)
    (3.2578052895e-21 9.3403722983e-19)
    (3.4240361419e-21 9.9846676721e-19)
    (3.5987489918e-21 1.0643348343e-18)
    (3.7823766366e-21 1.1312422947e-18)
    (3.9753739574e-21 1.1987972269e-18)
    (4.1782190457e-21 1.2666253379e-18)
    (4.3914143879e-21 1.3343783930e-18)
    (4.6154881100e-21 1.4017405523e-18)
    (4.8509952857e-21 1.4682065036e-18)
    (5.0985193118e-21 1.5339075643e-18)
    (5.3586733529e-21 1.5984663835e-18)
    (5.6321018608e-21 1.6617114314e-18)
    (5.9194821706e-21 1.7235068365e-18)
    (6.2215261786e-21 1.7837500741e-18)
    (6.5389821062e-21 1.8423692435e-18)
    (6.8726363528e-21 1.8993201454e-18)
    (7.2233154443e-21 1.9545833255e-18)
    (7.5918880804e-21 2.0081612173e-18)
    (7.9792672866e-21 2.0600754798e-18)
    (8.3864126759e-21 2.1103645992e-18)
    (8.8143328258e-21 2.1590818012e-18)
    (9.2640877770e-21 2.2062932958e-18)
    (9.7367916593e-21 2.2520768649e-18)
    (1.0233615451e-20 2.2965207816e-18)
    (1.0755789881e-20 2.3397230422e-18)
    (1.1304608476e-20 2.3817908765e-18)
    (1.1881430764e-20 2.4227218567e-18)
    (1.2487685647e-20 2.4628126925e-18)
    (1.3124874934e-20 2.5021202989e-18)
    (1.3794577066e-20 2.5407797956e-18)
    (1.4498451025e-20 2.5789340121e-18)
    (1.5238240441e-20 2.6167336811e-18)
    (1.6015777915e-20 2.6543377005e-18)
    (1.6832989559e-20 2.6919134615e-18)
    (1.7691899762e-20 2.7296372383e-18)
    (1.8594636211e-20 2.7676946401e-18)
    (1.9543435158e-20 2.8060288993e-18)
    (2.0540646960e-20 2.8453535270e-18)
    (2.1588741905e-20 2.8849946663e-18)
    (2.2690316324e-20 2.9266735522e-18)
    (2.3848099030e-20 2.9699470796e-18)
    (2.5064958074e-20 3.0151883046e-18)
    (2.6343907850e-20 3.0628510469e-18)
    (2.7688116564e-20 3.1122189545e-18)
    (2.9100914079e-20 3.1652195813e-18)
    (3.0585800168e-20 3.2241082108e-18)
    (3.2146453179e-20 3.2886746056e-18)
    (3.3786739150e-20 3.3603170566e-18)
    (3.5510721387e-20 3.4411490775e-18)
    (3.7322670525e-20 3.5332269917e-18)
    (3.9227075111e-20 3.6387270446e-18)
    (4.1228652724e-20 3.7625778735e-18)
    (4.3332361656e-20 3.9079317540e-18)
    (4.5543413200e-20 4.0794870222e-18)
    (4.7867284557e-20 4.2825911744e-18)
    (5.0309732403e-20 4.5278783102e-18)
    (5.2876807154e-20 4.8131059063e-18)
    (5.5574867948e-20 5.1489426451e-18)
    (5.8410598402e-20 5.5421266446e-18)
    (6.1391023167e-20 6.0041252551e-18)
    (6.4523525328e-20 6.5312994282e-18)
    (6.7815864699e-20 7.1331610095e-18)
    (7.1276197038e-20 7.8134373600e-18)
    (7.4913094254e-20 8.5748551245e-18)
    (7.8735565645e-20 9.4163836132e-18)
    (8.2753080208e-20 1.0337733497e-17)
    (8.6975590100e-20 1.1336096249e-17)
    (9.1413555293e-20 1.2424554157e-17)
    (9.6077969483e-20 1.3563024511e-17)
    (1.0098038732e-19 1.4762757544e-17)
    (1.0613295304e-19 1.6017450259e-17)
    (1.1154843055e-19 1.7329352672e-17)
    (1.1724023501e-19 1.8675925477e-17)
    (1.2322246614e-19 2.0060719908e-17)
    (1.2950994306e-19 2.1479865817e-17)
    (1.3611824108e-19 2.2931159066e-17)
    (1.4306373021e-19 2.4409921546e-17)
    (1.5036361578e-19 2.5918696998e-17)
    (1.5803598101e-19 2.7458269367e-17)
    (1.6609983183e-19 2.9030451388e-17)
    (1.7457514394e-19 3.0642230006e-17)
    (1.8348291233e-19 3.2287816990e-17)
    (1.9284520326e-19 3.3976746130e-17)
    (2.0268520893e-19 3.5713860979e-17)
    (2.1302730493e-19 3.7504491311e-17)
    (2.2389711063e-19 3.9354360080e-17)
    (2.3532155262e-19 4.1269498808e-17)
    (2.4732893146e-19 4.3249927005e-17)
    (2.5994899173e-19 4.5312244145e-17)
    (2.7321299575e-19 4.7463929530e-17)
    (2.8715380103e-19 4.9708603922e-17)
    (3.0180594162e-19 5.2053657091e-17)
    (3.1720571370e-19 5.4500357864e-17)
    (3.3339126548e-19 5.7068090741e-17)
    (3.5040269168e-19 5.9760108713e-17)
    (3.6828213288e-19 6.2629832660e-17)
    (3.8707387991e-19 6.5593931832e-17)
    (4.0682448355e-19 6.8709183699e-17)
    (4.2758286985e-19 7.1986092612e-17)
    (4.4940046133e-19 7.5406298062e-17)
    (4.7233130437e-19 7.9039096359e-17)
    (4.9643220310e-19 8.2866712216e-17)
    (5.2176286008e-19 8.6903303114e-17)
    (5.4838602423e-19 9.1142735079e-17)
    (5.7636764626e-19 9.5635361110e-17)
    (6.0577704204e-19 1.0037882219e-16)
    (6.3668706432e-19 1.0539259025e-16)
    (6.6917428317e-19 1.1068994587e-16)
    (7.0331917570e-19 1.1628468481e-16)
    (7.3920632540e-19 1.2220439766e-16)
    (7.7692463164e-19 1.2846763346e-16)
    (8.1656752994e-19 1.3506480280e-16)
    (8.5823322341e-19 1.4200948443e-16)
    (9.0202492599e-19 1.4942655693e-16)
    (9.4805111817e-19 1.5727663302e-16)
    (9.9642581570e-19 1.6562717385e-16)
    (1.0472688520e-18 1.7442891040e-16)
    (1.1007061752e-18 1.8375038917e-16)
    (1.1568701597e-18 1.9363481554e-16)
    (1.2158999345e-18 2.0410329247e-16)
    (1.2779417279e-18 2.1519870789e-16)
    (1.3431492292e-18 2.2694049750e-16)
    (1.4116839701e-18 2.3942401172e-16)
    (1.4837157242e-18 2.5266959182e-16)
    (1.5594229282e-18 2.6668936817e-16)
    (1.6389931234e-18 2.8162477554e-16)
    (1.7226234204e-18 2.9749832318e-16)
    (1.8105209877e-18 3.1434775142e-16)
    (1.9029035644e-18 3.3045740260e-16)
    (2.0000000000e-18 3.5140141227e-16)
);
