// PelasticN vs mean energy [eV]; air_plasma [23a06d772827b718], T_gas = 300.000000 K
(
    (0 2.0669149864e-20)
    (8.3422134201e-02 2.0669149864e-20)
    (8.8462680050e-02 2.3609183617e-20)
    (9.3491060499e-02 2.6628989131e-20)
    (9.6777619891e-02 2.8687567380e-20)
    (1.0175997315e-01 3.1813549189e-20)
    (1.0646293907e-01 3.4852679385e-20)
    (1.1133785898e-01 3.8213872557e-20)
    (1.1494524000e-01 4.0582487390e-20)
    (1.1873395973e-01 4.3261835523e-20)
    (1.2224734874e-01 4.5824102665e-20)
    (1.2551219849e-01 4.8280445889e-20)
    (1.2824328374e-01 5.0431151794e-20)
    (1.3141043808e-01 5.2931776885e-20)
    (1.3383153708e-01 5.4982472376e-20)
    (1.3676045299e-01 5.7506911920e-20)
    (1.3906586166e-01 5.9505359304e-20)
    (1.4141448729e-01 6.1641796311e-20)
    (1.4369352067e-01 6.3780356189e-20)
    (1.4592237950e-01 6.5935955940e-20)
    (1.4811895507e-01 6.8123048824e-20)
    (1.5029968859e-01 7.0355583911e-20)
    (1.5247964864e-01 7.2646985345e-20)
    (1.5467260739e-01 7.5010147003e-20)
    (1.5689111725e-01 7.7457444279e-20)
    (1.5914658981e-01 8.0000763763e-20)
    (1.6144937818e-01 8.2651549779e-20)
    (1.6380886523e-01 8.5420869704e-20)
    (1.6623355953e-01 8.8319499423e-20)
    (1.6873119978e-01 9.1358027909e-20)
    (1.7130886915e-01 9.4546983195e-20)
    (1.7397311959e-01 9.7896979275e-20)
    (1.7673010631e-01 1.0141888553e-19)
    (1.7958573144e-01 1.0512401818e-19)
    (1.8254579637e-01 1.0902435597e-19)
    (1.8561616139e-01 1.1313278129e-19)
    (1.8880291207e-01 1.1746335017e-19)
    (1.9211253088e-01 1.2203159396e-19)
    (1.9555207395e-01 1.2685485799e-19)
    (1.9912935206e-01 1.3195268161e-19)
    (2.0285311488e-01 1.3734722340e-19)
    (2.0673323717e-01 1.4306373306e-19)
    (2.1077955069e-01 1.4912143486e-19)
    (2.1499326283e-01 1.5555477066e-19)
    (2.1942255698e-01 1.6242787894e-19)
    (2.2406764334e-01 1.6977167324e-19)
    (2.2896000916e-01 1.7766053114e-19)
    (2.3410210934e-01 1.8611315631e-19)
    (2.3953467239e-01 1.9522924635e-19)
    (2.4529093645e-01 2.0509725510e-19)
    (2.5140825018e-01 2.1583401487e-19)
    (2.5793258691e-01 2.2753046907e-19)
    (2.6491215469e-01 2.4034038551e-19)
    (2.7240227530e-01 2.5442215152e-19)
    (2.8046375297e-01 2.6995425325e-19)
    (2.8916213748e-01 2.8713467739e-19)
    (2.9856646161e-01 3.0617898603e-19)
    (3.0874738545e-01 3.2731679597e-19)
    (3.1977472197e-01 3.5078647411e-19)
    (3.3168362229e-01 3.7675924531e-19)
    (3.4459290637e-01 4.0558656939e-19)
    (3.5851916481e-01 4.3742197030e-19)
    (3.7349390343e-01 4.7244602380e-19)
    (3.8952971105e-01 5.1079734348e-19)
    (4.0661729963e-01 5.5256189862e-19)
    (4.2472352370e-01 5.9776420771e-19)
    (4.4379064350e-01 6.4636131526e-19)
    (4.6373698345e-01 6.9824023831e-19)
    (4.8445899582e-01 7.5321923896e-19)
    (5.0583459041e-01 8.1105288901e-19)
    (5.2772746033e-01 8.7144050732e-19)
    (5.4999204197e-01 9.3403722983e-19)
    (5.7247870695e-01 9.9846676721e-19)
    (5.9503879746e-01 1.0643348343e-18)
    (6.1752917515e-01 1.1312422947e-18)
    (6.3981604274e-01 1.1987972269e-18)
    (6.6177789913e-01 1.2666253379e-18)
    (6.8330758583e-01 1.3343783930e-18)
    (7.0431346420e-01 1.4017405523e-18)
    (7.2467697436e-01 1.4682065036e-18)
    (7.4441509710e-01 1.5339075643e-18)
    (7.6344531747e-01 1.5984663835e-18)
    (7.8173515144e-01 1.6617114314e-18)
    (7.9926434244e-01 1.7235068365e-18)
    (8.1602339392e-01 1.7837500741e-18)
    (8.3201207605e-01 1.8423692435e-18)
    (8.4723797325e-01 1.8993201454e-18)
    (8.6171511997e-01 1.9545833255e-18)
    (8.7546275606e-01 2.0081612173e-18)
    (8.8850422020e-01 2.0600754798e-18)
    (9.0086598971e-01 2.1103645992e-18)
    (9.1257686765e-01 2.1590818012e-18)
    (9.2366731217e-01 2.2062932958e-18)
    (9.3416889937e-01 2.2520768649e-18)
    (9.4411390757e-01 2.2965207816e-18)
    (9.5353500920e-01 2.3397230422e-18)
    (9.6246505520e-01 2.3817908765e-18)
    (9.7091857930e-01 2.4227218567e-18)
    (9.7895628770e-01 2.4628126925e-18)
    (9.8659875486e-01 2.5021202989e-18)
    (9.9387769322e-01 2.5407797956e-18)
    (1.0008245462e+00 2.5789340121e-18)
    (1.0074705061e+00 2.6167336811e-18)
    (1.0138465437e+00 2.6543377005e-18)
    (1.0199834445e+00 2.6919134615e-18)
    (1.0259118506e+00 2.7296372383e-18)
    (1.0316623064e+00 2.7676946401e-18)
    (1.0372368134e+00 2.8060288993e-18)
    (1.0427253204e+00 2.8453535270e-18)
    (1.0479294135e+00 2.8849946663e-18)
    (1.0533131407e+00 2.9266735522e-18)
    (1.0587015549e+00 2.9699470796e-18)
    (1.0641455878e+00 3.0151883046e-18)
    (1.0697076953e+00 3.0628510469e-18)
    (1.0750720293e+00 3.1122189545e-18)
    (1.0809973277e+00 3.1652195813e-18)
    (1.0874475840e+00 3.2241082108e-18)
    (1.0944735414e+00 3.2886746056e-18)
    (1.1021354195e+00 3.3603170566e-18)
    (1.1110462081e+00 3.4411490775e-18)
    (1.1213652590e+00 3.5332269917e-18)
    (1.1333688578e+00 3.6387270446e-18)
    (1.1479276605e+00 3.7625778735e-18)
    (1.1654776904e+00 3.9079317540e-18)
    (1.1867523231e+00 4.0794870222e-18)
    (1.2125891895e+00 4.2825911744e-18)
    (1.2443761699e+00 4.5278783102e-18)
    (1.2823184390e+00 4.8131059063e-18)
    (1.3278130703e+00 5.1489426451e-18)
    (1.3819109720e+00 5.5421266446e-18)
    (1.4462628824e+00 6.0041252551e-18)
    (1.5205346482e+00 6.5312994282e-18)
    (1.6060431212e+00 7.1331610095e-18)
    (1.7033101278e+00 7.8134373600e-18)
    (1.8133236744e+00 8.5748551245e-18)
    (1.9345349977e+00 9.4163836132e-18)
    (2.0673826653e+00 1.0337733497e-17)
    (2.2112586444e+00 1.1336096249e-17)
    (2.3675391486e+00 1.2424554157e-17)
    (2.5306547436e+00 1.3563024511e-17)
    (2.7016797611e+00 1.4762757544e-17)
    (2.8793718350e+00 1.6017450259e-17)
    (3.0627158465e+00 1.7329352672e-17)
    (3.2500925522e+00 1.8675925477e-17)
    (3.4406844079e+00 2.0060719908e-17)
    (3.6335931443e+00 2.1479865817e-17)
    (3.8293914994e+00 2.2931159066e-17)
    (4.0246201322e+00 2.4409921546e-17)
    (4.2205744262e+00 2.5918696998e-17)
    (4.4170654205e+00 2.7458269367e-17)
    (4.6140592698e+00 2.9030451388e-17)
    (4.8118293106e+00 3.0642230006e-17)
    (5.0101425298e+00 3.2287816990e-17)
    (5.2096264803e+00 3.3976746130e-17)
    (5.4106830855e+00 3.5713860979e-17)
    (5.6137791567e+00 3.7504491311e-17)
    (5.8194315888e+00 3.9354360080e-17)
    (6.0281942774e+00 4.1269498808e-17)
    (6.2397182407e+00 4.3249927005e-17)
    (6.4559105451e+00 4.5312244145e-17)
    (6.6776519205e+00 4.7463929530e-17)
    (6.9049922865e+00 4.9708603922e-17)
    (7.1385780794e+00 5.2053657091e-17)
    (7.3786430488e+00 5.4500357864e-17)
    (7.6265303642e+00 5.7068090741e-17)
    (7.8826257025e+00 5.9760108713e-17)
    (8.1497191059e+00 6.2629832660e-17)
    (8.4240092405e+00 6.5593931832e-17)
    (8.7085308876e+00 6.8709183699e-17)
    (9.0040228143e+00 7.1986092612e-17)
    (9.3087340154e+00 7.5406298062e-17)
    (9.6283995994e+00 7.9039096359e-17)
    (9.9612246963e+00 8.2866712216e-17)
    (1.0308125495e+01 8.6903303114e-17)
    (1.0668465983e+01 9.1142735079e-17)
    (1.1045828452e+01 9.5635361110e-17)
    (1.1439820622e+01 1.0037882219e-16)
    (1.1851696174e+01 1.0539259025e-16)
    (1.2280620034e+01 1.1068994587e-16)
    (1.2730516764e+01 1.1628468481e-16)
    (1.3201609335e+01 1.2220439766e-16)
    (1.3695082127e+01 1.2846763346e-16)
    (1.4209909604e+01 1.3506480280e-16)
    (1.4748613160e+01 1.4200948443e-16)
    (1.5316430848e+01 1.4942655693e-16)
    (1.5912205402e+01 1.5727663302e-16)
    (1.6537243804e+01 1.6562717385e-16)
    (1.7194717344e+01 1.7442891040e-16)
    (1.7885901787e+01 1.8375038917e-16)
    (1.8613989945e+01 1.9363481554e-16)
    (1.9379845460e+01 2.0410329247e-16)
    (2.0186705972e+01 2.1519870789e-16)
    (2.1034800734e+01 2.2694049750e-16)
    (2.1932990500e+01 2.3942401172e-16)
    (2.2881431137e+01 2.5266959182e-16)
    (2.3881383122e+01 2.6668936817e-16)
    (2.4941600051e+01 2.8162477554e-16)
    (2.6064042589e+01 2.9749832318e-16)
    (2.7252346416e+01 3.1434775142e-16)
    (2.8390136249e+01 3.3045740260e-16)
    (2.9849584724e+01 3.5140141227e-16)
);
