// PinelasticN vs mean energy [eV]; air_plasma [23a06d772827b718], T_gas = 300.000000 K
(
    (0 6.0592436284e-19)
    (8.3422134201e-02 6.0592436284e-19)
    (8.8462680050e-02 6.3660102006e-19)
    (9.3491060499e-02 6.6791783317e-19)
    (9.6777619891e-02 6.9199988720e-19)
    (1.0175997315e-01 7.2428308644e-19)
    (1.0646293907e-01 7.5619514059e-19)
    (1.1133785898e-01 7.9456822162e-19)
    (1.1494524000e-01 8.1910491025e-19)
    (1.1873395973e-01 8.5047736220e-19)
    (1.2224734874e-01 8.8215442752e-19)
    (1.2551219849e-01 9.1444906914e-19)
    (1.2824328374e-01 9.4572222639e-19)
    (1.3141043808e-01 9.8221709773e-19)
    (1.3383153708e-01 1.0189348133e-18)
    (1.3676045299e-01 1.0601431181e-18)
    (1.3906586166e-01 1.0968934257e-18)
    (1.4141448729e-01 1.1400249105e-18)
    (1.4369352067e-01 1.1862204597e-18)
    (1.4592237950e-01 1.2358658089e-18)
    (1.4811895507e-01 1.2893628023e-18)
    (1.5029968859e-01 1.3471322415e-18)
    (1.5247964864e-01 1.4096168844e-18)
    (1.5467260739e-01 1.4772845683e-18)
    (1.5689111725e-01 1.5506315224e-18)
    (1.5914658981e-01 1.6301859220e-18)
    (1.6144937818e-01 1.7165117003e-18)
    (1.6380886523e-01 1.8102126794e-18)
    (1.6623355953e-01 1.9119370697e-18)
    (1.6873119978e-01 2.0223823352e-18)
    (1.7130886915e-01 2.1423004747e-18)
    (1.7397311959e-01 2.2725037055e-18)
    (1.7673010631e-01 2.4138705622e-18)
    (1.7958573144e-01 2.5673523652e-18)
    (1.8254579637e-01 2.7339800371e-18)
    (1.8561616139e-01 2.9148711931e-18)
    (1.8880291207e-01 3.1112374267e-18)
    (1.9211253088e-01 3.3243916250e-18)
    (1.9555207395e-01 3.5557551290e-18)
    (1.9912935206e-01 3.8068644359e-18)
    (2.0285311488e-01 4.0793770200e-18)
    (2.0673323717e-01 4.3750757004e-18)
    (2.1077955069e-01 4.6968821092e-18)
    (2.1499326283e-01 5.0448111439e-18)
    (2.1942255698e-01 5.4227981792e-18)
    (2.2406764334e-01 5.8328099522e-18)
    (2.2896000916e-01 6.2792770874e-18)
    (2.3410210934e-01 6.7613879691e-18)
    (2.3953467239e-01 7.2839343270e-18)
    (2.4529093645e-01 7.8500706216e-18)
    (2.5140825018e-01 8.4658023358e-18)
    (2.5793258691e-01 9.1292868357e-18)
    (2.6491215469e-01 9.8468726061e-18)
    (2.7240227530e-01 1.0622360604e-17)
    (2.8046375297e-01 1.1459667390e-17)
    (2.8916213748e-01 1.2362799458e-17)
    (2.9856646161e-01 1.3335825818e-17)
    (3.0874738545e-01 1.4382851240e-17)
    (3.1977472197e-01 1.5507993067e-17)
    (3.3168362229e-01 1.6716393638e-17)
    (3.4459290637e-01 1.8010080733e-17)
    (3.5851916481e-01 1.9394382379e-17)
    (3.7349390343e-01 2.0873632906e-17)
    (3.8952971105e-01 2.2452379544e-17)
    (4.0661729963e-01 2.4135510212e-17)
    (4.2472352370e-01 2.5928413194e-17)
    (4.4379064350e-01 2.7837164154e-17)
    (4.6373698345e-01 2.9868733479e-17)
    (4.8445899582e-01 3.2031205441e-17)
    (5.0583459041e-01 3.4334000440e-17)
    (5.2772746033e-01 3.6788093038e-17)
    (5.4999204197e-01 3.9406221166e-17)
    (5.7247870695e-01 4.2203085242e-17)
    (5.9503879746e-01 4.5195539049e-17)
    (6.1752917515e-01 4.8402776798e-17)
    (6.3981604274e-01 5.1846522125e-17)
    (6.6177789913e-01 5.5551224546e-17)
    (6.8330758583e-01 5.9544267138e-17)
    (7.0431346420e-01 6.3856186157e-17)
    (7.2467697436e-01 6.8446001877e-17)
    (7.4441509710e-01 7.3466222304e-17)
    (7.6344531747e-01 7.8905263463e-17)
    (7.8173515144e-01 8.4805296830e-17)
    (7.9926434244e-01 9.1212519581e-17)
    (8.1602339392e-01 9.8177530088e-17)
    (8.3201207605e-01 1.0575575378e-16)
    (8.4723797325e-01 1.1400792338e-16)
    (8.6171511997e-01 1.2300061804e-16)
    (8.7546275606e-01 1.3280686640e-16)
    (8.8850422020e-01 1.4350681895e-16)
    (9.0086598971e-01 1.5518849513e-16)
    (9.1257686765e-01 1.6794861003e-16)
    (9.2366731217e-01 1.8189348442e-16)
    (9.3416889937e-01 1.9714003913e-16)
    (9.4411390757e-01 2.1381687174e-16)
    (9.5353500920e-01 2.3206540792e-16)
    (9.6246505520e-01 2.5204111401e-16)
    (9.7091857930e-01 2.7385600045e-16)
    (9.7895628770e-01 2.9778005780e-16)
    (9.8659875486e-01 3.2398313961e-16)
    (9.9387769322e-01 3.5268812423e-16)
    (1.0008245462e+00 3.8413919641e-16)
    (1.0074705061e+00 4.1860370548e-16)
    (1.0138465437e+00 4.5637414285e-16)
    (1.0199834445e+00 4.9777023276e-16)
    (1.0259118506e+00 5.4314112144e-16)
    (1.0316623064e+00 5.9286763814e-16)
    (1.0372368134e+00 6.4722245614e-16)
    (1.0427253204e+00 7.0693336085e-16)
    (1.0479294135e+00 7.7206813095e-16)
    (1.0533131407e+00 8.4376441361e-16)
    (1.0587015549e+00 9.2229263158e-16)
    (1.0641455878e+00 1.0082798008e-15)
    (1.0697076953e+00 1.1024014106e-15)
    (1.0750720293e+00 1.2047938319e-15)
    (1.0809973277e+00 1.3175446155e-15)
    (1.0874475840e+00 1.4410300332e-15)
    (1.0944735414e+00 1.5760727464e-15)
    (1.1021354195e+00 1.7234710950e-15)
    (1.1110462081e+00 1.8848657879e-15)
    (1.1213652590e+00 2.0611799161e-15)
    (1.1333688578e+00 2.2504397658e-15)
    (1.1479276605e+00 2.4607085387e-15)
    (1.1654776904e+00 2.6901795986e-15)
    (1.1867523231e+00 2.9405291299e-15)
    (1.2125891895e+00 3.2135828389e-15)
    (1.2443761699e+00 3.5144150515e-15)
    (1.2823184390e+00 3.8392171309e-15)
    (1.3278130703e+00 4.1932872352e-15)
    (1.3819109720e+00 4.5792554798e-15)
    (1.4462628824e+00 4.9997723348e-15)
    (1.5205346482e+00 5.4588433752e-15)
    (1.6060431212e+00 5.9594516199e-15)
    (1.7033101278e+00 6.5055010729e-15)
    (1.8133236744e+00 7.0979461828e-15)
    (1.9345349977e+00 7.7481468882e-15)
    (2.0673826653e+00 8.4580155921e-15)
    (2.2112586444e+00 9.2332348411e-15)
    (2.3675391486e+00 1.0087109363e-14)
    (2.5306547436e+00 1.1012319860e-14)
    (2.7016797611e+00 1.2022982591e-14)
    (2.8793718350e+00 1.3126926685e-14)
    (3.0627158465e+00 1.4330183459e-14)
    (3.2500925522e+00 1.5647141579e-14)
    (3.4406844079e+00 1.7084446807e-14)
    (3.6335931443e+00 1.8652472886e-14)
    (3.8293914994e+00 2.0370541263e-14)
    (4.0246201322e+00 2.2232558791e-14)
    (4.2205744262e+00 2.4260963407e-14)
    (4.4170654205e+00 2.6469280221e-14)
    (4.6140592698e+00 2.8871920456e-14)
    (4.8118293106e+00 3.1484209750e-14)
    (5.0101425298e+00 3.4321882747e-14)
    (5.2096264803e+00 3.7402971906e-14)
    (5.4106830855e+00 4.0745900416e-14)
    (5.6137791567e+00 4.4370165897e-14)
    (5.8194315888e+00 4.8296348027e-14)
    (6.0281942774e+00 5.2546096370e-14)
    (6.2397182407e+00 5.7133737554e-14)
    (6.4559105451e+00 6.2097156591e-14)
    (6.6776519205e+00 6.7460448910e-14)
    (6.9049922865e+00 7.3247804110e-14)
    (7.1385780794e+00 7.9487384983e-14)
    (7.3786430488e+00 8.6201584895e-14)
    (7.6265303642e+00 9.3429755269e-14)
    (7.8826257025e+00 1.0120123008e-13)
    (8.1497191059e+00 1.0958282989e-13)
    (8.4240092405e+00 1.1853798455e-13)
    (8.7085308876e+00 1.2813773248e-13)
    (9.0040228143e+00 1.3842014226e-13)
    (9.3087340154e+00 1.4938683013e-13)
    (9.6283995994e+00 1.6114577188e-13)
    (9.9612246963e+00 1.7370147121e-13)
    (1.0308125495e+01 1.8709940165e-13)
    (1.0668465983e+01 2.0135678249e-13)
    (1.1045828452e+01 2.1655147490e-13)
    (1.1439820622e+01 2.3271136716e-13)
    (1.1851696174e+01 2.4989145627e-13)
    (1.2280620034e+01 2.6808600860e-13)
    (1.2730516764e+01 2.8739924985e-13)
    (1.3201609335e+01 3.0786604486e-13)
    (1.3695082127e+01 3.2952900841e-13)
    (1.4209909604e+01 3.5235551649e-13)
    (1.4748613160e+01 3.7643858264e-13)
    (1.5316430848e+01 4.0190483011e-13)
    (1.5912205402e+01 4.2873139728e-13)
    (1.6537243804e+01 4.5694272318e-13)
    (1.7194717344e+01 4.8662882856e-13)
    (1.7885901787e+01 5.1780245425e-13)
    (1.8613989945e+01 5.5052915838e-13)
    (1.9379845460e+01 5.8480594277e-13)
    (2.0186705972e+01 6.2068580557e-13)
    (2.1034800734e+01 6.5807860687e-13)
    (2.1932990500e+01 6.9727857029e-13)
    (2.2881431137e+01 7.3817533996e-13)
    (2.3881383122e+01 7.8065073712e-13)
    (2.4941600051e+01 8.2501336419e-13)
    (2.6064042589e+01 8.7113797503e-13)
    (2.7252346416e+01 9.1892257041e-13)
    (2.8390136249e+01 9.6484844638e-13)
    (2.9849584724e+01 1.0199914671e-12)
);
