// PinelasticN vs reducedE [V m^2]; air_plasma [23a06d772827b718], T_gas = 300.000000 K
(
    (0 6.0592436284e-19)
    (1.0000000000e-22 6.0592436284e-19)
    (1.0510254106e-22 6.3660102006e-19)
    (1.1046544136e-22 6.6791783317e-19)
    (1.1610198586e-22 6.9199988720e-19)
    (1.2202613736e-22 7.2428308644e-19)
    (1.2825257111e-22 7.5619514059e-19)
    (1.3479671121e-22 7.9456822162e-19)
    (1.4167476874e-22 8.1910491025e-19)
    (1.4890378198e-22 8.5047736220e-19)
    (1.5650165859e-22 8.8215442752e-19)
    (1.6448721998e-22 9.1444906914e-19)
    (1.7288024791e-22 9.4572222639e-19)
    (1.8170153353e-22 9.8221709773e-19)
    (1.9097292888e-22 1.0189348133e-18)
    (2.0071740098e-22 1.0601431181e-18)
    (2.1095908877e-22 1.0968934257e-18)
    (2.2172336289e-22 1.1400249105e-18)
    (2.3303688851e-22 1.1862204597e-18)
    (2.4492769142e-22 1.2358658089e-18)
    (2.5742522744e-22 1.2893628023e-18)
    (2.7056045535e-22 1.3471322415e-18)
    (2.8436591367e-22 1.4096168844e-18)
    (2.9887580116e-22 1.4772845683e-18)
    (3.1412606162e-22 1.5506315224e-18)
    (3.3015447288e-22 1.6301859220e-18)
    (3.4700074041e-22 1.7165117003e-18)
    (3.6470659565e-22 1.8102126794e-18)
    (3.8331589943e-22 1.9119370697e-18)
    (4.0287475057e-22 2.0223823352e-18)
    (4.2343160012e-22 2.1423004747e-18)
    (4.4503737136e-22 2.2725037055e-18)
    (4.6774558595e-22 2.4138705622e-18)
    (4.9161249651e-22 2.5673523652e-18)
    (5.1669722598e-22 2.7339800371e-18)
    (5.4306191407e-22 2.9148711931e-18)
    (5.7077187120e-22 3.1112374267e-18)
    (5.9989574026e-22 3.3243916250e-18)
    (6.3050566670e-22 3.5557551290e-18)
    (6.6267747720e-22 3.8068644359e-18)
    (6.9649086754e-22 4.0793770200e-18)
    (7.3202960001e-22 4.3750757004e-18)
    (7.6938171089e-22 4.6968821092e-18)
    (8.0863972857e-22 5.0448111439e-18)
    (8.4990090271e-22 5.4227981792e-18)
    (8.9326744521e-22 5.8328099522e-18)
    (9.3884678334e-22 6.2792770874e-18)
    (9.8675182591e-22 6.7613879691e-18)
    (1.0371012429e-21 7.2839343270e-18)
    (1.0900197597e-21 7.8500706216e-18)
    (1.1456384654e-21 8.4658023358e-18)
    (1.2040951385e-21 9.1292868357e-18)
    (1.2655345872e-21 9.8468726061e-18)
    (1.3301090091e-21 1.0622360604e-17)
    (1.3979783674e-21 1.1459667390e-17)
    (1.4693107876e-21 1.2362799458e-17)
    (1.5442829737e-21 1.3335825818e-17)
    (1.6230806465e-21 1.4382851240e-17)
    (1.7058990029e-21 1.5507993067e-17)
    (1.7929431998e-21 1.6716393638e-17)
    (1.8844288627e-21 1.8010080733e-17)
    (1.9805826191e-21 1.9394382379e-17)
    (2.0816426604e-21 2.0873632906e-17)
    (2.1878593318e-21 2.2452379544e-17)
    (2.2994957524e-21 2.4135510212e-17)
    (2.4168284673e-21 2.5928413194e-17)
    (2.5401481321e-21 2.7837164154e-17)
    (2.6697602334e-21 2.9868733479e-17)
    (2.8059858454e-21 3.2031205441e-17)
    (2.9491624252e-21 3.4334000440e-17)
    (3.0996446487e-21 3.6788093038e-17)
    (3.2578052895e-21 3.9406221166e-17)
    (3.4240361419e-21 4.2203085242e-17)
    (3.5987489918e-21 4.5195539049e-17)
    (3.7823766366e-21 4.8402776798e-17)
    (3.9753739574e-21 5.1846522125e-17)
    (4.1782190457e-21 5.5551224546e-17)
    (4.3914143879e-21 5.9544267138e-17)
    (4.6154881100e-21 6.3856186157e-17)
    (4.8509952857e-21 6.8446001877e-17)
    (5.0985193118e-21 7.3466222304e-17)
    (5.3586733529e-21 7.8905263463e-17)
    (5.6321018608e-21 8.4805296830e-17)
    (5.9194821706e-21 9.1212519581e-17)
    (6.2215261786e-21 9.8177530088e-17)
    (6.5389821062e-21 1.0575575378e-16)
    (6.8726363528e-21 1.1400792338e-16)
    (7.2233154443e-21 1.2300061804e-16)
    (7.5918880804e-21 1.3280686640e-16)
    (7.9792672866e-21 1.4350681895e-16)
    (8.3864126759e-21 1.5518849513e-16)
    (8.8143328258e-21 1.6794861003e-16)
    (9.2640877770e-21 1.8189348442e-16)
    (9.7367916593e-21 1.9714003913e-16)
    (1.0233615451e-20 2.1381687174e-16)
    (1.0755789881e-20 2.3206540792e-16)
    (1.1304608476e-20 2.5204111401e-16)
    (1.1881430764e-20 2.7385600045e-16)
    (1.2487685647e-20 2.9778005780e-16)
    (1.3124874934e-20 3.2398313961e-16)
    (1.3794577066e-20 3.5268812423e-16)
    (1.4498451025e-20 3.8413919641e-16)
    (1.5238240441e-20 4.1860370548e-16)
    (1.6015777915e-20 4.5637414285e-16)
    (1.6832989559e-20 4.9777023276e-16)
    (1.7691899762e-20 5.4314112144e-16)
    (1.8594636211e-20 5.9286763814e-16)
    (1.9543435158e-20 6.4722245614e-16)
    (2.0540646960e-20 7.0693336085e-16)
    (2.1588741905e-20 7.7206813095e-16)
    (2.2690316324e-20 8.4376441361e-16)
    (2.3848099030e-20 9.2229263158e-16)
    (2.5064958074e-20 1.0082798008e-15)
    (2.6343907850e-20 1.1024014106e-15)
    (2.7688116564e-20 1.2047938319e-15)
    (2.9100914079e-20 1.3175446155e-15)
    (3.0585800168e-20 1.4410300332e-15)
    (3.2146453179e-20 1.5760727464e-15)
    (3.3786739150e-20 1.7234710950e-15)
    (3.5510721387e-20 1.8848657879e-15)
    (3.7322670525e-20 2.0611799161e-15)
    (3.9227075111e-20 2.2504397658e-15)
    (4.1228652724e-20 2.4607085387e-15)
    (4.3332361656e-20 2.6901795986e-15)
    (4.5543413200e-20 2.9405291299e-15)
    (4.7867284557e-20 3.2135828389e-15)
    (5.0309732403e-20 3.5144150515e-15)
    (5.2876807154e-20 3.8392171309e-15)
    (5.5574867948e-20 4.1932872352e-15)
    (5.8410598402e-20 4.5792554798e-15)
    (6.1391023167e-20 4.9997723348e-15)
    (6.4523525328e-20 5.4588433752e-15)
    (6.7815864699e-20 5.9594516199e-15)
    (7.1276197038e-20 6.5055010729e-15)
    (7.4913094254e-20 7.0979461828e-15)
    (7.8735565645e-20 7.7481468882e-15)
    (8.2753080208e-20 8.4580155921e-15)
    (8.6975590100e-20 9.2332348411e-15)
    (9.1413555293e-20 1.0087109363e-14)
    (9.6077969483e-20 1.1012319860e-14)
    (1.0098038732e-19 1.2022982591e-14)
    (1.0613295304e-19 1.3126926685e-14)
    (1.1154843055e-19 1.4330183459e-14)
    (1.1724023501e-19 1.5647141579e-14)
    (1.2322246614e-19 1.7084446807e-14)
    (1.2950994306e-19 1.8652472886e-14)
    (1.3611824108e-19 2.0370541263e-14)
    (1.4306373021e-19 2.2232558791e-14)
    (1.5036361578e-19 2.4260963407e-14)
    (1.5803598101e-19 2.6469280221e-14)
    (1.6609983183e-19 2.8871920456e-14)
    (1.7457514394e-19 3.1484209750e-14)
    (1.8348291233e-19 3.4321882747e-14)
    (1.9284520326e-19 3.7402971906e-14)
    (2.0268520893e-19 4.0745900416e-14)
    (2.1302730493e-19 4.4370165897e-14)
    (2.2389711063e-19 4.8296348027e-14)
    (2.3532155262e-19 5.2546096370e-14)
    (2.4732893146e-19 5.7133737554e-14)
    (2.5994899173e-19 6.2097156591e-14)
    (2.7321299575e-19 6.7460448910e-14)
    (2.8715380103e-19 7.3247804110e-14)
    (3.0180594162e-19 7.9487384983e-14)
    (3.1720571370e-19 8.6201584895e-14)
    (3.3339126548e-19 9.3429755269e-14)
    (3.5040269168e-19 1.0120123008e-13)
    (3.6828213288e-19 1.0958282989e-13)
    (3.8707387991e-19 1.1853798455e-13)
    (4.0682448355e-19 1.2813773248e-13)
    (4.2758286985e-19 1.3842014226e-13)
    (4.4940046133e-19 1.4938683013e-13)
    (4.7233130437e-19 1.6114577188e-13)
    (4.9643220310e-19 1.7370147121e-13)
    (5.2176286008e-19 1.8709940165e-13)
    (5.4838602423e-19 2.0135678249e-13)
    (5.7636764626e-19 2.1655147490e-13)
    (6.0577704204e-19 2.3271136716e-13)
    (6.3668706432e-19 2.4989145627e-13)
    (6.6917428317e-19 2.6808600860e-13)
    (7.0331917570e-19 2.8739924985e-13)
    (7.3920632540e-19 3.0786604486e-13)
    (7.7692463164e-19 3.2952900841e-13)
    (8.1656752994e-19 3.5235551649e-13)
    (8.5823322341e-19 3.7643858264e-13)
    (9.0202492599e-19 4.0190483011e-13)
    (9.4805111817e-19 4.2873139728e-13)
    (9.9642581570e-19 4.5694272318e-13)
    (1.0472688520e-18 4.8662882856e-13)
    (1.1007061752e-18 5.1780245425e-13)
    (1.1568701597e-18 5.5052915838e-13)
    (1.2158999345e-18 5.8480594277e-13)
    (1.2779417279e-18 6.2068580557e-13)
    (1.3431492292e-18 6.5807860687e-13)
    (1.4116839701e-18 6.9727857029e-13)
    (1.4837157242e-18 7.3817533996e-13)
    (1.5594229282e-18 7.8065073712e-13)
    (1.6389931234e-18 8.2501336419e-13)
    (1.7226234204e-18 8.7113797503e-13)
    (1.8105209877e-18 9.1892257041e-13)
    (1.9029035644e-18 9.6484844638e-13)
    (2.0000000000e-18 1.0199914671e-12)
);
