// PvibN vs mean energy [eV]; air_plasma [23a06d772827b718], T_gas = 300.000000 K
(
    (0 0.0000000000e+00)
    (8.3422134201e-02 0.0000000000e+00)
    (8.8462680050e-02 0.0000000000e+00)
    (9.3491060499e-02 0.0000000000e+00)
    (9.6777619891e-02 0.0000000000e+00)
    (1.0175997315e-01 0.0000000000e+00)
    (1.0646293907e-01 0.0000000000e+00)
    (1.1133785898e-01 0.0000000000e+00)
    (1.1494524000e-01 0.0000000000e+00)
    (1.1873395973e-01 0.0000000000e+00)
    (1.2224734874e-01 0.0000000000e+00)
    (1.2551219849e-01 0.0000000000e+00)
    (1.2824328374e-01 0.0000000000e+00)
    (1.3141043808e-01 0.0000000000e+00)
    (1.3383153708e-01 0.0000000000e+00)
    (1.3676045299e-01 0.0000000000e+00)
    (1.3906586166e-01 0.0000000000e+00)
    (1.4141448729e-01 0.0000000000e+00)
    (1.4369352067e-01 0.0000000000e+00)
    (1.4592237950e-01 0.0000000000e+00)
    (1.4811895507e-01 0.0000000000e+00)
    (1.5029968859e-01 0.0000000000e+00)
    (1.5247964864e-01 0.0000000000e+00)
    (1.5467260739e-01 0.0000000000e+00)
    (1.5689111725e-01 0.0000000000e+00)
    (1.5914658981e-01 0.0000000000e+00)
    (1.6144937818e-01 0.0000000000e+00)
    (1.6380886523e-01 0.0000000000e+00)
    (1.6623355953e-01 0.0000000000e+00)
    (1.6873119978e-01 0.0000000000e+00)
    (1.7130886915e-01 0.0000000000e+00)
    (1.7397311959e-01 0.0000000000e+00)
    (1.7673010631e-01 0.0000000000e+00)
    (1.7958573144e-01 0.0000000000e+00)
    (1.8254579637e-01 0.0000000000e+00)
    (1.8561616139e-01 0.0000000000e+00)
    (1.8880291207e-01 0.0000000000e+00)
    (1.9211253088e-01 0.0000000000e+00)
    (1.9555207395e-01 0.0000000000e+00)
    (1.9912935206e-01 0.0000000000e+00)
    (2.0285311488e-01 0.0000000000e+00)
    (2.0673323717e-01 0.0000000000e+00)
    (2.1077955069e-01 0.0000000000e+00)
    (2.1499326283e-01 0.0000000000e+00)
    (2.1942255698e-01 0.0000000000e+00)
    (2.2406764334e-01 0.0000000000e+00)
    (2.2896000916e-01 0.0000000000e+00)
    (2.3410210934e-01 0.0000000000e+00)
    (2.3953467239e-01 0.0000000000e+00)
    (2.4529093645e-01 0.0000000000e+00)
    (2.5140825018e-01 0.0000000000e+00)
    (2.5793258691e-01 0.0000000000e+00)
    (2.6491215469e-01 0.0000000000e+00)
    (2.7240227530e-01 0.0000000000e+00)
    (2.8046375297e-01 0.0000000000e+00)
    (2.8916213748e-01 0.0000000000e+00)
    (2.9856646161e-01 0.0000000000e+00)
    (3.0874738545e-01 0.0000000000e+00)
    (3.1977472197e-01 0.0000000000e+00)
    (3.3168362229e-01 0.0000000000e+00)
    (3.4459290637e-01 0.0000000000e+00)
    (3.5851916481e-01 0.0000000000e+00)
    (3.7349390343e-01 0.0000000000e+00)
    (3.8952971105e-01 0.0000000000e+00)
    (4.0661729963e-01 0.0000000000e+00)
    (4.2472352370e-01 0.0000000000e+00)
    (4.4379064350e-01 0.0000000000e+00)
    (4.6373698345e-01 0.0000000000e+00)
    (4.8445899582e-01 0.0000000000e+00)
    (5.0583459041e-01 0.0000000000e+00)
    (5.2772746033e-01 0.0000000000e+00)
    (5.4999204197e-01 0.0000000000e+00)
    (5.7247870695e-01 0.0000000000e+00)
    (5.9503879746e-01 0.0000000000e+00)
    (6.1752917515e-01 0.0000000000e+00)
    (6.3981604274e-01 0.0000000000e+00)
    (6.6177789913e-01 0.0000000000e+00)
    (6.8330758583e-01 0.0000000000e+00)
    (7.0431346420e-01 0.0000000000e+00)
    (7.2467697436e-01 0.0000000000e+00)
    (7.4441509710e-01 0.0000000000e+00)
    (7.6344531747e-01 0.0000000000e+00)
    (7.8173515144e-01 0.0000000000e+00)
    (7.9926434244e-01 0.0000000000e+00)
    (8.1602339392e-01 0.0000000000e+00)
    (8.3201207605e-01 0.0000000000e+00)
    (8.4723797325e-01 0.0000000000e+00)
    (8.6171511997e-01 0.0000000000e+00)
    (8.7546275606e-01 0.0000000000e+00)
    (8.8850422020e-01 0.0000000000e+00)
    (9.0086598971e-01 0.0000000000e+00)
    (9.1257686765e-01 0.0000000000e+00)
    (9.2366731217e-01 0.0000000000e+00)
    (9.3416889937e-01 0.0000000000e+00)
    (9.4411390757e-01 0.0000000000e+00)
    (9.5353500920e-01 0.0000000000e+00)
    (9.6246505520e-01 0.0000000000e+00)
    (9.7091857930e-01 0.0000000000e+00)
    (9.7895628770e-01 0.0000000000e+00)
    (9.8659875486e-01 0.0000000000e+00)
    (9.9387769322e-01 0.0000000000e+00)
    (1.0008245462e+00 0.0000000000e+00)
    (1.0074705061e+00 0.0000000000e+00)
    (1.0138465437e+00 0.0000000000e+00)
    (1.0199834445e+00 0.0000000000e+00)
    (1.0259118506e+00 0.0000000000e+00)
    (1.0316623064e+00 0.0000000000e+00)
    (1.0372368134e+00 0.0000000000e+00)
    (1.0427253204e+00 0.0000000000e+00)
    (1.0479294135e+00 0.0000000000e+00)
    (1.0533131407e+00 0.0000000000e+00)
    (1.0587015549e+00 0.0000000000e+00)
    (1.0641455878e+00 0.0000000000e+00)
    (1.0697076953e+00 0.0000000000e+00)
    (1.0750720293e+00 2.5621213925e-21)
    (1.0809973277e+00 5.6822138906e-21)
    (1.0874475840e+00 1.0633976559e-20)
    (1.0944735414e+00 1.9391936311e-20)
    (1.1021354195e+00 3.5483829891e-20)
    (1.1110462081e+00 6.1710958212e-20)
    (1.1213652590e+00 1.0486521703e-19)
    (1.1333688578e+00 1.7473035279e-19)
    (1.1479276605e+00 2.8367618121e-19)
    (1.1654776904e+00 4.5119568807e-19)
    (1.1867523231e+00 7.0357306304e-19)
    (1.2125891895e+00 1.0763324558e-18)
    (1.2443761699e+00 1.6277213163e-18)
    (1.2823184390e+00 2.3981771011e-18)
    (1.3278130703e+00 3.4726698118e-18)
    (1.3819109720e+00 4.9445442564e-18)
    (1.4462628824e+00 6.9467012194e-18)
    (1.5205346482e+00 9.5705631066e-18)
    (1.6060431212e+00 1.2982220081e-17)
    (1.7033101278e+00 1.7345572632e-17)
    (1.8133236744e+00 2.2882994244e-17)
    (1.9345349977e+00 2.9686090204e-17)
    (2.0673826653e+00 3.7987118249e-17)
    (2.2112586444e+00 4.7971412636e-17)
    (2.3675391486e+00 5.9955407916e-17)
    (2.5306547436e+00 7.3836016765e-17)
    (2.7016797611e+00 8.9895593890e-17)
    (2.8793718350e+00 1.0826982090e-16)
    (3.0627158465e+00 1.2911861778e-16)
    (3.2500925522e+00 1.5245786125e-16)
    (3.4406844079e+00 1.7841563001e-16)
    (3.6335931443e+00 2.0706211739e-16)
    (3.8293914994e+00 2.3858922129e-16)
    (4.0246201322e+00 2.7274749293e-16)
    (4.2205744262e+00 3.0973091709e-16)
    (4.4170654205e+00 3.4956455161e-16)
    (4.6140592698e+00 3.9226341787e-16)
    (4.8118293106e+00 4.3787622728e-16)
    (5.0101425298e+00 4.8629300352e-16)
    (5.2096264803e+00 5.3755558571e-16)
    (5.4106830855e+00 5.9163137759e-16)
    (5.6137791567e+00 6.4847231569e-16)
    (5.8194315888e+00 7.0801324064e-16)
    (6.0281942774e+00 7.7017033755e-16)
    (6.2397182407e+00 8.3473552255e-16)
    (6.4559105451e+00 9.0172603186e-16)
    (6.6776519205e+00 9.7105025254e-16)
    (6.9049922865e+00 1.0424716059e-15)
    (7.1385780794e+00 1.1158079984e-15)
    (7.3786430488e+00 1.1907731604e-15)
    (7.6265303642e+00 1.2672939201e-15)
    (7.8826257025e+00 1.3450749935e-15)
    (8.1497191059e+00 1.4243382088e-15)
    (8.4240092405e+00 1.5038353289e-15)
    (8.7085308876e+00 1.5838108189e-15)
    (9.0040228143e+00 1.6639897715e-15)
    (9.3087340154e+00 1.7435096447e-15)
    (9.6283995994e+00 1.8232550729e-15)
    (9.9612246963e+00 1.9023470853e-15)
    (1.0308125495e+01 1.9805058586e-15)
    (1.0668465983e+01 2.0571059595e-15)
    (1.1045828452e+01 2.1325507794e-15)
    (1.1439820622e+01 2.2062282526e-15)
    (1.1851696174e+01 2.2778795923e-15)
    (1.2280620034e+01 2.3469145282e-15)
    (1.2730516764e+01 2.4137494266e-15)
    (1.3201609335e+01 2.4778194899e-15)
    (1.3695082127e+01 2.5388976825e-15)
    (1.4209909604e+01 2.5964547293e-15)
    (1.4748613160e+01 2.6502093733e-15)
    (1.5316430848e+01 2.7011643154e-15)
    (1.5912205402e+01 2.7483724647e-15)
    (1.6537243804e+01 2.7912655891e-15)
    (1.7194717344e+01 2.8305426633e-15)
    (1.7885901787e+01 2.8656660983e-15)
    (1.8613989945e+01 2.8961768491e-15)
    (1.9379845460e+01 2.9226833740e-15)
    (2.0186705972e+01 2.9447807610e-15)
    (2.1034800734e+01 2.9615221095e-15)
    (2.1932990500e+01 2.9747217519e-15)
    (2.2881431137e+01 2.9834023128e-15)
    (2.3881383122e+01 2.9867386913e-15)
    (2.4941600051e+01 2.9864627816e-15)
    (2.6064042589e+01 2.9817120017e-15)
    (2.7252346416e+01 2.9718751128e-15)
    (2.8390136249e+01 2.9525862485e-15)
    (2.9849584724e+01 2.9406453557e-15)
);
