// alphaN vs mean energy [eV]; air_plasma [94c490be646f8872], T_gas = 300.000000 K
(
    (0 0.0000000000e+00)
    (1.3716736877e-01 0.0000000000e+00)
    (1.4076967004e-01 0.0000000000e+00)
    (1.4397591983e-01 0.0000000000e+00)
    (1.4684102077e-01 0.0000000000e+00)
    (1.4941193350e-01 0.0000000000e+00)
    (1.5172852860e-01 0.0000000000e+00)
    (1.5382471337e-01 0.0000000000e+00)
    (1.5572953486e-01 0.0000000000e+00)
    (1.5746814299e-01 0.0000000000e+00)
    (1.5906258451e-01 0.0000000000e+00)
    (1.6040177321e-01 0.0000000000e+00)
    (1.6189529828e-01 0.0000000000e+00)
    (1.6316717670e-01 0.0000000000e+00)
    (1.6436277106e-01 0.0000000000e+00)
    (1.6549569504e-01 0.0000000000e+00)
    (1.6657864137e-01 0.0000000000e+00)
    (1.6762350584e-01 0.0000000000e+00)
    (1.6865351356e-01 0.0000000000e+00)
    (1.6965530759e-01 0.0000000000e+00)
    (1.7065088677e-01 0.0000000000e+00)
    (1.7163694874e-01 0.0000000000e+00)
    (1.7264754568e-01 0.0000000000e+00)
    (1.7367870384e-01 0.0000000000e+00)
    (1.7473842382e-01 0.0000000000e+00)
    (1.7583425455e-01 0.0000000000e+00)
    (1.7697330632e-01 0.0000000000e+00)
    (1.7816226381e-01 0.0000000000e+00)
    (1.7940739973e-01 0.0000000000e+00)
    (1.8071459251e-01 0.0000000000e+00)
    (1.8208934620e-01 0.0000000000e+00)
    (1.8353681581e-01 0.0000000000e+00)
    (1.8506183817e-01 0.0000000000e+00)
    (1.8666896889e-01 0.0000000000e+00)
    (1.8836252602e-01 0.0000000000e+00)
    (1.9014664040e-01 0.0000000000e+00)
    (1.9202531289e-01 0.0000000000e+00)
    (1.9400247796e-01 0.0000000000e+00)
    (1.9608207355e-01 0.0000000000e+00)
    (1.9826811637e-01 0.0000000000e+00)
    (2.0056478234e-01 0.0000000000e+00)
    (2.0297649148e-01 0.0000000000e+00)
    (2.0550799658e-01 0.0000000000e+00)
    (2.0816447512e-01 0.0000000000e+00)
    (2.1095162348e-01 0.0000000000e+00)
    (2.1387575250e-01 0.0000000000e+00)
    (2.1694252519e-01 0.0000000000e+00)
    (2.2014784268e-01 0.0000000000e+00)
    (2.2353442384e-01 0.0000000000e+00)
    (2.2709473824e-01 0.0000000000e+00)
    (2.3084124291e-01 0.0000000000e+00)
    (2.3479830546e-01 0.0000000000e+00)
    (2.3896127860e-01 0.0000000000e+00)
    (2.4336008158e-01 0.0000000000e+00)
    (2.4801609114e-01 0.0000000000e+00)
    (2.5295357748e-01 0.0000000000e+00)
    (2.5819912151e-01 0.0000000000e+00)
    (2.6378573470e-01 0.0000000000e+00)
    (2.6974624072e-01 0.0000000000e+00)
    (2.7611826438e-01 0.0000000000e+00)
    (2.8294267020e-01 0.0000000000e+00)
    (2.9026318406e-01 0.0000000000e+00)
    (2.9812578117e-01 0.0000000000e+00)
    (3.0657780390e-01 0.0000000000e+00)
    (3.1566679772e-01 0.0000000000e+00)
    (3.2543906532e-01 0.0000000000e+00)
    (3.3590884834e-01 0.0000000000e+00)
    (3.4717220621e-01 0.0000000000e+00)
    (3.5923181777e-01 0.0000000000e+00)
    (3.7211011301e-01 0.0000000000e+00)
    (3.8581857835e-01 0.0000000000e+00)
    (4.0035607801e-01 0.0000000000e+00)
    (4.1570758173e-01 0.0000000000e+00)
    (4.3184341715e-01 0.0000000000e+00)
    (4.4871913847e-01 0.0000000000e+00)
    (4.6627605897e-01 0.0000000000e+00)
    (4.8444243519e-01 0.0000000000e+00)
    (5.0313523891e-01 0.0000000000e+00)
    (5.2226241062e-01 0.0000000000e+00)
    (5.4172544282e-01 0.0000000000e+00)
    (5.6142213216e-01 0.0000000000e+00)
    (5.8124933256e-01 0.0000000000e+00)
    (6.0110555710e-01 0.0000000000e+00)
    (6.2089330726e-01 0.0000000000e+00)
    (6.4052103707e-01 0.0000000000e+00)
    (6.5990470387e-01 0.0000000000e+00)
    (6.7896888897e-01 0.0000000000e+00)
    (6.9764750311e-01 0.0000000000e+00)
    (7.1588411412e-01 0.0000000000e+00)
    (7.3358636508e-01 0.0000000000e+00)
    (7.5079956951e-01 0.0000000000e+00)
    (7.6745533679e-01 0.0000000000e+00)
    (7.8353256295e-01 0.0000000000e+00)
    (7.9901751861e-01 0.0000000000e+00)
    (8.1390305888e-01 0.0000000000e+00)
    (8.2818781969e-01 0.0000000000e+00)
    (8.4187543085e-01 0.0000000000e+00)
    (8.5497376287e-01 0.0000000000e+00)
    (8.6749422815e-01 0.0000000000e+00)
    (8.7945114297e-01 0.0000000000e+00)
    (8.9086115759e-01 0.0000000000e+00)
    (9.0174275648e-01 0.0000000000e+00)
    (9.1211582875e-01 0.0000000000e+00)
    (9.2200130648e-01 0.0000000000e+00)
    (9.3142086729e-01 0.0000000000e+00)
    (9.4039669615e-01 0.0000000000e+00)
    (9.4895130096e-01 0.0000000000e+00)
    (9.5710737510e-01 0.0000000000e+00)
    (9.6488770191e-01 0.0000000000e+00)
    (9.7229590192e-01 0.0000000000e+00)
    (9.7938516542e-01 0.0000000000e+00)
    (9.8616492913e-01 0.0000000000e+00)
    (9.9265725317e-01 0.0000000000e+00)
    (9.9888404860e-01 0.0000000000e+00)
    (1.0048670852e+00 0.0000000000e+00)
    (1.0106280054e+00 0.0000000000e+00)
    (1.0161883420e+00 0.0000000000e+00)
    (1.0215695391e+00 0.0000000000e+00)
    (1.0267929757e+00 0.0000000000e+00)
    (1.0318799893e+00 0.0000000000e+00)
    (1.0368231641e+00 0.0000000000e+00)
    (1.0417033534e+00 0.0000000000e+00)
    (1.0465120896e+00 0.0000000000e+00)
    (1.0510868798e+00 0.0000000000e+00)
    (1.0558591901e+00 0.0000000000e+00)
    (1.0606532011e+00 0.0000000000e+00)
    (1.0655074194e+00 0.0000000000e+00)
    (1.0704684867e+00 0.0000000000e+00)
    (1.0751997672e+00 0.0000000000e+00)
    (1.0804337616e+00 0.0000000000e+00)
    (1.0860944535e+00 0.0000000000e+00)
    (1.0921800381e+00 0.0000000000e+00)
    (1.0986620877e+00 3.7926879836e-29)
    (1.1060807526e+00 7.2929060666e-29)
    (1.1144567561e+00 1.3589574416e-28)
    (1.1240549775e+00 2.4602526639e-28)
    (1.1350476809e+00 1.9120849630e-27)
    (1.1481500995e+00 3.4873199345e-27)
    (1.1636258812e+00 6.1861938676e-27)
    (1.1819885899e+00 1.0694972051e-26)
    (1.2038177966e+00 1.8044165733e-26)
    (1.2301634388e+00 3.3105896956e-26)
    (1.2609969543e+00 5.4284590106e-26)
    (1.2973623006e+00 8.7204840814e-26)
    (1.3400043215e+00 1.3735514047e-25)
    (1.3902463429e+00 2.2455830377e-25)
    (1.4476740785e+00 3.4573103173e-25)
    (1.5134371384e+00 5.2347452166e-25)
    (1.5880617826e+00 7.8005043477e-25)
    (1.6719409929e+00 1.1446304413e-24)
    (1.7660607105e+00 1.6861752657e-24)
    (1.8689224005e+00 2.4099421135e-24)
    (1.9811674964e+00 3.4003841606e-24)
    (2.1024762198e+00 4.7380545515e-24)
    (2.2323544675e+00 6.5216066864e-24)
    (2.3723894726e+00 8.9187213406e-24)
    (2.5173051541e+00 1.2001524796e-23)
    (2.6685098823e+00 1.5974928058e-23)
    (2.8251127843e+00 2.1041085156e-23)
    (2.9864403845e+00 2.7468442122e-23)
    (3.1511716903e+00 3.5475495572e-23)
    (3.3187345263e+00 4.5390742562e-23)
    (3.4884072284e+00 5.7559870351e-23)
    (3.6595680228e+00 7.2368662748e-23)
    (3.8329812660e+00 9.0245940190e-23)
    (4.0054036492e+00 1.1165096260e-22)
    (4.1781426573e+00 1.3711273687e-22)
    (4.3510158689e+00 1.6719122354e-22)
    (4.5239369983e+00 2.0248937906e-22)
    (4.6971621121e+00 2.4384711408e-22)
    (4.8701409953e+00 2.9157869632e-22)
    (5.0433978978e+00 3.4659187981e-22)
    (5.2171246267e+00 4.0964861685e-22)
    (5.3915564382e+00 4.8154211182e-22)
    (5.5669629670e+00 5.6309216256e-22)
    (5.7436400435e+00 6.5513891356e-22)
    (5.9219025871e+00 7.5853645216e-22)
    (6.1010979376e+00 8.7357238159e-22)
    (6.2835570479e+00 1.0022770642e-21)
    (6.4679920423e+00 1.1447137254e-21)
    (6.6560078497e+00 1.3021052382e-21)
    (6.8473428104e+00 1.4752803435e-21)
    (7.0423340172e+00 1.6649755192e-21)
    (7.2409465159e+00 1.8715894162e-21)
    (7.4442081970e+00 2.0963144381e-21)
    (7.6521663603e+00 2.3398026389e-21)
    (7.8676105910e+00 2.6080596085e-21)
    (8.0858487204e+00 2.8913414052e-21)
    (8.3098278044e+00 3.1952207903e-21)
    (8.5398932950e+00 3.5202128939e-21)
    (8.7763949131e+00 3.8667798037e-21)
    (9.0196879697e+00 4.2353305910e-21)
    (9.2670974766e+00 4.6199041920e-21)
    (9.5251096885e+00 5.0329071890e-21)
    (9.7910839770e+00 5.4690818332e-21)
    (1.0065371630e+01 5.9283034781e-21)
    (1.0346344593e+01 6.4084623557e-21)
    (1.0638438926e+01 6.9131528880e-21)
    (1.0940187398e+01 7.4413016752e-21)
    (1.1925355136e+01 9.0220475910e-21)
    (1.2308824412e+01 9.7037599350e-21)
    (1.2709276652e+01 1.0414648669e-20)
    (1.3126439691e+01 1.1155336103e-20)
    (1.3561263285e+01 1.1926299299e-20)
    (1.4012493747e+01 1.2722664289e-20)
    (1.4484291915e+01 1.3545987243e-20)
    (1.4973992379e+01 1.4388907228e-20)
    (1.5487666223e+01 1.5264865508e-20)
    (1.6023909695e+01 1.6165438736e-20)
    (1.6583468512e+01 1.7099610507e-20)
    (1.7168941463e+01 1.8045941971e-20)
    (1.7781023451e+01 1.9013101952e-20)
    (1.8422151615e+01 2.0005366322e-20)
    (1.9092649339e+01 2.1010632492e-20)
    (1.9794733945e+01 2.2031857443e-20)
    (2.0530664058e+01 2.3067942900e-20)
    (2.1299508263e+01 2.4111141386e-20)
    (2.2109288431e+01 2.5170603134e-20)
    (2.2959485968e+01 2.6238517815e-20)
    (2.3850104879e+01 2.7312626658e-20)
    (2.4788921536e+01 2.8390113382e-20)
    (2.5776295005e+01 2.9468764182e-20)
    (2.6817698048e+01 3.0550371852e-20)
    (2.7909067436e+01 3.1621386809e-20)
    (2.9061538888e+01 3.2686939911e-20)
    (3.0279874265e+01 3.3748651534e-20)
    (3.1556757395e+01 3.4789915063e-20)
    (3.2908931845e+01 3.5816600176e-20)
    (3.4342348823e+01 3.6834434648e-20)
    (3.5842127009e+01 3.7812381050e-20)
    (3.7437719791e+01 3.8774959697e-20)
    (3.9117090489e+01 3.9700335785e-20)
    (4.0644106575e+01 4.0407106780e-20)
    (4.2796040127e+01 4.1478123743e-20)
    (4.4789131155e+01 4.2301319892e-20)
    (4.6589221150e+01 4.2912229296e-20)
    (4.9179324484e+01 4.3864109613e-20)
    (5.1201199815e+01 4.4385483509e-20)
    (5.4099126670e+01 4.5222553299e-20)
    (5.6778858337e+01 4.5806740738e-20)
    (5.9117854096e+01 4.6156255357e-20)
    (6.2718461942e+01 4.6878751381e-20)
    (6.5410085846e+01 4.7137515370e-20)
    (6.9496742822e+01 4.7725259124e-20)
    (7.3180976752e+01 4.8029299810e-20)
    (7.7182577491e+01 4.8300166685e-20)
    (8.1420085225e+01 4.8495003214e-20)
    (8.6011788405e+01 4.8634011005e-20)
    (9.0867763137e+01 4.8670520091e-20)
    (9.6165388139e+01 4.8673539157e-20)
    (1.0177823578e+02 4.8589572973e-20)
    (1.0792309375e+02 4.8451052634e-20)
    (1.1458604701e+02 4.8240622908e-20)
    (1.2160542734e+02 4.7925218593e-20)
    (1.2939531717e+02 4.7570781941e-20)
    (1.3542361118e+02 4.6990358483e-20)
    (1.4388362195e+02 4.6410308191e-20)
    (1.5371740495e+02 4.5866158842e-20)
    (1.6736124994e+02 4.5402757336e-20)
    (1.7556818514e+02 4.4576717036e-20)
    (1.9180551086e+02 4.3903877516e-20)
    (2.0148427830e+02 4.2935776329e-20)
);
