// alphaN vs reducedE [V m^2]; air_plasma [94c490be646f8872], T_gas = 300.000000 K
(
    (0 0.0000000000e+00)
    (1.0000000000e-22 0.0000000000e+00)
    (1.0452754953e-22 0.0000000000e+00)
    (1.0926008611e-22 0.0000000000e+00)
    (1.1420689063e-22 0.0000000000e+00)
    (1.1937766417e-22 0.0000000000e+00)
    (1.2478254705e-22 0.0000000000e+00)
    (1.3043213867e-22 0.0000000000e+00)
    (1.3633751836e-22 0.0000000000e+00)
    (1.4251026703e-22 0.0000000000e+00)
    (1.4896248996e-22 0.0000000000e+00)
    (1.5570684048e-22 0.0000000000e+00)
    (1.6275654480e-22 0.0000000000e+00)
    (1.7012542799e-22 0.0000000000e+00)
    (1.7782794100e-22 0.0000000000e+00)
    (1.8587918911e-22 0.0000000000e+00)
    (1.9429496147e-22 0.0000000000e+00)
    (2.0309176209e-22 0.0000000000e+00)
    (2.1228684221e-22 0.0000000000e+00)
    (2.2189823415e-22 0.0000000000e+00)
    (2.3194478661e-22 0.0000000000e+00)
    (2.4244620171e-22 0.0000000000e+00)
    (2.5342307358e-22 0.0000000000e+00)
    (2.6489692876e-22 0.0000000000e+00)
    (2.7689026842e-22 0.0000000000e+00)
    (2.8942661247e-22 0.0000000000e+00)
    (3.0253054571e-22 0.0000000000e+00)
    (3.1622776602e-22 0.0000000000e+00)
    (3.3054513476e-22 0.0000000000e+00)
    (3.4551072946e-22 0.0000000000e+00)
    (3.6115389887e-22 0.0000000000e+00)
    (3.7750532053e-22 0.0000000000e+00)
    (3.9459706091e-22 0.0000000000e+00)
    (4.1246263829e-22 0.0000000000e+00)
    (4.3113708854e-22 0.0000000000e+00)
    (4.5065703377e-22 0.0000000000e+00)
    (4.7106075420e-22 0.0000000000e+00)
    (4.9238826317e-22 0.0000000000e+00)
    (5.1468138568e-22 0.0000000000e+00)
    (5.3798384034e-22 0.0000000000e+00)
    (5.6234132519e-22 0.0000000000e+00)
    (5.8780160723e-22 0.0000000000e+00)
    (6.1441461614e-22 0.0000000000e+00)
    (6.4223254222e-22 0.0000000000e+00)
    (6.7130993868e-22 0.0000000000e+00)
    (7.0170382867e-22 0.0000000000e+00)
    (7.3347381708e-22 0.0000000000e+00)
    (7.6668220745e-22 0.0000000000e+00)
    (8.0139412415e-22 0.0000000000e+00)
    (8.3767764007e-22 0.0000000000e+00)
    (8.7560391014e-22 0.0000000000e+00)
    (9.1524731088e-22 0.0000000000e+00)
    (9.5668558622e-22 0.0000000000e+00)
    (1.0000000000e-21 0.0000000000e+00)
    (1.0452754953e-21 0.0000000000e+00)
    (1.0926008611e-21 0.0000000000e+00)
    (1.1420689063e-21 0.0000000000e+00)
    (1.1937766417e-21 0.0000000000e+00)
    (1.2478254705e-21 0.0000000000e+00)
    (1.3043213867e-21 0.0000000000e+00)
    (1.3633751836e-21 0.0000000000e+00)
    (1.4251026703e-21 0.0000000000e+00)
    (1.4896248996e-21 0.0000000000e+00)
    (1.5570684048e-21 0.0000000000e+00)
    (1.6275654480e-21 0.0000000000e+00)
    (1.7012542799e-21 0.0000000000e+00)
    (1.7782794100e-21 0.0000000000e+00)
    (1.8587918911e-21 0.0000000000e+00)
    (1.9429496147e-21 0.0000000000e+00)
    (2.0309176209e-21 0.0000000000e+00)
    (2.1228684221e-21 0.0000000000e+00)
    (2.2189823415e-21 0.0000000000e+00)
    (2.3194478661e-21 0.0000000000e+00)
    (2.4244620171e-21 0.0000000000e+00)
    (2.5342307358e-21 0.0000000000e+00)
    (2.6489692876e-21 0.0000000000e+00)
    (2.7689026842e-21 0.0000000000e+00)
    (2.8942661247e-21 0.0000000000e+00)
    (3.0253054571e-21 0.0000000000e+00)
    (3.1622776602e-21 0.0000000000e+00)
    (3.3054513476e-21 0.0000000000e+00)
    (3.4551072946e-21 0.0000000000e+00)
    (3.6115389887e-21 0.0000000000e+00)
    (3.7750532053e-21 0.0000000000e+00)
    (3.9459706091e-21 0.0000000000e+00)
    (4.1246263829e-21 0.0000000000e+00)
    (4.3113708854e-21 0.0000000000e+00)
    (4.5065703377e-21 0.0000000000e+00)
    (4.7106075420e-21 0.0000000000e+00)
    (4.9238826317e-21 0.0000000000e+00)
    (5.1468138568e-21 0.0000000000e+00)
    (5.3798384034e-21 0.0000000000e+00)
    (5.6234132519e-21 0.0000000000e+00)
    (5.8780160723e-21 0.0000000000e+00)
    (6.1441461614e-21 0.0000000000e+00)
    (6.4223254222e-21 0.0000000000e+00)
    (6.7130993868e-21 0.0000000000e+00)
    (7.0170382867e-21 0.0000000000e+00)
    (7.3347381708e-21 0.0000000000e+00)
    (7.6668220745e-21 0.0000000000e+00)
    (8.0139412415e-21 0.0000000000e+00)
    (8.3767764007e-21 0.0000000000e+00)
    (8.7560391014e-21 0.0000000000e+00)
    (9.1524731088e-21 0.0000000000e+00)
    (9.5668558622e-21 0.0000000000e+00)
    (1.0000000000e-20 0.0000000000e+00)
    (1.0452754953e-20 0.0000000000e+00)
    (1.0926008611e-20 0.0000000000e+00)
    (1.1420689063e-20 0.0000000000e+00)
    (1.1937766417e-20 0.0000000000e+00)
    (1.2478254705e-20 0.0000000000e+00)
    (1.3043213867e-20 0.0000000000e+00)
    (1.3633751836e-20 0.0000000000e+00)
    (1.4251026703e-20 0.0000000000e+00)
    (1.4896248996e-20 0.0000000000e+00)
    (1.5570684048e-20 0.0000000000e+00)
    (1.6275654480e-20 0.0000000000e+00)
    (1.7012542799e-20 0.0000000000e+00)
    (1.7782794100e-20 0.0000000000e+00)
    (1.8587918911e-20 0.0000000000e+00)
    (1.9429496147e-20 0.0000000000e+00)
    (2.0309176209e-20 0.0000000000e+00)
    (2.1228684221e-20 0.0000000000e+00)
    (2.2189823415e-20 0.0000000000e+00)
    (2.3194478661e-20 0.0000000000e+00)
    (2.4244620171e-20 0.0000000000e+00)
    (2.5342307358e-20 0.0000000000e+00)
    (2.6489692876e-20 0.0000000000e+00)
    (2.7689026842e-20 0.0000000000e+00)
    (2.8942661247e-20 0.0000000000e+00)
    (3.0253054571e-20 0.0000000000e+00)
    (3.1622776602e-20 0.0000000000e+00)
    (3.3054513476e-20 3.7926879836e-29)
    (3.4551072946e-20 7.2929060666e-29)
    (3.6115389887e-20 1.3589574416e-28)
    (3.7750532053e-20 2.4602526639e-28)
    (3.9459706091e-20 1.9120849630e-27)
    (4.1246263829e-20 3.4873199345e-27)
    (4.3113708854e-20 6.1861938676e-27)
    (4.5065703377e-20 1.0694972051e-26)
    (4.7106075420e-20 1.8044165733e-26)
    (4.9238826317e-20 3.3105896956e-26)
    (5.1468138568e-20 5.4284590106e-26)
    (5.3798384034e-20 8.7204840814e-26)
    (5.6234132519e-20 1.3735514047e-25)
    (5.8780160723e-20 2.2455830377e-25)
    (6.1441461614e-20 3.4573103173e-25)
    (6.4223254222e-20 5.2347452166e-25)
    (6.7130993868e-20 7.8005043477e-25)
    (7.0170382867e-20 1.1446304413e-24)
    (7.3347381708e-20 1.6861752657e-24)
    (7.6668220745e-20 2.4099421135e-24)
    (8.0139412415e-20 3.4003841606e-24)
    (8.3767764007e-20 4.7380545515e-24)
    (8.7560391014e-20 6.5216066864e-24)
    (9.1524731088e-20 8.9187213406e-24)
    (9.5668558622e-20 1.2001524796e-23)
    (1.0000000000e-19 1.5974928058e-23)
    (1.0452754953e-19 2.1041085156e-23)
    (1.0926008611e-19 2.7468442122e-23)
    (1.1420689063e-19 3.5475495572e-23)
    (1.1937766417e-19 4.5390742562e-23)
    (1.2478254705e-19 5.7559870351e-23)
    (1.3043213867e-19 7.2368662748e-23)
    (1.3633751836e-19 9.0245940190e-23)
    (1.4251026703e-19 1.1165096260e-22)
    (1.4896248996e-19 1.3711273687e-22)
    (1.5570684048e-19 1.6719122354e-22)
    (1.6275654480e-19 2.0248937906e-22)
    (1.7012542799e-19 2.4384711408e-22)
    (1.7782794100e-19 2.9157869632e-22)
    (1.8587918911e-19 3.4659187981e-22)
    (1.9429496147e-19 4.0964861685e-22)
    (2.0309176209e-19 4.8154211182e-22)
    (2.1228684221e-19 5.6309216256e-22)
    (2.2189823415e-19 6.5513891356e-22)
    (2.3194478661e-19 7.5853645216e-22)
    (2.4244620171e-19 8.7357238159e-22)
    (2.5342307358e-19 1.0022770642e-21)
    (2.6489692876e-19 1.1447137254e-21)
    (2.7689026842e-19 1.3021052382e-21)
    (2.8942661247e-19 1.4752803435e-21)
    (3.0253054571e-19 1.6649755192e-21)
    (3.1622776602e-19 1.8715894162e-21)
    (3.3054513476e-19 2.0963144381e-21)
    (3.4551072946e-19 2.3398026389e-21)
    (3.6115389887e-19 2.6080596085e-21)
    (3.7750532053e-19 2.8913414052e-21)
    (3.9459706091e-19 3.1952207903e-21)
    (4.1246263829e-19 3.5202128939e-21)
    (4.3113708854e-19 3.8667798037e-21)
    (4.5065703377e-19 4.2353305910e-21)
    (4.7106075420e-19 4.6199041920e-21)
    (4.9238826317e-19 5.0329071890e-21)
    (5.1468138568e-19 5.4690818332e-21)
    (5.3798384034e-19 5.9283034781e-21)
    (5.6234132519e-19 6.4084623557e-21)
    (5.8780160723e-19 6.9131528880e-21)
    (6.1441461614e-19 7.4413016752e-21)
    (6.4223254222e-19 9.0220475910e-21)
    (6.7130993868e-19 9.7037599350e-21)
    (7.0170382867e-19 1.0414648669e-20)
    (7.3347381708e-19 1.1155336103e-20)
    (7.6668220745e-19 1.1926299299e-20)
    (8.0139412415e-19 1.2722664289e-20)
    (8.3767764007e-19 1.3545987243e-20)
    (8.7560391014e-19 1.4388907228e-20)
    (9.1524731088e-19 1.5264865508e-20)
    (9.5668558622e-19 1.6165438736e-20)
    (1.0000000000e-18 1.7099610507e-20)
    (1.0452754953e-18 1.8045941971e-20)
    (1.0926008611e-18 1.9013101952e-20)
    (1.1420689063e-18 2.0005366322e-20)
    (1.1937766417e-18 2.1010632492e-20)
    (1.2478254705e-18 2.2031857443e-20)
    (1.3043213867e-18 2.3067942900e-20)
    (1.3633751836e-18 2.4111141386e-20)
    (1.4251026703e-18 2.5170603134e-20)
    (1.4896248996e-18 2.6238517815e-20)
    (1.5570684048e-18 2.7312626658e-20)
    (1.6275654480e-18 2.8390113382e-20)
    (1.7012542799e-18 2.9468764182e-20)
    (1.7782794100e-18 3.0550371852e-20)
    (1.8587918911e-18 3.1621386809e-20)
    (1.9429496147e-18 3.2686939911e-20)
    (2.0309176209e-18 3.3748651534e-20)
    (2.1228684221e-18 3.4789915063e-20)
    (2.2189823415e-18 3.5816600176e-20)
    (2.3194478661e-18 3.6834434648e-20)
    (2.4244620171e-18 3.7812381050e-20)
    (2.5342307358e-18 3.8774959697e-20)
    (2.6489692876e-18 3.9700335785e-20)
    (2.7689026842e-18 4.0407106780e-20)
    (2.8942661247e-18 4.1478123743e-20)
    (3.0253054571e-18 4.2301319892e-20)
    (3.1622776602e-18 4.2912229296e-20)
    (3.3054513476e-18 4.3864109613e-20)
    (3.4551072946e-18 4.4385483509e-20)
    (3.6115389887e-18 4.5222553299e-20)
    (3.7750532053e-18 4.5806740738e-20)
    (3.9459706091e-18 4.6156255357e-20)
    (4.1246263829e-18 4.6878751381e-20)
    (4.3113708854e-18 4.7137515370e-20)
    (4.5065703377e-18 4.7725259124e-20)
    (4.7106075420e-18 4.8029299810e-20)
    (4.9238826317e-18 4.8300166685e-20)
    (5.1468138568e-18 4.8495003214e-20)
    (5.3798384034e-18 4.8634011005e-20)
    (5.6234132519e-18 4.8670520091e-20)
    (5.8780160723e-18 4.8673539157e-20)
    (6.1441461614e-18 4.8589572973e-20)
    (6.4223254222e-18 4.8451052634e-20)
    (6.7130993868e-18 4.8240622908e-20)
    (7.0170382867e-18 4.7925218593e-20)
    (7.3347381708e-18 4.7570781941e-20)
    (7.6668220745e-18 4.6990358483e-20)
    (8.0139412415e-18 4.6410308191e-20)
    (8.3767764007e-18 4.5866158842e-20)
    (8.7560391014e-18 4.5402757336e-20)
    (9.1524731088e-18 4.4576717036e-20)
    (9.5668558622e-18 4.3903877516e-20)
    (1.0000000000e-17 4.2935776329e-20)
);
