// alpha_EI_N2_ION_N2_B2SIGMA [m^2] vs mean energy [eV]; air_plasma [94c490be646f8872], T_gas = 300.000000 K
(
    (0 0.0000000000e+00)
    (1.3716736877e-01 0.0000000000e+00)
    (1.4076967004e-01 0.0000000000e+00)
    (1.4397591983e-01 0.0000000000e+00)
    (1.4684102077e-01 0.0000000000e+00)
    (1.4941193350e-01 0.0000000000e+00)
    (1.5172852860e-01 0.0000000000e+00)
    (1.5382471337e-01 0.0000000000e+00)
    (1.5572953486e-01 0.0000000000e+00)
    (1.5746814299e-01 0.0000000000e+00)
    (1.5906258451e-01 0.0000000000e+00)
    (1.6040177321e-01 0.0000000000e+00)
    (1.6189529828e-01 0.0000000000e+00)
    (1.6316717670e-01 0.0000000000e+00)
    (1.6436277106e-01 0.0000000000e+00)
    (1.6549569504e-01 0.0000000000e+00)
    (1.6657864137e-01 0.0000000000e+00)
    (1.6762350584e-01 0.0000000000e+00)
    (1.6865351356e-01 0.0000000000e+00)
    (1.6965530759e-01 0.0000000000e+00)
    (1.7065088677e-01 0.0000000000e+00)
    (1.7163694874e-01 0.0000000000e+00)
    (1.7264754568e-01 0.0000000000e+00)
    (1.7367870384e-01 0.0000000000e+00)
    (1.7473842382e-01 0.0000000000e+00)
    (1.7583425455e-01 0.0000000000e+00)
    (1.7697330632e-01 0.0000000000e+00)
    (1.7816226381e-01 0.0000000000e+00)
    (1.7940739973e-01 0.0000000000e+00)
    (1.8071459251e-01 0.0000000000e+00)
    (1.8208934620e-01 0.0000000000e+00)
    (1.8353681581e-01 0.0000000000e+00)
    (1.8506183817e-01 0.0000000000e+00)
    (1.8666896889e-01 0.0000000000e+00)
    (1.8836252602e-01 0.0000000000e+00)
    (1.9014664040e-01 0.0000000000e+00)
    (1.9202531289e-01 0.0000000000e+00)
    (1.9400247796e-01 0.0000000000e+00)
    (1.9608207355e-01 0.0000000000e+00)
    (1.9826811637e-01 0.0000000000e+00)
    (2.0056478234e-01 0.0000000000e+00)
    (2.0297649148e-01 0.0000000000e+00)
    (2.0550799658e-01 0.0000000000e+00)
    (2.0816447512e-01 0.0000000000e+00)
    (2.1095162348e-01 0.0000000000e+00)
    (2.1387575250e-01 0.0000000000e+00)
    (2.1694252519e-01 0.0000000000e+00)
    (2.2014784268e-01 0.0000000000e+00)
    (2.2353442384e-01 0.0000000000e+00)
    (2.2709473824e-01 0.0000000000e+00)
    (2.3084124291e-01 0.0000000000e+00)
    (2.3479830546e-01 0.0000000000e+00)
    (2.3896127860e-01 0.0000000000e+00)
    (2.4336008158e-01 0.0000000000e+00)
    (2.4801609114e-01 0.0000000000e+00)
    (2.5295357748e-01 0.0000000000e+00)
    (2.5819912151e-01 0.0000000000e+00)
    (2.6378573470e-01 0.0000000000e+00)
    (2.6974624072e-01 0.0000000000e+00)
    (2.7611826438e-01 0.0000000000e+00)
    (2.8294267020e-01 0.0000000000e+00)
    (2.9026318406e-01 0.0000000000e+00)
    (2.9812578117e-01 0.0000000000e+00)
    (3.0657780390e-01 0.0000000000e+00)
    (3.1566679772e-01 0.0000000000e+00)
    (3.2543906532e-01 0.0000000000e+00)
    (3.3590884834e-01 0.0000000000e+00)
    (3.4717220621e-01 0.0000000000e+00)
    (3.5923181777e-01 0.0000000000e+00)
    (3.7211011301e-01 0.0000000000e+00)
    (3.8581857835e-01 0.0000000000e+00)
    (4.0035607801e-01 0.0000000000e+00)
    (4.1570758173e-01 0.0000000000e+00)
    (4.3184341715e-01 0.0000000000e+00)
    (4.4871913847e-01 0.0000000000e+00)
    (4.6627605897e-01 0.0000000000e+00)
    (4.8444243519e-01 0.0000000000e+00)
    (5.0313523891e-01 0.0000000000e+00)
    (5.2226241062e-01 0.0000000000e+00)
    (5.4172544282e-01 0.0000000000e+00)
    (5.6142213216e-01 0.0000000000e+00)
    (5.8124933256e-01 0.0000000000e+00)
    (6.0110555710e-01 0.0000000000e+00)
    (6.2089330726e-01 0.0000000000e+00)
    (6.4052103707e-01 0.0000000000e+00)
    (6.5990470387e-01 0.0000000000e+00)
    (6.7896888897e-01 0.0000000000e+00)
    (6.9764750311e-01 0.0000000000e+00)
    (7.1588411412e-01 0.0000000000e+00)
    (7.3358636508e-01 0.0000000000e+00)
    (7.5079956951e-01 0.0000000000e+00)
    (7.6745533679e-01 0.0000000000e+00)
    (7.8353256295e-01 0.0000000000e+00)
    (7.9901751861e-01 0.0000000000e+00)
    (8.1390305888e-01 0.0000000000e+00)
    (8.2818781969e-01 0.0000000000e+00)
    (8.4187543085e-01 0.0000000000e+00)
    (8.5497376287e-01 0.0000000000e+00)
    (8.6749422815e-01 0.0000000000e+00)
    (8.7945114297e-01 0.0000000000e+00)
    (8.9086115759e-01 0.0000000000e+00)
    (9.0174275648e-01 0.0000000000e+00)
    (9.1211582875e-01 0.0000000000e+00)
    (9.2200130648e-01 0.0000000000e+00)
    (9.3142086729e-01 0.0000000000e+00)
    (9.4039669615e-01 0.0000000000e+00)
    (9.4895130096e-01 0.0000000000e+00)
    (9.5710737510e-01 0.0000000000e+00)
    (9.6488770191e-01 0.0000000000e+00)
    (9.7229590192e-01 0.0000000000e+00)
    (9.7938516542e-01 0.0000000000e+00)
    (9.8616492913e-01 0.0000000000e+00)
    (9.9265725317e-01 0.0000000000e+00)
    (9.9888404860e-01 0.0000000000e+00)
    (1.0048670852e+00 0.0000000000e+00)
    (1.0106280054e+00 0.0000000000e+00)
    (1.0161883420e+00 0.0000000000e+00)
    (1.0215695391e+00 0.0000000000e+00)
    (1.0267929757e+00 0.0000000000e+00)
    (1.0318799893e+00 0.0000000000e+00)
    (1.0368231641e+00 0.0000000000e+00)
    (1.0417033534e+00 0.0000000000e+00)
    (1.0465120896e+00 0.0000000000e+00)
    (1.0510868798e+00 0.0000000000e+00)
    (1.0558591901e+00 0.0000000000e+00)
    (1.0606532011e+00 0.0000000000e+00)
    (1.0655074194e+00 0.0000000000e+00)
    (1.0704684867e+00 0.0000000000e+00)
    (1.0751997672e+00 0.0000000000e+00)
    (1.0804337616e+00 0.0000000000e+00)
    (1.0860944535e+00 0.0000000000e+00)
    (1.0921800381e+00 0.0000000000e+00)
    (1.0986620877e+00 0.0000000000e+00)
    (1.1060807526e+00 0.0000000000e+00)
    (1.1144567561e+00 0.0000000000e+00)
    (1.1240549775e+00 0.0000000000e+00)
    (1.1350476809e+00 0.0000000000e+00)
    (1.1481500995e+00 0.0000000000e+00)
    (1.1636258812e+00 0.0000000000e+00)
    (1.1819885899e+00 0.0000000000e+00)
    (1.2038177966e+00 0.0000000000e+00)
    (1.2301634388e+00 0.0000000000e+00)
    (1.2609969543e+00 0.0000000000e+00)
    (1.2973623006e+00 0.0000000000e+00)
    (1.3400043215e+00 0.0000000000e+00)
    (1.3902463429e+00 9.2424632191e-31)
    (1.4476740785e+00 2.1857408053e-30)
    (1.5134371384e+00 4.4781935105e-30)
    (1.5880617826e+00 8.5182938472e-30)
    (1.6719409929e+00 1.5422682890e-29)
    (1.7660607105e+00 1.6911017839e-27)
    (1.8689224005e+00 2.9335184038e-27)
    (1.9811674964e+00 5.0292172935e-27)
    (2.1024762198e+00 8.4703467519e-27)
    (2.2323544675e+00 1.3971768519e-26)
    (2.3723894726e+00 2.5776993293e-26)
    (2.5173051541e+00 4.1334486808e-26)
    (2.6685098823e+00 6.4934686357e-26)
    (2.8251127843e+00 9.9960382329e-26)
    (2.9864403845e+00 1.5216774460e-25)
    (3.1511716903e+00 2.2626036564e-25)
    (3.3187345263e+00 3.3034941364e-25)
    (3.4884072284e+00 4.7408294043e-25)
    (3.6595680228e+00 6.6934575782e-25)
    (3.8329812660e+00 9.3015260570e-25)
    (4.0054036492e+00 1.2752067590e-24)
    (4.1781426573e+00 1.7246809683e-24)
    (4.3510158689e+00 2.3027055290e-24)
    (4.5239369983e+00 3.0370709182e-24)
    (4.6971621121e+00 3.9657456231e-24)
    (4.8701409953e+00 5.1140620732e-24)
    (5.0433978978e+00 6.5269792452e-24)
    (5.2171246267e+00 8.2488148543e-24)
    (5.3915564382e+00 1.0327991446e-23)
    (5.5669629670e+00 1.2816885559e-23)
    (5.7436400435e+00 1.5771533408e-23)
    (5.9219025871e+00 1.9251270334e-23)
    (6.1010979376e+00 2.3299791012e-23)
    (6.2835570479e+00 2.8024200178e-23)
    (6.4679920423e+00 3.3459527899e-23)
    (6.6560078497e+00 3.9691724374e-23)
    (6.8473428104e+00 4.6792982664e-23)
    (7.0423340172e+00 5.4829163569e-23)
    (7.2409465159e+00 6.3853781740e-23)
    (7.4442081970e+00 7.3950063160e-23)
    (7.6521663603e+00 8.5187311245e-23)
    (7.8676105910e+00 9.7879954004e-23)
    (8.0858487204e+00 1.1160992982e-22)
    (8.3098278044e+00 1.2666450485e-22)
    (8.5398932950e+00 1.4309771321e-22)
    (8.7763949131e+00 1.6095908559e-22)
    (9.0196879697e+00 1.8029331296e-22)
    (9.2670974766e+00 2.0082537328e-22)
    (9.5251096885e+00 2.2318783554e-22)
    (9.7910839770e+00 2.4714080532e-22)
    (1.0065371630e+01 2.7268948227e-22)
    (1.0346344593e+01 2.9973289274e-22)
    (1.0638438926e+01 3.2846457340e-22)
    (1.0940187398e+01 3.5883336742e-22)
    (1.1925355136e+01 4.5087771412e-22)
    (1.2308824412e+01 4.9126256973e-22)
    (1.2709276652e+01 5.3364707961e-22)
    (1.3126439691e+01 5.7805140517e-22)
    (1.3561263285e+01 6.2447778329e-22)
    (1.4012493747e+01 6.7263251362e-22)
    (1.4484291915e+01 7.2257246254e-22)
    (1.4973992379e+01 7.7387179733e-22)
    (1.5487666223e+01 8.2719666354e-22)
    (1.6023909695e+01 8.8206449829e-22)
    (1.6583468512e+01 9.3892549522e-22)
    (1.7168941463e+01 9.9655880551e-22)
    (1.7781023451e+01 1.0553917269e-21)
    (1.8422151615e+01 1.1156179572e-21)
    (1.9092649339e+01 1.1765115420e-21)
    (1.9794733945e+01 1.2381932063e-21)
    (2.0530664058e+01 1.3005554704e-21)
    (2.1299508263e+01 1.3631085797e-21)
    (2.2109288431e+01 1.4263454523e-21)
    (2.2959485968e+01 1.4897776073e-21)
    (2.3850104879e+01 1.5532302423e-21)
    (2.4788921536e+01 1.6165340670e-21)
    (2.5776295005e+01 1.6795235256e-21)
    (2.6817698048e+01 1.7422695437e-21)
    (2.7909067436e+01 1.8039978182e-21)
    (2.9061538888e+01 1.8649757033e-21)
    (3.0279874265e+01 1.9252767774e-21)
    (3.1556757395e+01 1.9839700434e-21)
    (3.2908931845e+01 2.0413820450e-21)
    (3.4342348823e+01 2.0978269306e-21)
    (3.5842127009e+01 2.1515934683e-21)
    (3.7437719791e+01 2.2040444372e-21)
    (3.9117090489e+01 2.2539807805e-21)
    (4.0644106575e+01 2.2915632557e-21)
    (4.2796040127e+01 2.3485618325e-21)
    (4.4789131155e+01 2.3916290794e-21)
    (4.6589221150e+01 2.4227700379e-21)
    (4.9179324484e+01 2.4720967814e-21)
    (5.1201199815e+01 2.4976771159e-21)
    (5.4099126670e+01 2.5400947960e-21)
    (5.6778858337e+01 2.5684743341e-21)
    (5.9117854096e+01 2.5839618802e-21)
    (6.2718461942e+01 2.6194054444e-21)
    (6.5410085846e+01 2.6295634519e-21)
    (6.9496742822e+01 2.6573737771e-21)
    (7.3180976752e+01 2.6697114365e-21)
    (7.7182577491e+01 2.6801857859e-21)
    (8.1420085225e+01 2.6864740136e-21)
    (8.6011788405e+01 2.6897539718e-21)
    (9.0867763137e+01 2.6874878587e-21)
    (9.6165388139e+01 2.6834716323e-21)
    (1.0177823578e+02 2.6748234277e-21)
    (1.0792309375e+02 2.6633083357e-21)
    (1.1458604701e+02 2.6480070617e-21)
    (1.2160542734e+02 2.6271564582e-21)
    (1.2939531717e+02 2.6043220932e-21)
    (1.3542361118e+02 2.5695599001e-21)
    (1.4388362195e+02 2.5349519137e-21)
    (1.5371740495e+02 2.5023467954e-21)
    (1.6736124994e+02 2.4737304686e-21)
    (1.7556818514e+02 2.4265552971e-21)
    (1.9180551086e+02 2.3866065265e-21)
    (2.0148427830e+02 2.3322366382e-21)
);
