// alpha_EI_O2_ION_O2 [m^2] (reduced, mole-fraction weighted) vs reducedE [V m^2]; air_plasma [94c490be646f8872], T_gas = 300.000000 K
(
    (0 0.0000000000e+00)
    (1.0000000000e-22 0.0000000000e+00)
    (1.0452754953e-22 0.0000000000e+00)
    (1.0926008611e-22 0.0000000000e+00)
    (1.1420689063e-22 0.0000000000e+00)
    (1.1937766417e-22 0.0000000000e+00)
    (1.2478254705e-22 0.0000000000e+00)
    (1.3043213867e-22 0.0000000000e+00)
    (1.3633751836e-22 0.0000000000e+00)
    (1.4251026703e-22 0.0000000000e+00)
    (1.4896248996e-22 0.0000000000e+00)
    (1.5570684048e-22 0.0000000000e+00)
    (1.6275654480e-22 0.0000000000e+00)
    (1.7012542799e-22 0.0000000000e+00)
    (1.7782794100e-22 0.0000000000e+00)
    (1.8587918911e-22 0.0000000000e+00)
    (1.9429496147e-22 0.0000000000e+00)
    (2.0309176209e-22 0.0000000000e+00)
    (2.1228684221e-22 0.0000000000e+00)
    (2.2189823415e-22 0.0000000000e+00)
    (2.3194478661e-22 0.0000000000e+00)
    (2.4244620171e-22 0.0000000000e+00)
    (2.5342307358e-22 0.0000000000e+00)
    (2.6489692876e-22 0.0000000000e+00)
    (2.7689026842e-22 0.0000000000e+00)
    (2.8942661247e-22 0.0000000000e+00)
    (3.0253054571e-22 0.0000000000e+00)
    (3.1622776602e-22 0.0000000000e+00)
    (3.3054513476e-22 0.0000000000e+00)
    (3.4551072946e-22 0.0000000000e+00)
    (3.6115389887e-22 0.0000000000e+00)
    (3.7750532053e-22 0.0000000000e+00)
    (3.9459706091e-22 0.0000000000e+00)
    (4.1246263829e-22 0.0000000000e+00)
    (4.3113708854e-22 0.0000000000e+00)
    (4.5065703377e-22 0.0000000000e+00)
    (4.7106075420e-22 0.0000000000e+00)
    (4.9238826317e-22 0.0000000000e+00)
    (5.1468138568e-22 0.0000000000e+00)
    (5.3798384034e-22 0.0000000000e+00)
    (5.6234132519e-22 0.0000000000e+00)
    (5.8780160723e-22 0.0000000000e+00)
    (6.1441461614e-22 0.0000000000e+00)
    (6.4223254222e-22 0.0000000000e+00)
    (6.7130993868e-22 0.0000000000e+00)
    (7.0170382867e-22 0.0000000000e+00)
    (7.3347381708e-22 0.0000000000e+00)
    (7.6668220745e-22 0.0000000000e+00)
    (8.0139412415e-22 0.0000000000e+00)
    (8.3767764007e-22 0.0000000000e+00)
    (8.7560391014e-22 0.0000000000e+00)
    (9.1524731088e-22 0.0000000000e+00)
    (9.5668558622e-22 0.0000000000e+00)
    (1.0000000000e-21 0.0000000000e+00)
    (1.0452754953e-21 0.0000000000e+00)
    (1.0926008611e-21 0.0000000000e+00)
    (1.1420689063e-21 0.0000000000e+00)
    (1.1937766417e-21 0.0000000000e+00)
    (1.2478254705e-21 0.0000000000e+00)
    (1.3043213867e-21 0.0000000000e+00)
    (1.3633751836e-21 0.0000000000e+00)
    (1.4251026703e-21 0.0000000000e+00)
    (1.4896248996e-21 0.0000000000e+00)
    (1.5570684048e-21 0.0000000000e+00)
    (1.6275654480e-21 0.0000000000e+00)
    (1.7012542799e-21 0.0000000000e+00)
    (1.7782794100e-21 0.0000000000e+00)
    (1.8587918911e-21 0.0000000000e+00)
    (1.9429496147e-21 0.0000000000e+00)
    (2.0309176209e-21 0.0000000000e+00)
    (2.1228684221e-21 0.0000000000e+00)
    (2.2189823415e-21 0.0000000000e+00)
    (2.3194478661e-21 0.0000000000e+00)
    (2.4244620171e-21 0.0000000000e+00)
    (2.5342307358e-21 0.0000000000e+00)
    (2.6489692876e-21 0.0000000000e+00)
    (2.7689026842e-21 0.0000000000e+00)
    (2.8942661247e-21 0.0000000000e+00)
    (3.0253054571e-21 0.0000000000e+00)
    (3.1622776602e-21 0.0000000000e+00)
    (3.3054513476e-21 0.0000000000e+00)
    (3.4551072946e-21 0.0000000000e+00)
    (3.6115389887e-21 0.0000000000e+00)
    (3.7750532053e-21 0.0000000000e+00)
    (3.9459706091e-21 0.0000000000e+00)
    (4.1246263829e-21 0.0000000000e+00)
    (4.3113708854e-21 0.0000000000e+00)
    (4.5065703377e-21 0.0000000000e+00)
    (4.7106075420e-21 0.0000000000e+00)
    (4.9238826317e-21 0.0000000000e+00)
    (5.1468138568e-21 0.0000000000e+00)
    (5.3798384034e-21 0.0000000000e+00)
    (5.6234132519e-21 0.0000000000e+00)
    (5.8780160723e-21 0.0000000000e+00)
    (6.1441461614e-21 0.0000000000e+00)
    (6.4223254222e-21 0.0000000000e+00)
    (6.7130993868e-21 0.0000000000e+00)
    (7.0170382867e-21 0.0000000000e+00)
    (7.3347381708e-21 0.0000000000e+00)
    (7.6668220745e-21 0.0000000000e+00)
    (8.0139412415e-21 0.0000000000e+00)
    (8.3767764007e-21 0.0000000000e+00)
    (8.7560391014e-21 0.0000000000e+00)
    (9.1524731088e-21 0.0000000000e+00)
    (9.5668558622e-21 0.0000000000e+00)
    (1.0000000000e-20 0.0000000000e+00)
    (1.0452754953e-20 0.0000000000e+00)
    (1.0926008611e-20 0.0000000000e+00)
    (1.1420689063e-20 0.0000000000e+00)
    (1.1937766417e-20 0.0000000000e+00)
    (1.2478254705e-20 0.0000000000e+00)
    (1.3043213867e-20 0.0000000000e+00)
    (1.3633751836e-20 0.0000000000e+00)
    (1.4251026703e-20 0.0000000000e+00)
    (1.4896248996e-20 0.0000000000e+00)
    (1.5570684048e-20 0.0000000000e+00)
    (1.6275654480e-20 0.0000000000e+00)
    (1.7012542799e-20 0.0000000000e+00)
    (1.7782794100e-20 0.0000000000e+00)
    (1.8587918911e-20 0.0000000000e+00)
    (1.9429496147e-20 0.0000000000e+00)
    (2.0309176209e-20 0.0000000000e+00)
    (2.1228684221e-20 0.0000000000e+00)
    (2.2189823415e-20 0.0000000000e+00)
    (2.3194478661e-20 0.0000000000e+00)
    (2.4244620171e-20 0.0000000000e+00)
    (2.5342307358e-20 0.0000000000e+00)
    (2.6489692876e-20 0.0000000000e+00)
    (2.7689026842e-20 0.0000000000e+00)
    (2.8942661247e-20 0.0000000000e+00)
    (3.0253054571e-20 0.0000000000e+00)
    (3.1622776602e-20 0.0000000000e+00)
    (3.3054513476e-20 3.7926881808e-29)
    (3.4551072946e-20 7.2929062922e-29)
    (3.6115389887e-20 1.3589574773e-28)
    (3.7750532053e-20 2.4602527067e-28)
    (3.9459706091e-20 1.9120849374e-27)
    (4.1246263829e-20 3.4873199355e-27)
    (4.3113708854e-20 6.1861938951e-27)
    (4.5065703377e-20 1.0694972106e-26)
    (4.7106075420e-20 1.8044165825e-26)
    (4.9238826317e-20 3.2297848077e-26)
    (5.1468138568e-20 5.2709345480e-26)
    (5.3798384034e-20 8.4253592982e-26)
    (5.6234132519e-20 1.3200858618e-25)
    (5.8780160723e-20 2.0476055925e-25)
    (6.1441461614e-20 3.0956793825e-25)
    (6.4223254222e-20 4.5972316732e-25)
    (6.7130993868e-20 6.7100976041e-25)
    (7.0170382867e-20 9.6314243474e-25)
    (7.3347381708e-20 1.3656049573e-24)
    (7.6668220745e-20 1.8987898726e-24)
    (8.0139412415e-20 2.6012833126e-24)
    (8.3767764007e-20 3.5130056680e-24)
    (8.7560391014e-20 4.6792724515e-24)
    (9.1524731088e-20 6.1691270213e-24)
    (9.5668558622e-20 8.0061933467e-24)
    (1.0000000000e-19 1.0266392046e-23)
    (1.0452754953e-19 1.3015292866e-23)
    (1.0926008611e-19 1.6339239487e-23)
    (1.1420689063e-19 2.0282725617e-23)
    (1.1937766417e-19 2.4936802388e-23)
    (1.2478254705e-19 3.0382514677e-23)
    (1.3043213867e-19 3.6704154691e-23)
    (1.3633751836e-19 4.3994158351e-23)
    (1.4251026703e-19 5.2327098669e-23)
    (1.4896248996e-19 6.1807913866e-23)
    (1.5570684048e-19 7.2533603365e-23)
    (1.6275654480e-19 8.4604008054e-23)
    (1.7012542799e-19 9.8189127603e-23)
    (1.7782794100e-19 1.1326149296e-22)
    (1.8587918911e-19 1.2999507411e-22)
    (1.9429496147e-19 1.4850006040e-22)
    (2.0309176209e-19 1.6888836970e-22)
    (2.1228684221e-19 1.9127323886e-22)
    (2.2189823415e-19 2.1576859738e-22)
    (2.3194478661e-19 2.4248849993e-22)
    (2.4244620171e-19 2.7140072194e-22)
    (2.5342307358e-19 3.0291587697e-22)
    (2.6489692876e-19 3.3694489046e-22)
    (2.7689026842e-19 3.7369546997e-22)
    (2.8942661247e-19 4.1326610486e-22)
    (3.0253054571e-19 4.5574988254e-22)
    (3.1622776602e-19 5.0115648519e-22)
    (3.3054513476e-19 5.4971682219e-22)
    (3.4551072946e-19 6.0150536145e-22)
    (3.6115389887e-19 6.5784865815e-22)
    (3.7750532053e-19 7.1644913671e-22)
    (3.9459706091e-19 7.7856837873e-22)
    (4.1246263829e-19 8.4429915041e-22)
    (4.3113708854e-19 9.1373164879e-22)
    (4.5065703377e-19 9.8695354804e-22)
    (4.7106075420e-19 1.0626593663e-21)
    (4.9238826317e-19 1.1436052519e-21)
    (5.1468138568e-19 1.2286450752e-21)
    (5.3798384034e-19 1.3177860792e-21)
    (5.6234132519e-19 1.4106158463e-21)
    (5.8780160723e-19 1.5079558828e-21)
    (6.1441461614e-19 1.6096272737e-21)
    (6.4223254222e-19 1.9137815889e-21)
    (6.7130993868e-19 2.0448059747e-21)
    (7.0170382867e-19 2.1816013313e-21)
    (7.3347381708e-19 2.3244120035e-21)
    (7.6668220745e-19 2.4734512381e-21)
    (8.0139412415e-19 2.6278154872e-21)
    (8.3767764007e-19 2.7879463904e-21)
    (8.7560391014e-19 2.9524980923e-21)
    (9.1524731088e-19 3.1242799172e-21)
    (9.5668558622e-19 3.3017150644e-21)
    (1.0000000000e-18 3.4868270853e-21)
    (1.0452754953e-18 3.6752224997e-21)
    (1.0926008611e-18 3.8688504539e-21)
    (1.1420689063e-18 4.0687801549e-21)
    (1.1937766417e-18 4.2724932714e-21)
    (1.2478254705e-18 4.4807603492e-21)
    (1.3043213867e-18 4.6934612033e-21)
    (1.3633751836e-18 4.9091878688e-21)
    (1.4251026703e-18 5.1296881933e-21)
    (1.4896248996e-18 5.3535360802e-21)
    (1.5570684048e-18 5.5804110197e-21)
    (1.6275654480e-18 5.8095959558e-21)
    (1.7012542799e-18 6.0407635638e-21)
    (1.7782794100e-18 6.2743592514e-21)
    (1.8587918911e-18 6.5075127635e-21)
    (1.9429496147e-18 6.7412749262e-21)
    (2.0309176209e-18 6.9760654650e-21)
    (2.1228684221e-18 7.2082594809e-21)
    (2.2189823415e-18 7.4391286418e-21)
    (2.3194478661e-18 7.6698939063e-21)
    (2.4244620171e-18 7.8937532997e-21)
    (2.5342307358e-18 8.1159946662e-21)
    (2.6489692876e-18 8.3318733148e-21)
    (2.7689026842e-18 8.5005447677e-21)
    (2.8942661247e-18 8.7522557330e-21)
    (3.0253054571e-18 8.9503448667e-21)
    (3.1622776602e-18 9.1021258634e-21)
    (3.3054513476e-18 9.3320765137e-21)
    (3.4551072946e-18 9.4664329833e-21)
    (3.6115389887e-18 9.6735942886e-21)
    (3.7750532053e-18 9.8250020775e-21)
    (3.9459706091e-18 9.9238243816e-21)
    (4.1246263829e-18 1.0108836564e-20)
    (4.3113708854e-18 1.0188991644e-20)
    (4.5065703377e-18 1.0345587685e-20)
    (4.7106075420e-18 1.0438171574e-20)
    (4.9238826317e-18 1.0523825227e-20)
    (5.1468138568e-18 1.0592836436e-20)
    (5.3798384034e-18 1.0649521676e-20)
    (5.6234132519e-18 1.0683296925e-20)
    (5.8780160723e-18 1.0709603273e-20)
    (6.1441461614e-18 1.0716096073e-20)
    (6.4223254222e-18 1.0710304357e-20)
    (6.7130993868e-18 1.0688010142e-20)
    (7.0170382867e-18 1.0641436026e-20)
    (7.3347381708e-18 1.0585642583e-20)
    (7.6668220745e-18 1.0477073061e-20)
    (8.0139412415e-18 1.0369205852e-20)
    (8.3767764007e-18 1.0268407675e-20)
    (8.7560391014e-18 1.0184169083e-20)
    (9.1524731088e-18 1.0017653199e-20)
    (9.5668558622e-18 9.8814816439e-21)
    (1.0000000000e-17 9.6812938754e-21)
);
