// alpha_EI_N2_ION_N2 [m^2] vs mean energy [eV]; air_plasma [94c490be646f8872], T_gas = 300.000000 K
(
    (0 0.0000000000e+00)
    (1.3716749438e-01 0.0000000000e+00)
    (1.4076979314e-01 0.0000000000e+00)
    (1.4397604008e-01 0.0000000000e+00)
    (1.4684113805e-01 0.0000000000e+00)
    (1.4941204783e-01 0.0000000000e+00)
    (1.5172864004e-01 0.0000000000e+00)
    (1.5382482203e-01 0.0000000000e+00)
    (1.5572964088e-01 0.0000000000e+00)
    (1.5746824649e-01 0.0000000000e+00)
    (1.5906268561e-01 0.0000000000e+00)
    (1.6040186980e-01 0.0000000000e+00)
    (1.6189539494e-01 0.0000000000e+00)
    (1.6316727128e-01 0.0000000000e+00)
    (1.6436286366e-01 0.0000000000e+00)
    (1.6549578572e-01 0.0000000000e+00)
    (1.6657873020e-01 0.0000000000e+00)
    (1.6762359287e-01 0.0000000000e+00)
    (1.6865359887e-01 0.0000000000e+00)
    (1.6965539117e-01 0.0000000000e+00)
    (1.7065096866e-01 0.0000000000e+00)
    (1.7163702901e-01 0.0000000000e+00)
    (1.7264762429e-01 0.0000000000e+00)
    (1.7367878080e-01 0.0000000000e+00)
    (1.7473849913e-01 0.0000000000e+00)
    (1.7583432821e-01 0.0000000000e+00)
    (1.7697337833e-01 0.0000000000e+00)
    (1.7816233417e-01 0.0000000000e+00)
    (1.7940746844e-01 0.0000000000e+00)
    (1.8071465956e-01 0.0000000000e+00)
    (1.8208941158e-01 0.0000000000e+00)
    (1.8353687952e-01 0.0000000000e+00)
    (1.8506190021e-01 0.0000000000e+00)
    (1.8666902928e-01 0.0000000000e+00)
    (1.8836258474e-01 0.0000000000e+00)
    (1.9014669747e-01 0.0000000000e+00)
    (1.9202536831e-01 0.0000000000e+00)
    (1.9400253175e-01 0.0000000000e+00)
    (1.9608212573e-01 0.0000000000e+00)
    (1.9826816696e-01 0.0000000000e+00)
    (2.0056483136e-01 0.0000000000e+00)
    (2.0297653896e-01 0.0000000000e+00)
    (2.0550804255e-01 0.0000000000e+00)
    (2.0816451961e-01 0.0000000000e+00)
    (2.1095166654e-01 0.0000000000e+00)
    (2.1387579417e-01 0.0000000000e+00)
    (2.1694256551e-01 0.0000000000e+00)
    (2.2014788174e-01 0.0000000000e+00)
    (2.2353446165e-01 0.0000000000e+00)
    (2.2709477487e-01 0.0000000000e+00)
    (2.3084127841e-01 0.0000000000e+00)
    (2.3479833990e-01 0.0000000000e+00)
    (2.3896131204e-01 0.0000000000e+00)
    (2.4336011410e-01 0.0000000000e+00)
    (2.4801612280e-01 0.0000000000e+00)
    (2.5295360836e-01 0.0000000000e+00)
    (2.5819915170e-01 0.0000000000e+00)
    (2.6378576428e-01 0.0000000000e+00)
    (2.6974626976e-01 0.0000000000e+00)
    (2.7611829297e-01 0.0000000000e+00)
    (2.8294269841e-01 0.0000000000e+00)
    (2.9026321198e-01 0.0000000000e+00)
    (2.9812580887e-01 0.0000000000e+00)
    (3.0657783145e-01 0.0000000000e+00)
    (3.1566682518e-01 0.0000000000e+00)
    (3.2543909275e-01 0.0000000000e+00)
    (3.3590887576e-01 0.0000000000e+00)
    (3.4717223366e-01 0.0000000000e+00)
    (3.5923184525e-01 0.0000000000e+00)
    (3.7211014051e-01 0.0000000000e+00)
    (3.8581860584e-01 0.0000000000e+00)
    (4.0035610545e-01 0.0000000000e+00)
    (4.1570760906e-01 0.0000000000e+00)
    (4.3184344429e-01 0.0000000000e+00)
    (4.4871916534e-01 0.0000000000e+00)
    (4.6627608546e-01 0.0000000000e+00)
    (4.8444246122e-01 0.0000000000e+00)
    (5.0313526437e-01 0.0000000000e+00)
    (5.2226243543e-01 0.0000000000e+00)
    (5.4172546688e-01 0.0000000000e+00)
    (5.6142215538e-01 0.0000000000e+00)
    (5.8124935489e-01 0.0000000000e+00)
    (6.0110557847e-01 0.0000000000e+00)
    (6.2089332763e-01 0.0000000000e+00)
    (6.4052105642e-01 0.0000000000e+00)
    (6.5990472218e-01 0.0000000000e+00)
    (6.7896890624e-01 0.0000000000e+00)
    (6.9764751934e-01 0.0000000000e+00)
    (7.1588412933e-01 0.0000000000e+00)
    (7.3358637930e-01 0.0000000000e+00)
    (7.5079958278e-01 0.0000000000e+00)
    (7.6745534914e-01 0.0000000000e+00)
    (7.8353257443e-01 0.0000000000e+00)
    (7.9901752925e-01 0.0000000000e+00)
    (8.1390306874e-01 0.0000000000e+00)
    (8.2818782881e-01 0.0000000000e+00)
    (8.4187543928e-01 0.0000000000e+00)
    (8.5497377065e-01 0.0000000000e+00)
    (8.6749423532e-01 0.0000000000e+00)
    (8.7945114959e-01 0.0000000000e+00)
    (8.9086116369e-01 0.0000000000e+00)
    (9.0174276209e-01 0.0000000000e+00)
    (9.1211583392e-01 0.0000000000e+00)
    (9.2200131124e-01 0.0000000000e+00)
    (9.3142087166e-01 0.0000000000e+00)
    (9.4039670018e-01 0.0000000000e+00)
    (9.4895130466e-01 0.0000000000e+00)
    (9.5710737851e-01 0.0000000000e+00)
    (9.6488770504e-01 0.0000000000e+00)
    (9.7229590480e-01 0.0000000000e+00)
    (9.7938516806e-01 0.0000000000e+00)
    (9.8616493157e-01 0.0000000000e+00)
    (9.9265725541e-01 0.0000000000e+00)
    (9.9888405066e-01 0.0000000000e+00)
    (1.0048670871e+00 0.0000000000e+00)
    (1.0106280072e+00 0.0000000000e+00)
    (1.0161883436e+00 0.0000000000e+00)
    (1.0215695406e+00 0.0000000000e+00)
    (1.0267929771e+00 0.0000000000e+00)
    (1.0318799906e+00 0.0000000000e+00)
    (1.0368231653e+00 0.0000000000e+00)
    (1.0417033545e+00 0.0000000000e+00)
    (1.0465120906e+00 0.0000000000e+00)
    (1.0510868807e+00 0.0000000000e+00)
    (1.0558591909e+00 0.0000000000e+00)
    (1.0606532018e+00 0.0000000000e+00)
    (1.0655074201e+00 0.0000000000e+00)
    (1.0704684874e+00 0.0000000000e+00)
    (1.0751997678e+00 0.0000000000e+00)
    (1.0804337622e+00 0.0000000000e+00)
    (1.0860944541e+00 0.0000000000e+00)
    (1.0921800386e+00 0.0000000000e+00)
    (1.0986620881e+00 0.0000000000e+00)
    (1.1060807530e+00 0.0000000000e+00)
    (1.1144567565e+00 0.0000000000e+00)
    (1.1240549778e+00 0.0000000000e+00)
    (1.1350476813e+00 0.0000000000e+00)
    (1.1481500998e+00 0.0000000000e+00)
    (1.1636258816e+00 0.0000000000e+00)
    (1.1819885903e+00 0.0000000000e+00)
    (1.2038177970e+00 0.0000000000e+00)
    (1.2301634392e+00 8.0804892765e-28)
    (1.2609969547e+00 1.5752447402e-27)
    (1.2973623011e+00 2.9512481263e-27)
    (1.3400043219e+00 5.3465547977e-27)
    (1.3902463434e+00 1.9796819623e-26)
    (1.4476740790e+00 3.6160907652e-26)
    (1.5134371389e+00 6.3746876885e-26)
    (1.5880617832e+00 1.0903215762e-25)
    (1.6719409936e+00 1.8147258638e-25)
    (1.7660607111e+00 3.1887921251e-25)
    (1.8689224012e+00 5.0821873010e-25)
    (1.9811674971e+00 7.9407163927e-25)
    (2.1024762205e+00 1.2165785465e-24)
    (2.2323544682e+00 1.8283624782e-24)
    (2.3723894733e+00 2.7238173394e-24)
    (2.5173051548e+00 3.9539969783e-24)
    (2.6685098830e+00 5.6436013442e-24)
    (2.8251127850e+00 7.9258319288e-24)
    (2.9864403851e+00 1.0977034911e-23)
    (3.1511716909e+00 1.4966509615e-23)
    (3.3187345269e+00 2.0123590788e-23)
    (3.4884072290e+00 2.6703272766e-23)
    (3.6595680233e+00 3.4995162334e-23)
    (3.8329812664e+00 4.5321629274e-23)
    (4.0054036496e+00 5.8048657214e-23)
    (4.1781426577e+00 7.3580142083e-23)
    (4.3510158693e+00 9.2354914700e-23)
    (4.5239369987e+00 1.1484830014e-22)
    (4.6971621124e+00 1.4169224090e-22)
    (4.8701409956e+00 1.7320314134e-22)
    (5.0433978981e+00 2.1006982652e-22)
    (5.2171246269e+00 2.5289974165e-22)
    (5.3915564385e+00 3.0232575073e-22)
    (5.5669629672e+00 3.5900203820e-22)
    (5.7436400437e+00 4.2359878284e-22)
    (5.9219025873e+00 4.9679668196e-22)
    (6.1010979378e+00 5.7887186870e-22)
    (6.2835570480e+00 6.7133698713e-22)
    (6.4679920424e+00 7.7430930714e-22)
    (6.6560078498e+00 8.8871804394e-22)
    (6.8473428105e+00 1.0152212561e-21)
    (7.0423340173e+00 1.1543964732e-21)
    (7.2409465160e+00 1.3065791493e-21)
    (7.4442081971e+00 1.4726475528e-21)
    (7.6521663603e+00 1.6531099663e-21)
    (7.8676105911e+00 1.8523309964e-21)
    (8.0858487204e+00 2.0632823387e-21)
    (8.3098278045e+00 2.2899879068e-21)
    (8.5398932951e+00 2.5328160304e-21)
    (8.7763949131e+00 2.7920890694e-21)
    (9.0196879697e+00 3.0680837300e-21)
    (9.2670974767e+00 3.3564194525e-21)
    (9.5251096886e+00 3.6661141016e-21)
    (9.7910839770e+00 3.9932959527e-21)
    (1.0065371630e+01 4.3378279167e-21)
    (1.0346344593e+01 4.6981136167e-21)
    (1.0638438926e+01 5.0767324318e-21)
    (1.0940187398e+01 5.4728410341e-21)
    (1.1925355136e+01 6.6573882880e-21)
    (1.2308824412e+01 7.1676913906e-21)
    (1.2709276652e+01 7.6994002586e-21)
    (1.3126439691e+01 8.2528726939e-21)
    (1.3561263285e+01 8.8283702776e-21)
    (1.4012493747e+01 9.4222162885e-21)
    (1.4484291915e+01 1.0035468390e-20)
    (1.4973992379e+01 1.0662537339e-20)
    (1.5487666223e+01 1.1313388928e-20)
    (1.6023909695e+01 1.1981659174e-20)
    (1.6583468512e+01 1.2673857927e-20)
    (1.7168941463e+01 1.3374160666e-20)
    (1.7781023452e+01 1.4088859771e-20)
    (1.8422151615e+01 1.4820968210e-20)
    (1.9092649339e+01 1.5561627679e-20)
    (1.9794733945e+01 1.6312903888e-20)
    (2.0530664058e+01 1.7073926226e-20)
    (2.1299508263e+01 1.7838844938e-20)
    (2.2109288431e+01 1.8614569489e-20)
    (2.2959485968e+01 1.9395204128e-20)
    (2.3850104879e+01 2.0178985396e-20)
    (2.4788921536e+01 2.0963983359e-20)
    (2.5776295005e+01 2.1748477092e-20)
    (2.6817698048e+01 2.2533743057e-20)
    (2.7909067436e+01 2.3309876228e-20)
    (2.9061538888e+01 2.4080689282e-20)
    (3.0279874265e+01 2.4847309291e-20)
    (3.1556757395e+01 2.5597685539e-20)
    (3.2908931845e+01 2.6336089490e-20)
    (3.4342348823e+01 2.7066713811e-20)
    (3.5842127009e+01 2.7767034282e-20)
    (3.7437719791e+01 2.8454920594e-20)
    (3.9117090489e+01 2.9114481689e-20)
    (4.0644106575e+01 2.9614998756e-20)
    (4.2796040127e+01 3.0377306177e-20)
    (4.4789131155e+01 3.0959345946e-20)
    (4.6589221150e+01 3.1387333394e-20)
    (4.9179324484e+01 3.2059936318e-20)
    (5.1201199815e+01 3.2421373410e-20)
    (5.4099126670e+01 3.3008864215e-20)
    (5.6778858337e+01 3.3413264326e-20)
    (5.9117854096e+01 3.3648469095e-20)
    (6.2718461942e+01 3.4150509373e-20)
    (6.5410085846e+01 3.4318960275e-20)
    (6.9496742822e+01 3.4722297662e-20)
    (7.3180976752e+01 3.4921416800e-20)
    (7.7182577491e+01 3.5096155672e-20)
    (8.1420085225e+01 3.5215692764e-20)
    (8.6011788405e+01 3.5294735357e-20)
    (9.0867763137e+01 3.5299735307e-20)
    (9.6165388139e+01 3.5280464252e-20)
    (1.0177823578e+02 3.5198653473e-20)
    (1.0792309375e+02 3.5077439941e-20)
    (1.1458604701e+02 3.4904605704e-20)
    (1.2160542734e+02 3.4656626109e-20)
    (1.2939531717e+02 3.4380817265e-20)
    (1.3542361118e+02 3.3943725522e-20)
    (1.4388362195e+02 3.3506150426e-20)
    (1.5371740495e+02 3.3095404372e-20)
    (1.6736124994e+02 3.2744857785e-20)
    (1.7556818514e+02 3.2132508540e-20)
    (1.9180551086e+02 3.1635789345e-20)
    (2.0148427830e+02 3.0922245815e-20)
);
