// DEpsN vs reducedE [V m^2]; air_plasma [94c490be646f8872], T_gas = 300.000000 K
(
    (0 1.2531315991e+24)
    (1.0000000000e-22 1.2531315991e+24)
    (1.0452754953e-22 1.2550423525e+24)
    (1.0926008611e-22 1.2567882996e+24)
    (1.1420689063e-22 1.2583997114e+24)
    (1.1937766417e-22 1.2599006931e+24)
    (1.2478254705e-22 1.2613107655e+24)
    (1.3043213867e-22 1.2626460835e+24)
    (1.3633751836e-22 1.2639203414e+24)
    (1.4251026703e-22 1.2651454310e+24)
    (1.4896248996e-22 1.2663319122e+24)
    (1.5570684048e-22 1.2676990382e+24)
    (1.6275654480e-22 1.2686265216e+24)
    (1.7012542799e-22 1.2697516279e+24)
    (1.7782794100e-22 1.2708723530e+24)
    (1.8587918911e-22 1.2719959661e+24)
    (1.9429496147e-22 1.2731293700e+24)
    (2.0309176209e-22 1.2742791390e+24)
    (2.1228684221e-22 1.2754932870e+24)
    (2.2189823415e-22 1.2766949761e+24)
    (2.3194478661e-22 1.2779317424e+24)
    (2.4244620171e-22 1.2792908848e+24)
    (2.5342307358e-22 1.2806095847e+24)
    (2.6489692876e-22 1.2819795245e+24)
    (2.7689026842e-22 1.2834058645e+24)
    (2.8942661247e-22 1.2848936629e+24)
    (3.0253054571e-22 1.2864479041e+24)
    (3.1622776602e-22 1.2880735311e+24)
    (3.3054513476e-22 1.2897754775e+24)
    (3.4551072946e-22 1.2915587115e+24)
    (3.6115389887e-22 1.2934282783e+24)
    (3.7750532053e-22 1.2953893513e+24)
    (3.9459706091e-22 1.2974472901e+24)
    (4.1246263829e-22 1.2996077051e+24)
    (4.3113708854e-22 1.3018765298e+24)
    (4.5065703377e-22 1.3042601010e+24)
    (4.7106075420e-22 1.3067652475e+24)
    (4.9238826317e-22 1.3093993871e+24)
    (5.1468138568e-22 1.3121706324e+24)
    (5.3798384034e-22 1.3150879057e+24)
    (5.6234132519e-22 1.3181610626e+24)
    (5.8780160723e-22 1.3214010244e+24)
    (6.1441461614e-22 1.3248199175e+24)
    (6.4223254222e-22 1.3284312174e+24)
    (6.7130993868e-22 1.3322498937e+24)
    (7.0170382867e-22 1.3362925487e+24)
    (7.3347381708e-22 1.3406100326e+24)
    (7.6668220745e-22 1.3451620658e+24)
    (8.0139412415e-22 1.3500232025e+24)
    (8.3767764007e-22 1.3552086842e+24)
    (8.7560391014e-22 1.3607513418e+24)
    (9.1524731088e-22 1.3667311740e+24)
    (9.5668558622e-22 1.3731044004e+24)
    (1.0000000000e-21 1.3799604604e+24)
    (1.0452754953e-21 1.3873504224e+24)
    (1.0926008611e-21 1.3953298314e+24)
    (1.1420689063e-21 1.4039859728e+24)
    (1.1937766417e-21 1.4133258573e+24)
    (1.2478254705e-21 1.4234411811e+24)
    (1.3043213867e-21 1.4343951145e+24)
    (1.3633751836e-21 1.4462474476e+24)
    (1.4251026703e-21 1.4590513328e+24)
    (1.4896248996e-21 1.4728495830e+24)
    (1.5570684048e-21 1.4876706959e+24)
    (1.6275654480e-21 1.5035248983e+24)
    (1.7012542799e-21 1.5204005504e+24)
    (1.7782794100e-21 1.5382437651e+24)
    (1.8587918911e-21 1.5570249272e+24)
    (1.9429496147e-21 1.5766379360e+24)
    (2.0309176209e-21 1.5969673397e+24)
    (2.1228684221e-21 1.6178751319e+24)
    (2.2189823415e-21 1.6392052188e+24)
    (2.3194478661e-21 1.6607890570e+24)
    (2.4244620171e-21 1.6824519800e+24)
    (2.5342307358e-21 1.7040196993e+24)
    (2.6489692876e-21 1.7253244498e+24)
    (2.7689026842e-21 1.7462103412e+24)
    (2.8942661247e-21 1.7665375984e+24)
    (3.0253054571e-21 1.7861855288e+24)
    (3.1622776602e-21 1.8050541873e+24)
    (3.3054513476e-21 1.8230648436e+24)
    (3.4551072946e-21 1.8401594356e+24)
    (3.6115389887e-21 1.8562992358e+24)
    (3.7750532053e-21 1.8714629734e+24)
    (3.9459706091e-21 1.8856446347e+24)
    (4.1246263829e-21 1.8988511311e+24)
    (4.3113708854e-21 1.9110999882e+24)
    (4.5065703377e-21 1.9224171583e+24)
    (4.7106075420e-21 1.9328350302e+24)
    (4.9238826317e-21 1.9423839687e+24)
    (5.1468138568e-21 1.9511177805e+24)
    (5.3798384034e-21 1.9590720470e+24)
    (5.6234132519e-21 1.9662897861e+24)
    (5.8780160723e-21 1.9728140373e+24)
    (6.1441461614e-21 1.9786871979e+24)
    (6.4223254222e-21 1.9839505096e+24)
    (6.7130993868e-21 1.9886436741e+24)
    (7.0170382867e-21 1.9928045723e+24)
    (7.3347381708e-21 1.9964690711e+24)
    (7.6668220745e-21 1.9996708991e+24)
    (8.0139412415e-21 2.0024415777e+24)
    (8.3767764007e-21 2.0048103952e+24)
    (8.7560391014e-21 2.0068044154e+24)
    (9.1524731088e-21 2.0084485115e+24)
    (9.5668558622e-21 2.0097654199e+24)
    (1.0000000000e-20 2.0107758076e+24)
    (1.0452754953e-20 2.0114983494e+24)
    (1.0926008611e-20 2.0119498120e+24)
    (1.1420689063e-20 2.0121451417e+24)
    (1.1937766417e-20 2.0120937126e+24)
    (1.2478254705e-20 2.0118136243e+24)
    (1.3043213867e-20 2.0113121143e+24)
    (1.3633751836e-20 2.0105976642e+24)
    (1.4251026703e-20 2.0096773539e+24)
    (1.4896248996e-20 2.0085569391e+24)
    (1.5570684048e-20 2.0072409253e+24)
    (1.6275654480e-20 2.0057326390e+24)
    (1.7012542799e-20 2.0040342961e+24)
    (1.7782794100e-20 2.0021470677e+24)
    (1.8587918911e-20 2.0000711439e+24)
    (1.9429496147e-20 1.9978684357e+24)
    (2.0309176209e-20 1.9954125717e+24)
    (2.1228684221e-20 1.9927632071e+24)
    (2.2189823415e-20 1.9899855132e+24)
    (2.3194478661e-20 1.9870328514e+24)
    (2.4244620171e-20 1.9839425117e+24)
    (2.5342307358e-20 1.9807498354e+24)
    (2.6489692876e-20 1.9775095835e+24)
    (2.7689026842e-20 1.9742358084e+24)
    (2.8942661247e-20 1.9716780438e+24)
    (3.0253054571e-20 1.9690026956e+24)
    (3.1622776602e-20 1.9669180694e+24)
    (3.3054513476e-20 1.9656598555e+24)
    (3.4551072946e-20 1.9659153900e+24)
    (3.6115389887e-20 1.9680963018e+24)
    (3.7750532053e-20 1.9728975245e+24)
    (3.9459706091e-20 1.9814921403e+24)
    (4.1246263829e-20 1.9942877330e+24)
    (4.3113708854e-20 2.0126741855e+24)
    (4.5065703377e-20 2.0378781011e+24)
    (4.7106075420e-20 2.0711728982e+24)
    (4.9238826317e-20 2.1155907029e+24)
    (5.1468138568e-20 2.1688524906e+24)
    (5.3798384034e-20 2.2334198555e+24)
    (5.6234132519e-20 2.3098087206e+24)
    (5.8780160723e-20 2.3991738556e+24)
    (6.1441461614e-20 2.4989916313e+24)
    (6.4223254222e-20 2.6093355458e+24)
    (6.7130993868e-20 2.7288346694e+24)
    (7.0170382867e-20 2.8557667899e+24)
    (7.3347381708e-20 2.9914580704e+24)
    (7.6668220745e-20 3.1270512032e+24)
    (8.0139412415e-20 3.2641702341e+24)
    (8.3767764007e-20 3.4010627019e+24)
    (8.7560391014e-20 3.5362330236e+24)
    (9.1524731088e-20 3.6708781600e+24)
    (9.5668558622e-20 3.7990371951e+24)
    (1.0000000000e-19 3.9228105206e+24)
    (1.0452754953e-19 4.0418622826e+24)
    (1.0926008611e-19 4.1561986806e+24)
    (1.1420689063e-19 4.2655728048e+24)
    (1.1937766417e-19 4.3703507755e+24)
    (1.2478254705e-19 4.4708101922e+24)
    (1.3043213867e-19 4.5672935741e+24)
    (1.3633751836e-19 4.6611230497e+24)
    (1.4251026703e-19 4.7506676433e+24)
    (1.4896248996e-19 4.8374672192e+24)
    (1.5570684048e-19 4.9219303163e+24)
    (1.6275654480e-19 5.0044574790e+24)
    (1.7012542799e-19 5.0856246081e+24)
    (1.7782794100e-19 5.1653936067e+24)
    (1.8587918911e-19 5.2443558861e+24)
    (1.9429496147e-19 5.3228507427e+24)
    (2.0309176209e-19 5.4012006290e+24)
    (2.1228684221e-19 5.4797112800e+24)
    (2.2189823415e-19 5.5586717482e+24)
    (2.3194478661e-19 5.6383545409e+24)
    (2.4244620171e-19 5.7193561232e+24)
    (2.5342307358e-19 5.8012553420e+24)
    (2.6489692876e-19 5.8842524675e+24)
    (2.7689026842e-19 5.9693132700e+24)
    (2.8942661247e-19 6.0563063241e+24)
    (3.0253054571e-19 6.1454072237e+24)
    (3.1622776602e-19 6.2373762167e+24)
    (3.3054513476e-19 6.3311549007e+24)
    (3.4551072946e-19 6.4275766327e+24)
    (3.6115389887e-19 6.5270151365e+24)
    (3.7750532053e-19 6.6292561875e+24)
    (3.9459706091e-19 6.7345901564e+24)
    (4.1246263829e-19 6.8431527894e+24)
    (4.3113708854e-19 6.9550745163e+24)
    (4.5065703377e-19 7.0704811084e+24)
    (4.7106075420e-19 7.1890618029e+24)
    (4.9238826317e-19 7.3117876471e+24)
    (5.1468138568e-19 7.4385125169e+24)
    (5.3798384034e-19 7.5692740978e+24)
    (5.6234132519e-19 7.7036842324e+24)
    (5.8780160723e-19 7.8428128135e+24)
    (6.1441461614e-19 7.9865935268e+24)
    (6.4223254222e-19 8.2743973039e+24)
    (6.7130993868e-19 8.4374973875e+24)
    (7.0170382867e-19 8.6060324963e+24)
    (7.3347381708e-19 8.7808712299e+24)
    (7.6668220745e-19 8.9624550469e+24)
    (8.0139412415e-19 9.1503789457e+24)
    (8.3767764007e-19 9.3451782182e+24)
    (8.7560391014e-19 9.5503125609e+24)
    (9.1524731088e-19 9.7609609387e+24)
    (9.5668558622e-19 9.9804516675e+24)
    (1.0000000000e-18 1.0211576658e+25)
    (1.0452754953e-18 1.0451079990e+25)
    (1.0926008611e-18 1.0701453119e+25)
    (1.1420689063e-18 1.0967864972e+25)
    (1.1937766417e-18 1.1243013410e+25)
    (1.2478254705e-18 1.1531449527e+25)
    (1.3043213867e-18 1.1834591181e+25)
    (1.3633751836e-18 1.2158801557e+25)
    (1.4251026703e-18 1.2493555068e+25)
    (1.4896248996e-18 1.2845935951e+25)
    (1.5570684048e-18 1.3223655089e+25)
    (1.6275654480e-18 1.3614064936e+25)
    (1.7012542799e-18 1.4025453459e+25)
    (1.7782794100e-18 1.4462669232e+25)
    (1.8587918911e-18 1.4924938056e+25)
    (1.9429496147e-18 1.5406234042e+25)
    (2.0309176209e-18 1.5919362694e+25)
    (2.1228684221e-18 1.6459008666e+25)
    (2.2189823415e-18 1.7024161191e+25)
    (2.3194478661e-18 1.7630318606e+25)
    (2.4244620171e-18 1.8262678561e+25)
    (2.5342307358e-18 1.8930590660e+25)
    (2.6489692876e-18 1.9649882426e+25)
    (2.7689026842e-18 2.0189436459e+25)
    (2.8942661247e-18 2.1190996566e+25)
    (3.0253054571e-18 2.2042080000e+25)
    (3.1622776602e-18 2.2646892273e+25)
    (3.3054513476e-18 2.3899970292e+25)
    (3.4551072946e-18 2.4546127442e+25)
    (3.6115389887e-18 2.5993733896e+25)
    (3.7750532053e-18 2.7163978621e+25)
    (3.9459706091e-18 2.7881218981e+25)
    (4.1246263829e-18 2.9750440437e+25)
    (4.3113708854e-18 3.0539609411e+25)
    (4.5065703377e-18 3.2730187418e+25)
    (4.7106075420e-18 3.4392689946e+25)
    (4.9238826317e-18 3.6198050120e+25)
    (5.1468138568e-18 3.8153160678e+25)
    (5.3798384034e-18 4.0268279697e+25)
    (5.6234132519e-18 4.2579227401e+25)
    (5.8780160723e-18 4.5084768107e+25)
    (6.1441461614e-18 4.7829237812e+25)
    (6.4223254222e-18 5.0822963920e+25)
    (6.7130993868e-18 5.4183598072e+25)
    (7.0170382867e-18 5.7721721346e+25)
    (7.3347381708e-18 6.1772906425e+25)
    (7.6668220745e-18 6.3167377485e+25)
    (8.0139412415e-18 6.7375823142e+25)
    (8.3767764007e-18 7.2492549517e+25)
    (8.7560391014e-18 8.2324828555e+25)
    (9.1524731088e-18 8.4020629671e+25)
    (9.5668558622e-18 9.6403177487e+25)
    (1.0000000000e-17 9.8284989087e+25)
);
