// DEpsN vs mean energy [eV]; air_plasma [94c490be646f8872], T_gas = 300.000000 K
(
    (0 1.2531316707e+24)
    (1.3716749438e-01 1.2531316707e+24)
    (1.4076979314e-01 1.2550424217e+24)
    (1.4397604008e-01 1.2567883667e+24)
    (1.4684113805e-01 1.2583997766e+24)
    (1.4941204783e-01 1.2599007565e+24)
    (1.5172864004e-01 1.2613108273e+24)
    (1.5382482203e-01 1.2626461440e+24)
    (1.5572964088e-01 1.2639204006e+24)
    (1.5746824649e-01 1.2651454891e+24)
    (1.5906268561e-01 1.2663319692e+24)
    (1.6040186980e-01 1.2676990928e+24)
    (1.6189539494e-01 1.2686265769e+24)
    (1.6316727128e-01 1.2697516825e+24)
    (1.6436286366e-01 1.2708724069e+24)
    (1.6549578572e-01 1.2719960195e+24)
    (1.6657873020e-01 1.2731294228e+24)
    (1.6762359287e-01 1.2742791912e+24)
    (1.6865359887e-01 1.2754933388e+24)
    (1.6965539117e-01 1.2766950274e+24)
    (1.7065096866e-01 1.2779317932e+24)
    (1.7163702901e-01 1.2792909353e+24)
    (1.7264762429e-01 1.2806096347e+24)
    (1.7367878080e-01 1.2819795741e+24)
    (1.7473849913e-01 1.2834059136e+24)
    (1.7583432821e-01 1.2848937114e+24)
    (1.7697337833e-01 1.2864479521e+24)
    (1.7816233417e-01 1.2880735785e+24)
    (1.7940746844e-01 1.2897755243e+24)
    (1.8071465956e-01 1.2915587577e+24)
    (1.8208941158e-01 1.2934283238e+24)
    (1.8353687952e-01 1.2953893962e+24)
    (1.8506190021e-01 1.2974473343e+24)
    (1.8666902928e-01 1.2996077486e+24)
    (1.8836258474e-01 1.3018765725e+24)
    (1.9014669747e-01 1.3042601430e+24)
    (1.9202536831e-01 1.3067652888e+24)
    (1.9400253175e-01 1.3093994276e+24)
    (1.9608212573e-01 1.3121706722e+24)
    (1.9826816696e-01 1.3150879448e+24)
    (2.0056483136e-01 1.3181611009e+24)
    (2.0297653896e-01 1.3214010620e+24)
    (2.0550804255e-01 1.3248199544e+24)
    (2.0816451961e-01 1.3284312536e+24)
    (2.1095166654e-01 1.3322499294e+24)
    (2.1387579417e-01 1.3362925837e+24)
    (2.1694256551e-01 1.3406100671e+24)
    (2.2014788174e-01 1.3451621000e+24)
    (2.2353446165e-01 1.3500232362e+24)
    (2.2709477487e-01 1.3552087175e+24)
    (2.3084127841e-01 1.3607513748e+24)
    (2.3479833990e-01 1.3667312067e+24)
    (2.3896131204e-01 1.3731044329e+24)
    (2.4336011410e-01 1.3799604929e+24)
    (2.4801612280e-01 1.3873504549e+24)
    (2.5295360836e-01 1.3953298640e+24)
    (2.5819915170e-01 1.4039860056e+24)
    (2.6378576428e-01 1.4133258903e+24)
    (2.6974626976e-01 1.4234412145e+24)
    (2.7611829297e-01 1.4343951483e+24)
    (2.8294269841e-01 1.4462474818e+24)
    (2.9026321198e-01 1.4590513674e+24)
    (2.9812580887e-01 1.4728496180e+24)
    (3.0657783145e-01 1.4876707314e+24)
    (3.1566682518e-01 1.5035249340e+24)
    (3.2543909275e-01 1.5204005863e+24)
    (3.3590887576e-01 1.5382438011e+24)
    (3.4717223366e-01 1.5570249631e+24)
    (3.5923184525e-01 1.5766379716e+24)
    (3.7211014051e-01 1.5969673748e+24)
    (3.8581860584e-01 1.6178751662e+24)
    (4.0035610545e-01 1.6392052522e+24)
    (4.1570760906e-01 1.6607890892e+24)
    (4.3184344429e-01 1.6824520109e+24)
    (4.4871916534e-01 1.7040197287e+24)
    (4.6627608546e-01 1.7253244776e+24)
    (4.8444246122e-01 1.7462103673e+24)
    (5.0313526437e-01 1.7665376227e+24)
    (5.2226243543e-01 1.7861855514e+24)
    (5.4172546688e-01 1.8050542081e+24)
    (5.6142215538e-01 1.8230648627e+24)
    (5.8124935489e-01 1.8401594531e+24)
    (6.0110557847e-01 1.8562992517e+24)
    (6.2089332763e-01 1.8714629879e+24)
    (6.4052105642e-01 1.8856446477e+24)
    (6.5990472218e-01 1.8988511429e+24)
    (6.7896890624e-01 1.9110999987e+24)
    (6.9764751934e-01 1.9224171677e+24)
    (7.1588412933e-01 1.9328350386e+24)
    (7.3358637930e-01 1.9423839762e+24)
    (7.5079958278e-01 1.9511177872e+24)
    (7.6745534914e-01 1.9590720530e+24)
    (7.8353257443e-01 1.9662897914e+24)
    (7.9901752925e-01 1.9728140421e+24)
    (8.1390306874e-01 1.9786872021e+24)
    (8.2818782881e-01 1.9839505134e+24)
    (8.4187543928e-01 1.9886436775e+24)
    (8.5497377065e-01 1.9928045752e+24)
    (8.6749423532e-01 1.9964690737e+24)
    (8.7945114959e-01 1.9996709014e+24)
    (8.9086116369e-01 2.0024415798e+24)
    (9.0174276209e-01 2.0048103970e+24)
    (9.1211583392e-01 2.0068044170e+24)
    (9.2200131124e-01 2.0084485129e+24)
    (9.3142087166e-01 2.0097654212e+24)
    (9.4039670018e-01 2.0107758087e+24)
    (9.4895130466e-01 2.0114983504e+24)
    (9.5710737851e-01 2.0119498129e+24)
    (9.6488770504e-01 2.0121451425e+24)
    (9.7229590480e-01 2.0120937133e+24)
    (9.7938516806e-01 2.0118136249e+24)
    (9.8616493157e-01 2.0113121149e+24)
    (9.9265725541e-01 2.0105976647e+24)
    (9.9888405066e-01 2.0096773543e+24)
    (1.0048670871e+00 2.0085569395e+24)
    (1.0106280072e+00 2.0072409256e+24)
    (1.0161883436e+00 2.0057326393e+24)
    (1.0215695406e+00 2.0040342964e+24)
    (1.0267929771e+00 2.0021470679e+24)
    (1.0318799906e+00 2.0000711441e+24)
    (1.0368231653e+00 1.9978684358e+24)
    (1.0417033545e+00 1.9954125718e+24)
    (1.0465120906e+00 1.9927632072e+24)
    (1.0510868807e+00 1.9899855133e+24)
    (1.0558591909e+00 1.9870328515e+24)
    (1.0606532018e+00 1.9839425118e+24)
    (1.0655074201e+00 1.9807498354e+24)
    (1.0704684874e+00 1.9775095836e+24)
    (1.0751997678e+00 1.9742358085e+24)
    (1.0804337622e+00 1.9716780438e+24)
    (1.0860944541e+00 1.9690026956e+24)
    (1.0921800386e+00 1.9669180695e+24)
    (1.0986620881e+00 1.9656598556e+24)
    (1.1060807530e+00 1.9659153901e+24)
    (1.1144567565e+00 1.9680963019e+24)
    (1.1240549778e+00 1.9728975246e+24)
    (1.1350476813e+00 1.9814921405e+24)
    (1.1481500998e+00 1.9942877332e+24)
    (1.1636258816e+00 2.0126741858e+24)
    (1.1819885903e+00 2.0378781015e+24)
    (1.2038177970e+00 2.0711728986e+24)
    (1.2301634392e+00 2.1155907034e+24)
    (1.2609969547e+00 2.1688524911e+24)
    (1.2973623011e+00 2.2334198562e+24)
    (1.3400043219e+00 2.3098087213e+24)
    (1.3902463434e+00 2.3991738564e+24)
    (1.4476740790e+00 2.4989916322e+24)
    (1.5134371389e+00 2.6093355467e+24)
    (1.5880617832e+00 2.7288346703e+24)
    (1.6719409936e+00 2.8557667909e+24)
    (1.7660607111e+00 2.9914580713e+24)
    (1.8689224012e+00 3.1270512042e+24)
    (1.9811674971e+00 3.2641702350e+24)
    (2.1024762205e+00 3.4010627028e+24)
    (2.2323544682e+00 3.5362330244e+24)
    (2.3723894733e+00 3.6708781607e+24)
    (2.5173051548e+00 3.7990371958e+24)
    (2.6685098830e+00 3.9228105212e+24)
    (2.8251127850e+00 4.0418622831e+24)
    (2.9864403851e+00 4.1561986811e+24)
    (3.1511716909e+00 4.2655728052e+24)
    (3.3187345269e+00 4.3703507758e+24)
    (3.4884072290e+00 4.4708101925e+24)
    (3.6595680233e+00 4.5672935744e+24)
    (3.8329812664e+00 4.6611230499e+24)
    (4.0054036496e+00 4.7506676435e+24)
    (4.1781426577e+00 4.8374672194e+24)
    (4.3510158693e+00 4.9219303164e+24)
    (4.5239369987e+00 5.0044574792e+24)
    (4.6971621124e+00 5.0856246082e+24)
    (4.8701409956e+00 5.1653936068e+24)
    (5.0433978981e+00 5.2443558862e+24)
    (5.2171246269e+00 5.3228507428e+24)
    (5.3915564385e+00 5.4012006291e+24)
    (5.5669629672e+00 5.4797112800e+24)
    (5.7436400437e+00 5.5586717482e+24)
    (5.9219025873e+00 5.6383545410e+24)
    (6.1010979378e+00 5.7193561233e+24)
    (6.2835570480e+00 5.8012553421e+24)
    (6.4679920424e+00 5.8842524676e+24)
    (6.6560078498e+00 5.9693132700e+24)
    (6.8473428105e+00 6.0563063241e+24)
    (7.0423340173e+00 6.1454072237e+24)
    (7.2409465160e+00 6.2373762167e+24)
    (7.4442081971e+00 6.3311549008e+24)
    (7.6521663603e+00 6.4275766328e+24)
    (7.8676105911e+00 6.5270151365e+24)
    (8.0858487204e+00 6.6292561876e+24)
    (8.3098278045e+00 6.7345901564e+24)
    (8.5398932951e+00 6.8431527894e+24)
    (8.7763949131e+00 6.9550745163e+24)
    (9.0196879697e+00 7.0704811084e+24)
    (9.2670974767e+00 7.1890618029e+24)
    (9.5251096886e+00 7.3117876472e+24)
    (9.7910839770e+00 7.4385125169e+24)
    (1.0065371630e+01 7.5692740978e+24)
    (1.0346344593e+01 7.7036842324e+24)
    (1.0638438926e+01 7.8428128135e+24)
    (1.0940187398e+01 7.9865935268e+24)
    (1.1925355136e+01 8.2743973039e+24)
    (1.2308824412e+01 8.4374973875e+24)
    (1.2709276652e+01 8.6060324963e+24)
    (1.3126439691e+01 8.7808712299e+24)
    (1.3561263285e+01 8.9624550469e+24)
    (1.4012493747e+01 9.1503789457e+24)
    (1.4484291915e+01 9.3451782182e+24)
    (1.4973992379e+01 9.5503125609e+24)
    (1.5487666223e+01 9.7609609387e+24)
    (1.6023909695e+01 9.9804516675e+24)
    (1.6583468512e+01 1.0211576658e+25)
    (1.7168941463e+01 1.0451079990e+25)
    (1.7781023452e+01 1.0701453119e+25)
    (1.8422151615e+01 1.0967864972e+25)
    (1.9092649339e+01 1.1243013410e+25)
    (1.9794733945e+01 1.1531449527e+25)
    (2.0530664058e+01 1.1834591181e+25)
    (2.1299508263e+01 1.2158801557e+25)
    (2.2109288431e+01 1.2493555068e+25)
    (2.2959485968e+01 1.2845935951e+25)
    (2.3850104879e+01 1.3223655089e+25)
    (2.4788921536e+01 1.3614064936e+25)
    (2.5776295005e+01 1.4025453459e+25)
    (2.6817698048e+01 1.4462669232e+25)
    (2.7909067436e+01 1.4924938056e+25)
    (2.9061538888e+01 1.5406234042e+25)
    (3.0279874265e+01 1.5919362694e+25)
    (3.1556757395e+01 1.6459008666e+25)
    (3.2908931845e+01 1.7024161191e+25)
    (3.4342348823e+01 1.7630318606e+25)
    (3.5842127009e+01 1.8262678561e+25)
    (3.7437719791e+01 1.8930590660e+25)
    (3.9117090489e+01 1.9649882426e+25)
    (4.0644106575e+01 2.0189436459e+25)
    (4.2796040127e+01 2.1190996566e+25)
    (4.4789131155e+01 2.2042080000e+25)
    (4.6589221150e+01 2.2646892273e+25)
    (4.9179324484e+01 2.3899970292e+25)
    (5.1201199815e+01 2.4546127442e+25)
    (5.4099126670e+01 2.5993733896e+25)
    (5.6778858337e+01 2.7163978621e+25)
    (5.9117854096e+01 2.7881218981e+25)
    (6.2718461942e+01 2.9750440437e+25)
    (6.5410085846e+01 3.0539609411e+25)
    (6.9496742822e+01 3.2730187418e+25)
    (7.3180976752e+01 3.4392689946e+25)
    (7.7182577491e+01 3.6198050120e+25)
    (8.1420085225e+01 3.8153160678e+25)
    (8.6011788405e+01 4.0268279697e+25)
    (9.0867763137e+01 4.2579227401e+25)
    (9.6165388139e+01 4.5084768107e+25)
    (1.0177823578e+02 4.7829237812e+25)
    (1.0792309375e+02 5.0822963920e+25)
    (1.1458604701e+02 5.4183598072e+25)
    (1.2160542734e+02 5.7721721346e+25)
    (1.2939531717e+02 6.1772906425e+25)
    (1.3542361118e+02 6.3167377485e+25)
    (1.4388362195e+02 6.7375823142e+25)
    (1.5371740495e+02 7.2492549517e+25)
    (1.6736124994e+02 8.2324828555e+25)
    (1.7556818514e+02 8.4020629671e+25)
    (1.9180551086e+02 9.6403177487e+25)
    (2.0148427830e+02 9.8284989087e+25)
);
