// DLN vs reducedE [V m^2]; air_plasma [94c490be646f8872], T_gas = 300.000000 K
(
    (0 1.2208741619e+24)
    (1.0000000000e-22 1.2208741619e+24)
    (1.0452754953e-22 1.2235964468e+24)
    (1.0926008611e-22 1.2260202085e+24)
    (1.1420689063e-22 1.2281879904e+24)
    (1.1937766417e-22 1.2301358925e+24)
    (1.2478254705e-22 1.2318943794e+24)
    (1.3043213867e-22 1.2334892365e+24)
    (1.3633751836e-22 1.2349424708e+24)
    (1.4251026703e-22 1.2362730812e+24)
    (1.4896248996e-22 1.2374976867e+24)
    (1.5570684048e-22 1.2385695305e+24)
    (1.6275654480e-22 1.2396863299e+24)
    (1.7012542799e-22 1.2406756438e+24)
    (1.7782794100e-22 1.2416100262e+24)
    (1.8587918911e-22 1.2424997327e+24)
    (1.9429496147e-22 1.2433543414e+24)
    (2.0309176209e-22 1.2441828503e+24)
    (2.1228684221e-22 1.2450053397e+24)
    (2.2189823415e-22 1.2458068948e+24)
    (2.3194478661e-22 1.2466066716e+24)
    (2.4244620171e-22 1.2474109269e+24)
    (2.5342307358e-22 1.2482280834e+24)
    (2.6489692876e-22 1.2490641900e+24)
    (2.7689026842e-22 1.2499255645e+24)
    (2.8942661247e-22 1.2508182356e+24)
    (3.0253054571e-22 1.2517479574e+24)
    (3.1622776602e-22 1.2527202240e+24)
    (3.3054513476e-22 1.2537402847e+24)
    (3.4551072946e-22 1.2548131632e+24)
    (3.6115389887e-22 1.2559436781e+24)
    (3.7750532053e-22 1.2571364692e+24)
    (3.9459706091e-22 1.2583960273e+24)
    (4.1246263829e-22 1.2597267305e+24)
    (4.3113708854e-22 1.2611328858e+24)
    (4.5065703377e-22 1.2626187768e+24)
    (4.7106075420e-22 1.2641887183e+24)
    (4.9238826317e-22 1.2658471163e+24)
    (5.1468138568e-22 1.2675985342e+24)
    (5.3798384034e-22 1.2694477653e+24)
    (5.6234132519e-22 1.2713999103e+24)
    (5.8780160723e-22 1.2734604601e+24)
    (6.1441461614e-22 1.2756353835e+24)
    (6.4223254222e-22 1.2779312188e+24)
    (6.7130993868e-22 1.2803551696e+24)
    (7.0170382867e-22 1.2829152020e+24)
    (7.3347381708e-22 1.2855964260e+24)
    (7.6668220745e-22 1.2884354542e+24)
    (8.0139412415e-22 1.2914666890e+24)
    (8.3767764007e-22 1.2946785554e+24)
    (8.7560391014e-22 1.2980857747e+24)
    (9.1524731088e-22 1.3017732458e+24)
    (9.5668558622e-22 1.3056211904e+24)
    (1.0000000000e-21 1.3097211088e+24)
    (1.0452754953e-21 1.3140966700e+24)
    (1.0926008611e-21 1.3187742768e+24)
    (1.1420689063e-21 1.3237738953e+24)
    (1.1937766417e-21 1.3291468207e+24)
    (1.2478254705e-21 1.3349183250e+24)
    (1.3043213867e-21 1.3411260954e+24)
    (1.3633751836e-21 1.3478100554e+24)
    (1.4251026703e-21 1.3550117420e+24)
    (1.4896248996e-21 1.3627734363e+24)
    (1.5570684048e-21 1.3711370233e+24)
    (1.6275654480e-21 1.3801425841e+24)
    (1.7012542799e-21 1.3898267412e+24)
    (1.7782794100e-21 1.4002061281e+24)
    (1.8587918911e-21 1.4113331399e+24)
    (1.9429496147e-21 1.4232085591e+24)
    (2.0309176209e-21 1.4358357715e+24)
    (2.1228684221e-21 1.4492052835e+24)
    (2.2189823415e-21 1.4632934708e+24)
    (2.3194478661e-21 1.4780618622e+24)
    (2.4244620171e-21 1.4934570534e+24)
    (2.5342307358e-21 1.5094113147e+24)
    (2.6489692876e-21 1.5258438927e+24)
    (2.7689026842e-21 1.5426629518e+24)
    (2.8942661247e-21 1.5597680443e+24)
    (3.0253054571e-21 1.5770529582e+24)
    (3.1622776602e-21 1.5944087563e+24)
    (3.3054513476e-21 1.6117268234e+24)
    (3.4551072946e-21 1.6289017428e+24)
    (3.6115389887e-21 1.6458338521e+24)
    (3.7750532053e-21 1.6624313712e+24)
    (3.9459706091e-21 1.6786120337e+24)
    (4.1246263829e-21 1.6943042009e+24)
    (4.3113708854e-21 1.7094474734e+24)
    (4.5065703377e-21 1.7239928456e+24)
    (4.7106075420e-21 1.7379024677e+24)
    (4.9238826317e-21 1.7511185244e+24)
    (5.1468138568e-21 1.7636830291e+24)
    (5.3798384034e-21 1.7755580053e+24)
    (5.6234132519e-21 1.7867425053e+24)
    (5.8780160723e-21 1.7972422878e+24)
    (6.1441461614e-21 1.8070687479e+24)
    (6.4223254222e-21 1.8162378927e+24)
    (6.7130993868e-21 1.8247693859e+24)
    (7.0170382867e-21 1.8326856786e+24)
    (7.3347381708e-21 1.8400112343e+24)
    (7.6668220745e-21 1.8467718520e+24)
    (8.0139412415e-21 1.8529940847e+24)
    (8.3767764007e-21 1.8587047506e+24)
    (8.7560391014e-21 1.8639305285e+24)
    (9.1524731088e-21 1.8686976331e+24)
    (9.5668558622e-21 1.8730315580e+24)
    (1.0000000000e-20 1.8769568812e+24)
    (1.0452754953e-20 1.8804971225e+24)
    (1.0926008611e-20 1.8836746458e+24)
    (1.1420689063e-20 1.8865105988e+24)
    (1.1937766417e-20 1.8890153406e+24)
    (1.2478254705e-20 1.8912226531e+24)
    (1.3043213867e-20 1.8931435076e+24)
    (1.3633751836e-20 1.8947938029e+24)
    (1.4251026703e-20 1.8961882018e+24)
    (1.4896248996e-20 1.8973401694e+24)
    (1.5570684048e-20 1.8982620162e+24)
    (1.6275654480e-20 1.8989649441e+24)
    (1.7012542799e-20 1.8994590952e+24)
    (1.7782794100e-20 1.8997536020e+24)
    (1.8587918911e-20 1.8998566365e+24)
    (1.9429496147e-20 1.8997953361e+24)
    (2.0309176209e-20 1.8995371872e+24)
    (2.1228684221e-20 1.8991067570e+24)
    (2.2189823415e-20 1.8984637376e+24)
    (2.3194478661e-20 1.8977227804e+24)
    (2.4244620171e-20 1.8968374268e+24)
    (2.5342307358e-20 1.8958196395e+24)
    (2.6489692876e-20 1.8946853599e+24)
    (2.7689026842e-20 1.8930757913e+24)
    (2.8942661247e-20 1.8921381248e+24)
    (3.0253054571e-20 1.8907860229e+24)
    (3.1622776602e-20 1.8894482399e+24)
    (3.3054513476e-20 1.8879574181e+24)
    (3.4551072946e-20 1.8868886473e+24)
    (3.6115389887e-20 1.8861014575e+24)
    (3.7750532053e-20 1.8857372239e+24)
    (3.9459706091e-20 1.8860220284e+24)
    (4.1246263829e-20 1.8870799880e+24)
    (4.3113708854e-20 1.8892062660e+24)
    (4.5065703377e-20 1.8926982801e+24)
    (4.7106075420e-20 1.8978966984e+24)
    (4.9238826317e-20 1.9056072200e+24)
    (5.1468138568e-20 1.9154512906e+24)
    (5.3798384034e-20 1.9282505013e+24)
    (5.6234132519e-20 1.9444667480e+24)
    (5.8780160723e-20 1.9643352745e+24)
    (6.1441461614e-20 1.9888002522e+24)
    (6.4223254222e-20 2.0179996741e+24)
    (6.7130993868e-20 2.0522851382e+24)
    (7.0170382867e-20 2.0919300587e+24)
    (7.3347381708e-20 2.1385777143e+24)
    (7.6668220745e-20 2.1893302400e+24)
    (8.0139412415e-20 2.2456165194e+24)
    (8.3767764007e-20 2.3072647974e+24)
    (8.7560391014e-20 2.3739883783e+24)
    (9.1524731088e-20 2.4467347646e+24)
    (9.5668558622e-20 2.5223060235e+24)
    (1.0000000000e-19 2.6015385094e+24)
    (1.0452754953e-19 2.6838556190e+24)
    (1.0926008611e-19 2.7678223912e+24)
    (1.1420689063e-19 2.8545468369e+24)
    (1.1937766417e-19 2.9426238606e+24)
    (1.2478254705e-19 3.0315378173e+24)
    (1.3043213867e-19 3.1208273867e+24)
    (1.3633751836e-19 3.2111146525e+24)
    (1.4251026703e-19 3.2998749331e+24)
    (1.4896248996e-19 3.3880228491e+24)
    (1.5570684048e-19 3.4753551940e+24)
    (1.6275654480e-19 3.5617279839e+24)
    (1.7012542799e-19 3.6467894858e+24)
    (1.7782794100e-19 3.7309768365e+24)
    (1.8587918911e-19 3.8140801425e+24)
    (1.9429496147e-19 3.8961337913e+24)
    (2.0309176209e-19 3.9772017252e+24)
    (2.1228684221e-19 4.0573719950e+24)
    (2.2189823415e-19 4.1367518036e+24)
    (2.3194478661e-19 4.2154631194e+24)
    (2.4244620171e-19 4.2940311750e+24)
    (2.5342307358e-19 4.3717812077e+24)
    (2.6489692876e-19 4.4481552891e+24)
    (2.7689026842e-19 4.5255845094e+24)
    (2.8942661247e-19 4.6030743829e+24)
    (3.0253054571e-19 4.6807720947e+24)
    (3.1622776602e-19 4.7593319143e+24)
    (3.3054513476e-19 4.8378587606e+24)
    (3.4551072946e-19 4.9170341859e+24)
    (3.6115389887e-19 4.9959790257e+24)
    (3.7750532053e-19 5.0768298033e+24)
    (3.9459706091e-19 5.1587532465e+24)
    (4.1246263829e-19 5.2418803067e+24)
    (4.3113708854e-19 5.3263393582e+24)
    (4.5065703377e-19 5.4122564810e+24)
    (4.7106075420e-19 5.4999285405e+24)
    (4.9238826317e-19 5.5891240924e+24)
    (5.1468138568e-19 5.6801656048e+24)
    (5.3798384034e-19 5.7731636072e+24)
    (5.6234132519e-19 5.8669468266e+24)
    (5.8780160723e-19 5.9642426428e+24)
    (6.1441461614e-19 6.0638928641e+24)
    (6.4223254222e-19 6.2552993991e+24)
    (6.7130993868e-19 6.3621264026e+24)
    (7.0170382867e-19 6.4728429091e+24)
    (7.3347381708e-19 6.5863736744e+24)
    (7.6668220745e-19 6.7028892389e+24)
    (8.0139412415e-19 6.8213085364e+24)
    (8.3767764007e-19 6.9440492105e+24)
    (8.7560391014e-19 7.0739602274e+24)
    (9.1524731088e-19 7.2036086195e+24)
    (9.5668558622e-19 7.3371582288e+24)
    (1.0000000000e-18 7.4696634968e+24)
    (1.0452754953e-18 7.6121565369e+24)
    (1.0926008611e-18 7.7593750465e+24)
    (1.1420689063e-18 7.9121105371e+24)
    (1.1937766417e-18 8.0698730674e+24)
    (1.2478254705e-18 8.2334327716e+24)
    (1.3043213867e-18 8.4032832362e+24)
    (1.3633751836e-18 8.5813544004e+24)
    (1.4251026703e-18 8.7649834509e+24)
    (1.4896248996e-18 8.9563192005e+24)
    (1.5570684048e-18 9.1543073889e+24)
    (1.6275654480e-18 9.3627911688e+24)
    (1.7012542799e-18 9.5806737339e+24)
    (1.7782794100e-18 9.8091457952e+24)
    (1.8587918911e-18 1.0046237279e+25)
    (1.9429496147e-18 1.0296328610e+25)
    (2.0309176209e-18 1.0559398362e+25)
    (2.1228684221e-18 1.0831146441e+25)
    (2.2189823415e-18 1.1120290641e+25)
    (2.3194478661e-18 1.1425520357e+25)
    (2.4244620171e-18 1.1742024557e+25)
    (2.5342307358e-18 1.2078608440e+25)
    (2.6489692876e-18 1.2433641269e+25)
    (2.7689026842e-18 1.2738515328e+25)
    (2.8942661247e-18 1.3201246929e+25)
    (3.0253054571e-18 1.3618839508e+25)
    (3.1622776602e-18 1.3960961435e+25)
    (3.3054513476e-18 1.4524476905e+25)
    (3.4551072946e-18 1.4911549380e+25)
    (3.6115389887e-18 1.5534042378e+25)
    (3.7750532053e-18 1.6085621892e+25)
    (3.9459706091e-18 1.6526706002e+25)
    (4.1246263829e-18 1.7292878876e+25)
    (4.3113708854e-18 1.7808608337e+25)
    (4.5065703377e-18 1.8672500567e+25)
    (4.7106075420e-18 1.9417652712e+25)
    (4.9238826317e-18 2.0233281860e+25)
    (5.1468138568e-18 2.1092901359e+25)
    (5.3798384034e-18 2.2031791911e+25)
    (5.6234132519e-18 2.3028594559e+25)
    (5.8780160723e-18 2.4117758060e+25)
    (6.1441461614e-18 2.5274499627e+25)
    (6.4223254222e-18 2.6548129454e+25)
    (6.7130993868e-18 2.7938021374e+25)
    (7.0170382867e-18 2.9412610462e+25)
    (7.3347381708e-18 3.1056365637e+25)
    (7.6668220745e-18 3.2269988587e+25)
    (8.0139412415e-18 3.4090945603e+25)
    (8.3767764007e-18 3.6198636631e+25)
    (8.7560391014e-18 3.9227696263e+25)
    (9.1524731088e-18 4.0929475877e+25)
    (9.5668558622e-18 4.4643241598e+25)
    (1.0000000000e-17 4.6700320870e+25)
);
