// eta_EI_O2_ATT_O_O [m^2] vs mean energy [eV]; air_plasma [94c490be646f8872], T_gas = 300.000000 K
(
    (0 0.0000000000e+00)
    (1.3716749438e-01 0.0000000000e+00)
    (1.4076979314e-01 0.0000000000e+00)
    (1.4397604008e-01 0.0000000000e+00)
    (1.4684113805e-01 0.0000000000e+00)
    (1.4941204783e-01 0.0000000000e+00)
    (1.5172864004e-01 0.0000000000e+00)
    (1.5382482203e-01 0.0000000000e+00)
    (1.5572964088e-01 0.0000000000e+00)
    (1.5746824649e-01 0.0000000000e+00)
    (1.5906268561e-01 0.0000000000e+00)
    (1.6040186980e-01 0.0000000000e+00)
    (1.6189539494e-01 0.0000000000e+00)
    (1.6316727128e-01 0.0000000000e+00)
    (1.6436286366e-01 0.0000000000e+00)
    (1.6549578572e-01 0.0000000000e+00)
    (1.6657873020e-01 0.0000000000e+00)
    (1.6762359287e-01 0.0000000000e+00)
    (1.6865359887e-01 0.0000000000e+00)
    (1.6965539117e-01 0.0000000000e+00)
    (1.7065096866e-01 0.0000000000e+00)
    (1.7163702901e-01 0.0000000000e+00)
    (1.7264762429e-01 0.0000000000e+00)
    (1.7367878080e-01 0.0000000000e+00)
    (1.7473849913e-01 0.0000000000e+00)
    (1.7583432821e-01 0.0000000000e+00)
    (1.7697337833e-01 0.0000000000e+00)
    (1.7816233417e-01 0.0000000000e+00)
    (1.7940746844e-01 0.0000000000e+00)
    (1.8071465956e-01 0.0000000000e+00)
    (1.8208941158e-01 0.0000000000e+00)
    (1.8353687952e-01 0.0000000000e+00)
    (1.8506190021e-01 0.0000000000e+00)
    (1.8666902928e-01 0.0000000000e+00)
    (1.8836258474e-01 0.0000000000e+00)
    (1.9014669747e-01 0.0000000000e+00)
    (1.9202536831e-01 0.0000000000e+00)
    (1.9400253175e-01 0.0000000000e+00)
    (1.9608212573e-01 0.0000000000e+00)
    (1.9826816696e-01 0.0000000000e+00)
    (2.0056483136e-01 0.0000000000e+00)
    (2.0297653896e-01 0.0000000000e+00)
    (2.0550804255e-01 0.0000000000e+00)
    (2.0816451961e-01 0.0000000000e+00)
    (2.1095166654e-01 0.0000000000e+00)
    (2.1387579417e-01 0.0000000000e+00)
    (2.1694256551e-01 0.0000000000e+00)
    (2.2014788174e-01 0.0000000000e+00)
    (2.2353446165e-01 0.0000000000e+00)
    (2.2709477487e-01 0.0000000000e+00)
    (2.3084127841e-01 0.0000000000e+00)
    (2.3479833990e-01 0.0000000000e+00)
    (2.3896131204e-01 0.0000000000e+00)
    (2.4336011410e-01 0.0000000000e+00)
    (2.4801612280e-01 0.0000000000e+00)
    (2.5295360836e-01 0.0000000000e+00)
    (2.5819915170e-01 0.0000000000e+00)
    (2.6378576428e-01 0.0000000000e+00)
    (2.6974626976e-01 0.0000000000e+00)
    (2.7611829297e-01 0.0000000000e+00)
    (2.8294269841e-01 0.0000000000e+00)
    (2.9026321198e-01 0.0000000000e+00)
    (2.9812580887e-01 0.0000000000e+00)
    (3.0657783145e-01 0.0000000000e+00)
    (3.1566682518e-01 0.0000000000e+00)
    (3.2543909275e-01 0.0000000000e+00)
    (3.3590887576e-01 0.0000000000e+00)
    (3.4717223366e-01 0.0000000000e+00)
    (3.5923184525e-01 0.0000000000e+00)
    (3.7211014051e-01 0.0000000000e+00)
    (3.8581860584e-01 0.0000000000e+00)
    (4.0035610545e-01 0.0000000000e+00)
    (4.1570760906e-01 0.0000000000e+00)
    (4.3184344429e-01 0.0000000000e+00)
    (4.4871916534e-01 0.0000000000e+00)
    (4.6627608546e-01 0.0000000000e+00)
    (4.8444246122e-01 0.0000000000e+00)
    (5.0313526437e-01 0.0000000000e+00)
    (5.2226243543e-01 0.0000000000e+00)
    (5.4172546688e-01 0.0000000000e+00)
    (5.6142215538e-01 0.0000000000e+00)
    (5.8124935489e-01 0.0000000000e+00)
    (6.0110557847e-01 0.0000000000e+00)
    (6.2089332763e-01 0.0000000000e+00)
    (6.4052105642e-01 0.0000000000e+00)
    (6.5990472218e-01 0.0000000000e+00)
    (6.7896890624e-01 0.0000000000e+00)
    (6.9764751934e-01 0.0000000000e+00)
    (7.1588412933e-01 0.0000000000e+00)
    (7.3358637930e-01 0.0000000000e+00)
    (7.5079958278e-01 0.0000000000e+00)
    (7.6745534914e-01 0.0000000000e+00)
    (7.8353257443e-01 0.0000000000e+00)
    (7.9901752925e-01 0.0000000000e+00)
    (8.1390306874e-01 0.0000000000e+00)
    (8.2818782881e-01 0.0000000000e+00)
    (8.4187543928e-01 0.0000000000e+00)
    (8.5497377065e-01 0.0000000000e+00)
    (8.6749423532e-01 0.0000000000e+00)
    (8.7945114959e-01 0.0000000000e+00)
    (8.9086116369e-01 0.0000000000e+00)
    (9.0174276209e-01 0.0000000000e+00)
    (9.1211583392e-01 0.0000000000e+00)
    (9.2200131124e-01 0.0000000000e+00)
    (9.3142087166e-01 0.0000000000e+00)
    (9.4039670018e-01 0.0000000000e+00)
    (9.4895130466e-01 0.0000000000e+00)
    (9.5710737851e-01 0.0000000000e+00)
    (9.6488770504e-01 0.0000000000e+00)
    (9.7229590480e-01 0.0000000000e+00)
    (9.7938516806e-01 0.0000000000e+00)
    (9.8616493157e-01 0.0000000000e+00)
    (9.9265725541e-01 0.0000000000e+00)
    (9.9888405066e-01 0.0000000000e+00)
    (1.0048670871e+00 0.0000000000e+00)
    (1.0106280072e+00 0.0000000000e+00)
    (1.0161883436e+00 0.0000000000e+00)
    (1.0215695406e+00 0.0000000000e+00)
    (1.0267929771e+00 0.0000000000e+00)
    (1.0318799906e+00 0.0000000000e+00)
    (1.0368231653e+00 0.0000000000e+00)
    (1.0417033545e+00 0.0000000000e+00)
    (1.0465120906e+00 0.0000000000e+00)
    (1.0510868807e+00 1.6754548559e-27)
    (1.0558591909e+00 3.0230369079e-27)
    (1.0606532018e+00 5.2700164127e-27)
    (1.0655074201e+00 8.9193768642e-27)
    (1.0704684874e+00 1.4696594419e-26)
    (1.0751997678e+00 3.8342938328e-26)
    (1.0804337622e+00 5.9502392005e-26)
    (1.0860944541e+00 9.1476554475e-26)
    (1.0921800386e+00 1.3777853209e-25)
    (1.0986620881e+00 2.0667812029e-25)
    (1.1060807530e+00 2.9924049130e-25)
    (1.1144567565e+00 4.2558782662e-25)
    (1.1240549778e+00 5.9498537717e-25)
    (1.1350476813e+00 8.2504999072e-25)
    (1.1481500998e+00 1.1159975942e-24)
    (1.1636258816e+00 1.4868959712e-24)
    (1.1819885903e+00 1.9523522571e-24)
    (1.2038177970e+00 2.5275723077e-24)
    (1.2301634392e+00 3.2547552803e-24)
    (1.2609969547e+00 4.0977741078e-24)
    (1.2973623011e+00 5.0934997636e-24)
    (1.3400043219e+00 6.2526111653e-24)
    (1.3902463434e+00 7.6150537497e-24)
    (1.4476740790e+00 9.1204512214e-24)
    (1.5134371389e+00 1.0797293839e-23)
    (1.5880617832e+00 1.2637857961e-23)
    (1.6719409936e+00 1.4628416808e-23)
    (1.7660607111e+00 1.6760354894e-23)
    (1.8689224012e+00 1.8980499321e-23)
    (1.9811674971e+00 2.1275125666e-23)
    (2.1024762205e+00 2.3610639943e-23)
    (2.2323544682e+00 2.5951196753e-23)
    (2.3723894733e+00 2.8330836061e-23)
    (2.5173051548e+00 3.0568578454e-23)
    (2.6685098830e+00 3.2705172799e-23)
    (2.8251127850e+00 3.4710867105e-23)
    (2.9864403851e+00 3.6596296949e-23)
    (3.1511716909e+00 3.8267836054e-23)
    (3.3187345269e+00 3.9748047943e-23)
    (3.4884072290e+00 4.1027449783e-23)
    (3.6595680233e+00 4.2101590578e-23)
    (3.8329812664e+00 4.2976778446e-23)
    (4.0054036496e+00 4.3638497902e-23)
    (4.1781426577e+00 4.4107178446e-23)
    (4.3510158693e+00 4.4392487200e-23)
    (4.5239369987e+00 4.4505999511e-23)
    (4.6971621124e+00 4.4485337903e-23)
    (4.8701409956e+00 4.4290327767e-23)
    (5.0433978981e+00 4.3964291999e-23)
    (5.2171246269e+00 4.3521170980e-23)
    (5.3915564385e+00 4.2974633071e-23)
    (5.5669629672e+00 4.2337866962e-23)
    (5.7436400437e+00 4.1623432062e-23)
    (5.9219025873e+00 4.0843160237e-23)
    (6.1010979378e+00 3.9985576660e-23)
    (6.2835570480e+00 3.9104586858e-23)
    (6.4679920424e+00 3.8182148668e-23)
    (6.6560078498e+00 3.7236588250e-23)
    (6.8473428105e+00 3.6270397322e-23)
    (7.0423340173e+00 3.5290136733e-23)
    (7.2409465160e+00 3.4295905666e-23)
    (7.4442081971e+00 3.3303583537e-23)
    (7.6521663603e+00 3.2312704674e-23)
    (7.8676105911e+00 3.1363047444e-23)
    (8.0858487204e+00 3.0383072659e-23)
    (8.3098278045e+00 2.9415227925e-23)
    (8.5398932951e+00 2.8461982190e-23)
    (8.7763949131e+00 2.7525429436e-23)
    (9.0196879697e+00 2.6607333937e-23)
    (9.2670974767e+00 2.5687462420e-23)
    (9.5251096886e+00 2.4811228981e-23)
    (9.7910839770e+00 2.3956988580e-23)
    (1.0065371630e+01 2.3125197509e-23)
    (1.0346344593e+01 2.2312049714e-23)
    (1.0638438926e+01 2.1525781743e-23)
    (1.0940187398e+01 2.0763092321e-23)
    (1.1925355136e+01 1.8596126511e-23)
    (1.2308824412e+01 1.7851282278e-23)
    (1.2709276652e+01 1.7136312828e-23)
    (1.3126439691e+01 1.6448943389e-23)
    (1.3561263285e+01 1.5789781606e-23)
    (1.4012493747e+01 1.5155888011e-23)
    (1.4484291915e+01 1.4548371808e-23)
    (1.4973992379e+01 1.3956711202e-23)
    (1.5487666223e+01 1.3401994094e-23)
    (1.6023909695e+01 1.2871863639e-23)
    (1.6583468512e+01 1.2370737654e-23)
    (1.7168941463e+01 1.1887121131e-23)
    (1.7781023452e+01 1.1426234226e-23)
    (1.8422151615e+01 1.0986917982e-23)
    (1.9092649339e+01 1.0569407595e-23)
    (1.9794733945e+01 1.0172423076e-23)
    (2.0530664058e+01 9.7952569531e-24)
    (2.1299508263e+01 9.4338351115e-24)
    (2.2109288431e+01 9.0944976948e-24)
    (2.2959485968e+01 8.7726849592e-24)
    (2.3850104879e+01 8.4666376710e-24)
    (2.4788921536e+01 8.1778649078e-24)
    (2.5776295005e+01 7.9044995779e-24)
    (2.6817698048e+01 7.6463443261e-24)
    (2.7909067436e+01 7.4009740664e-24)
    (2.9061538888e+01 7.1698418167e-24)
    (3.0279874265e+01 6.9521635108e-24)
    (3.1556757395e+01 6.7462043809e-24)
    (3.2908931845e+01 6.5514679054e-24)
    (3.4342348823e+01 6.3689038403e-24)
    (3.5842127009e+01 6.1943401316e-24)
    (3.7437719791e+01 6.0311457138e-24)
    (3.9117090489e+01 5.8758477084e-24)
    (4.0644106575e+01 5.7145945835e-24)
    (4.2796040127e+01 5.5949018630e-24)
    (4.4789131155e+01 5.4650696814e-24)
    (4.6589221150e+01 5.3292617152e-24)
    (4.9179324484e+01 5.2315397124e-24)
    (5.1201199815e+01 5.1087557992e-24)
    (5.4099126670e+01 5.0218841982e-24)
    (5.6778858337e+01 4.9246762127e-24)
    (5.9117854096e+01 4.8150106318e-24)
    (6.2718461942e+01 4.7495819177e-24)
    (6.5410085846e+01 4.6521669730e-24)
    (6.9496742822e+01 4.5946553550e-24)
    (7.3180976752e+01 4.5214922425e-24)
    (7.7182577491e+01 4.4541563438e-24)
    (8.1420085225e+01 4.3892270219e-24)
    (8.6011788405e+01 4.3285639198e-24)
    (9.0867763137e+01 4.2679522034e-24)
    (9.6165388139e+01 4.2130858190e-24)
    (1.0177823578e+02 4.1588169870e-24)
    (1.0792309375e+02 4.1087209177e-24)
    (1.1458604701e+02 4.0608317771e-24)
    (1.2160542734e+02 4.0112930638e-24)
    (1.2939531717e+02 3.9668819654e-24)
    (1.3542361118e+02 3.9018045982e-24)
    (1.4388362195e+02 3.8511890352e-24)
    (1.5371740495e+02 3.8120046223e-24)
    (1.6736124994e+02 3.7962559270e-24)
    (1.7556818514e+02 3.7333671172e-24)
    (1.9180551086e+02 3.7154370055e-24)
    (2.0148427830e+02 3.6504844937e-24)
);
