// eta_EI_O2_ATT [m^2] vs mean energy [eV]; air_plasma [94c490be646f8872], T_gas = 300.000000 K
(
    (0 1.2538191660e-21)
    (1.3716749438e-01 1.2538191660e-21)
    (1.4076979314e-01 1.2470266117e-21)
    (1.4397604008e-01 1.2392727394e-21)
    (1.4684113805e-01 1.2307736599e-21)
    (1.4941204783e-01 1.2216822465e-21)
    (1.5172864004e-01 1.2121034514e-21)
    (1.5382482203e-01 1.2021058623e-21)
    (1.5572964088e-01 1.1917304158e-21)
    (1.5746824649e-01 1.1809970361e-21)
    (1.5906268561e-01 1.1699097918e-21)
    (1.6040186980e-01 1.1568940272e-21)
    (1.6189539494e-01 1.1466345120e-21)
    (1.6316727128e-01 1.1344085888e-21)
    (1.6436286366e-01 1.1217581488e-21)
    (1.6549578572e-01 1.1086568360e-21)
    (1.6657873020e-01 1.0950787505e-21)
    (1.6762359287e-01 1.0809999474e-21)
    (1.6865359887e-01 1.0662803069e-21)
    (1.6965539117e-01 1.0511325791e-21)
    (1.7065096866e-01 1.0354328986e-21)
    (1.7163702901e-01 1.0190464010e-21)
    (1.7264762429e-01 1.0022229692e-21)
    (1.7367878080e-01 9.8484640914e-22)
    (1.7473849913e-01 9.6692920462e-22)
    (1.7583432821e-01 9.4849019479e-22)
    (1.7697337833e-01 9.2955433830e-22)
    (1.7816233417e-01 9.1015233814e-22)
    (1.7940746844e-01 8.9032014230e-22)
    (1.8071465956e-01 8.7009835035e-22)
    (1.8208941158e-01 8.4953153514e-22)
    (1.8353687952e-01 8.2866751272e-22)
    (1.8506190021e-01 8.0755657985e-22)
    (1.8666902928e-01 7.8625074264e-22)
    (1.8836258474e-01 7.6480295793e-22)
    (1.9014669747e-01 7.4326640677e-22)
    (1.9202536831e-01 7.2169381731e-22)
    (1.9400253175e-01 7.0013685096e-22)
    (1.9608212573e-01 6.7864556293e-22)
    (1.9826816696e-01 6.5726794486e-22)
    (2.0056483136e-01 6.3604955423e-22)
    (2.0297653896e-01 6.1503323236e-22)
    (2.0550804255e-01 5.9425891042e-22)
    (2.0816451961e-01 5.7376350027e-22)
    (2.1095166654e-01 5.5358086564e-22)
    (2.1387579417e-01 5.3374186694e-22)
    (2.1694256551e-01 5.1419510297e-22)
    (2.2014788174e-01 4.9508012416e-22)
    (2.2353446165e-01 4.7638879045e-22)
    (2.2709477487e-01 4.5812199014e-22)
    (2.3084127841e-01 4.4029388242e-22)
    (2.3479833990e-01 4.2287126581e-22)
    (2.3896131204e-01 4.0594791978e-22)
    (2.4336011410e-01 3.8948696583e-22)
    (2.4801612280e-01 3.7349235986e-22)
    (2.5295360836e-01 3.5796615052e-22)
    (2.5819915170e-01 3.4289526957e-22)
    (2.6378576428e-01 3.2830079581e-22)
    (2.6974626976e-01 3.1416880074e-22)
    (2.7611829297e-01 3.0049483375e-22)
    (2.8294269841e-01 2.8727335577e-22)
    (2.9026321198e-01 2.7449792067e-22)
    (2.9812580887e-01 2.6216135742e-22)
    (3.0657783145e-01 2.5025595105e-22)
    (3.1566682518e-01 2.3877362416e-22)
    (3.2543909275e-01 2.2770611745e-22)
    (3.3590887576e-01 2.1703635350e-22)
    (3.4717223366e-01 2.0676672528e-22)
    (3.5923184525e-01 1.9688424969e-22)
    (3.7211014051e-01 1.8738024379e-22)
    (3.8581860584e-01 1.7824623225e-22)
    (4.0035610545e-01 1.6947399111e-22)
    (4.1570760906e-01 1.6105556887e-22)
    (4.3184344429e-01 1.5298328341e-22)
    (4.4871916534e-01 1.4524969314e-22)
    (4.6627608546e-01 1.3784755252e-22)
    (4.8444246122e-01 1.3076974917e-22)
    (5.0313526437e-01 1.2400922843e-22)
    (5.2226243543e-01 1.1755891259e-22)
    (5.4172546688e-01 1.1141161902e-22)
    (5.6142215538e-01 1.0555998419e-22)
    (5.8124935489e-01 9.9996398314e-23)
    (6.0110557847e-01 9.4712954780e-23)
    (6.2089332763e-01 8.9701418599e-23)
    (6.4052105642e-01 8.4953213884e-23)
    (6.5990472218e-01 8.0459431925e-23)
    (6.7896890624e-01 7.6210858187e-23)
    (6.9764751934e-01 7.2198016015e-23)
    (7.1588412933e-01 6.8411223981e-23)
    (7.3358637930e-01 6.4829665838e-23)
    (7.5079958278e-01 6.1460884893e-23)
    (7.6745534914e-01 5.8287100962e-23)
    (7.8353257443e-01 5.5298189827e-23)
    (7.9901752925e-01 5.2484141163e-23)
    (8.1390306874e-01 4.9835124439e-23)
    (8.2818782881e-01 4.7341548570e-23)
    (8.4187543928e-01 4.4994113877e-23)
    (8.5497377065e-01 4.2783855449e-23)
    (8.6749423532e-01 4.0702177527e-23)
    (8.7945114959e-01 3.8740879586e-23)
    (8.9086116369e-01 3.6892174331e-23)
    (9.0174276209e-01 3.5148698324e-23)
    (9.1211583392e-01 3.3503516099e-23)
    (9.2200131124e-01 3.1950118634e-23)
    (9.3142087166e-01 3.0482417124e-23)
    (9.4039670018e-01 2.9094732920e-23)
    (9.4895130466e-01 2.7781784476e-23)
    (9.5710737851e-01 2.6538672033e-23)
    (9.6488770504e-01 2.5360860572e-23)
    (9.7229590480e-01 2.4241435835e-23)
    (9.7938516806e-01 2.3180929387e-23)
    (9.8616493157e-01 2.2173740309e-23)
    (9.9265725541e-01 2.1216513842e-23)
    (9.9888405066e-01 2.0306151419e-23)
    (1.0048670871e+00 1.9439792000e-23)
    (1.0106280072e+00 1.8614794322e-23)
    (1.0161883436e+00 1.7828720154e-23)
    (1.0215695406e+00 1.7079318668e-23)
    (1.0267929771e+00 1.6364511880e-23)
    (1.0318799906e+00 1.5682381348e-23)
    (1.0368231653e+00 1.5029329827e-23)
    (1.0417033545e+00 1.4406903988e-23)
    (1.0465120906e+00 1.3812061733e-23)
    (1.0510868807e+00 1.3243710885e-23)
    (1.0558591909e+00 1.2699529671e-23)
    (1.0606532018e+00 1.2178800117e-23)
    (1.0655074201e+00 1.1680327747e-23)
    (1.0704684874e+00 1.1202991463e-23)
    (1.0751997678e+00 1.0746292541e-23)
    (1.0804337622e+00 1.0302290673e-23)
    (1.0860944541e+00 9.8808786477e-24)
    (1.0921800386e+00 9.4761467527e-24)
    (1.0986620881e+00 9.0881066566e-24)
    (1.1060807530e+00 8.7133888818e-24)
    (1.1144567565e+00 8.3522948306e-24)
    (1.1240549778e+00 8.0038152367e-24)
    (1.1350476813e+00 7.6668010690e-24)
    (1.1481500998e+00 7.3404396910e-24)
    (1.1636258816e+00 7.0236806520e-24)
    (1.1819885903e+00 6.7155678205e-24)
    (1.2038177970e+00 6.4151892429e-24)
    (1.2301634392e+00 6.1212713419e-24)
    (1.2609969547e+00 5.8336561196e-24)
    (1.2973623011e+00 5.5514881958e-24)
    (1.3400043219e+00 5.2742368873e-24)
    (1.3902463434e+00 5.0018455919e-24)
    (1.4476740790e+00 4.7332384270e-24)
    (1.5134371389e+00 4.4689543738e-24)
    (1.5880617832e+00 4.2091602142e-24)
    (1.6719409936e+00 3.9542073752e-24)
    (1.7660607111e+00 3.6988661183e-24)
    (1.8689224012e+00 3.4558198668e-24)
    (1.9811674971e+00 3.2195409073e-24)
    (2.1024762205e+00 2.9908402542e-24)
    (2.2323544682e+00 2.7705405170e-24)
    (2.3723894733e+00 2.5570805978e-24)
    (2.5173051548e+00 2.3560138965e-24)
    (2.6685098830e+00 2.1654152676e-24)
    (2.8251127850e+00 1.9857228765e-24)
    (2.9864403851e+00 1.8176632257e-24)
    (3.1511716909e+00 1.6603298094e-24)
    (3.3187345269e+00 1.5142576291e-24)
    (3.4884072290e+00 1.3792517195e-24)
    (3.6595680233e+00 1.2549893738e-24)
    (3.8329812664e+00 1.1389837852e-24)
    (4.0054036496e+00 1.0351664702e-24)
    (4.1781426577e+00 9.4053667640e-25)
    (4.3510158693e+00 8.5449404227e-25)
    (4.5239369987e+00 7.7642120018e-25)
    (4.6971621124e+00 7.0546672548e-25)
    (4.8701409956e+00 6.4151261724e-25)
    (5.0433978981e+00 5.8371007836e-25)
    (5.2171246269e+00 5.3150222863e-25)
    (5.3915564385e+00 4.8436560524e-25)
    (5.5669629672e+00 4.4181299990e-25)
    (5.7436400437e+00 4.0339470075e-25)
    (5.9219025873e+00 3.6869853457e-25)
    (6.1010979378e+00 3.3730858350e-25)
    (6.2835570480e+00 3.0895354467e-25)
    (6.4679920424e+00 2.8313443824e-25)
    (6.6560078498e+00 2.5989850869e-25)
    (6.8473428105e+00 2.3882650596e-25)
    (7.0423340173e+00 2.1969491408e-25)
    (7.2409465160e+00 2.0208046900e-25)
    (7.4442081971e+00 1.8627223112e-25)
    (7.6521663603e+00 1.7186576965e-25)
    (7.8676105911e+00 1.5837129771e-25)
    (8.0858487204e+00 1.4640608561e-25)
    (8.3098278045e+00 1.3545719987e-25)
    (8.5398932951e+00 1.2542576078e-25)
    (8.7763949131e+00 1.1622360495e-25)
    (9.0196879697e+00 1.0777209383e-25)
    (9.2670974767e+00 1.0006134714e-25)
    (9.5251096886e+00 9.2895369969e-26)
    (9.7910839770e+00 8.6292565227e-26)
    (1.0065371630e+01 8.0201143589e-26)
    (1.0346344593e+01 7.4582026250e-26)
    (1.0638438926e+01 6.9376636877e-26)
    (1.0940187398e+01 6.4560279730e-26)
    (1.1925355136e+01 5.0367936887e-26)
    (1.2308824412e+01 4.6442191849e-26)
    (1.2709276652e+01 4.2828553332e-26)
    (1.3126439691e+01 3.9499700613e-26)
    (1.3561263285e+01 3.6434001626e-26)
    (1.4012493747e+01 3.3534534623e-26)
    (1.4484291915e+01 3.0936159674e-26)
    (1.4973992379e+01 2.8615524936e-26)
    (1.5487666223e+01 2.6391950582e-26)
    (1.6023909695e+01 2.4339721860e-26)
    (1.6583468512e+01 2.2402862456e-26)
    (1.7168941463e+01 2.0659529711e-26)
    (1.7781023452e+01 1.9049216794e-26)
    (1.8422151615e+01 1.7527121627e-26)
    (1.9092649339e+01 1.6157794118e-26)
    (1.9794733945e+01 1.4892103020e-26)
    (2.0530664058e+01 1.3722103609e-26)
    (2.1299508263e+01 1.2682565617e-26)
    (2.2109288431e+01 1.1676350305e-26)
    (2.2959485968e+01 1.0746736795e-26)
    (2.3850104879e+01 9.8918399545e-27)
    (2.4788921536e+01 9.0979123964e-27)
    (2.5776295005e+01 8.3646242052e-27)
    (2.6817698048e+01 7.6876224676e-27)
    (2.7909067436e+01 7.0458472911e-27)
    (2.9061538888e+01 6.4712653102e-27)
    (3.0279874265e+01 5.9410173769e-27)
    (3.1556757395e+01 5.4363464304e-27)
    (3.2908931845e+01 4.9873158963e-27)
    (3.4342348823e+01 4.5733676695e-27)
    (3.5842127009e+01 4.1967391864e-27)
    (3.7437719791e+01 3.8433361405e-27)
    (3.9117090489e+01 3.5332291377e-27)
    (4.0644106575e+01 3.1976165745e-27)
    (4.2796040127e+01 2.9518726659e-27)
    (4.4789131155e+01 2.6961932826e-27)
    (4.6589221150e+01 2.4398905318e-27)
    (4.9179324484e+01 2.2442162635e-27)
    (5.1201199815e+01 2.0327755491e-27)
    (5.4099126670e+01 1.8595263738e-27)
    (5.6778858337e+01 1.6908826942e-27)
    (5.9117854096e+01 1.5360303054e-27)
    (6.2718461942e+01 1.3966464361e-27)
    (6.5410085846e+01 1.2695710931e-27)
    (6.9496742822e+01 1.1514768315e-27)
    (7.3180976752e+01 1.0446585143e-27)
    (7.7182577491e+01 9.4632669734e-28)
    (8.1420085225e+01 8.5624652244e-28)
    (8.6011788405e+01 7.7405635246e-28)
    (9.0867763137e+01 6.9921980194e-28)
    (9.6165388139e+01 6.3064043927e-28)
    (1.0177823578e+02 5.6814112275e-28)
    (1.0792309375e+02 5.1112010953e-28)
    (1.1458604701e+02 4.5917171327e-28)
    (1.2160542734e+02 4.1211014175e-28)
    (1.2939531717e+02 3.6914184978e-28)
    (1.3542361118e+02 3.3147091742e-28)
    (1.4388362195e+02 2.9590819015e-28)
    (1.5371740495e+02 2.6380063758e-28)
    (1.6736124994e+02 2.3369817284e-28)
    (1.7556818514e+02 2.0761047393e-28)
    (1.9180551086e+02 1.8397734216e-28)
    (2.0148427830e+02 1.6219142602e-28)
);
