// eta_EI_O2_ATT [m^2] (reduced, mole-fraction weighted) vs reducedE [V m^2]; air_plasma [94c490be646f8872], T_gas = 300.000000 K
(
    (0 1.2538191660e-21)
    (1.0000000000e-22 1.2538191660e-21)
    (1.0452754953e-22 1.2470266117e-21)
    (1.0926008611e-22 1.2392727394e-21)
    (1.1420689063e-22 1.2307736599e-21)
    (1.1937766417e-22 1.2216822465e-21)
    (1.2478254705e-22 1.2121034514e-21)
    (1.3043213867e-22 1.2021058623e-21)
    (1.3633751836e-22 1.1917304158e-21)
    (1.4251026703e-22 1.1809970361e-21)
    (1.4896248996e-22 1.1699097918e-21)
    (1.5570684048e-22 1.1568940272e-21)
    (1.6275654480e-22 1.1466345120e-21)
    (1.7012542799e-22 1.1344085888e-21)
    (1.7782794100e-22 1.1217581488e-21)
    (1.8587918911e-22 1.1086568360e-21)
    (1.9429496147e-22 1.0950787505e-21)
    (2.0309176209e-22 1.0809999474e-21)
    (2.1228684221e-22 1.0662803069e-21)
    (2.2189823415e-22 1.0511325791e-21)
    (2.3194478661e-22 1.0354328986e-21)
    (2.4244620171e-22 1.0190464010e-21)
    (2.5342307358e-22 1.0022229692e-21)
    (2.6489692876e-22 9.8484640914e-22)
    (2.7689026842e-22 9.6692920462e-22)
    (2.8942661247e-22 9.4849019479e-22)
    (3.0253054571e-22 9.2955433830e-22)
    (3.1622776602e-22 9.1015233814e-22)
    (3.3054513476e-22 8.9032014230e-22)
    (3.4551072946e-22 8.7009835035e-22)
    (3.6115389887e-22 8.4953153514e-22)
    (3.7750532053e-22 8.2866751272e-22)
    (3.9459706091e-22 8.0755657985e-22)
    (4.1246263829e-22 7.8625074264e-22)
    (4.3113708854e-22 7.6480295793e-22)
    (4.5065703377e-22 7.4326640677e-22)
    (4.7106075420e-22 7.2169381731e-22)
    (4.9238826317e-22 7.0013685096e-22)
    (5.1468138568e-22 6.7864556293e-22)
    (5.3798384034e-22 6.5726794486e-22)
    (5.6234132519e-22 6.3604955423e-22)
    (5.8780160723e-22 6.1503323236e-22)
    (6.1441461614e-22 5.9425891042e-22)
    (6.4223254222e-22 5.7376350027e-22)
    (6.7130993868e-22 5.5358086564e-22)
    (7.0170382867e-22 5.3374186694e-22)
    (7.3347381708e-22 5.1419510297e-22)
    (7.6668220745e-22 4.9508012416e-22)
    (8.0139412415e-22 4.7638879045e-22)
    (8.3767764007e-22 4.5812199014e-22)
    (8.7560391014e-22 4.4029388242e-22)
    (9.1524731088e-22 4.2287126581e-22)
    (9.5668558622e-22 4.0594791978e-22)
    (1.0000000000e-21 3.8948696583e-22)
    (1.0452754953e-21 3.7349235986e-22)
    (1.0926008611e-21 3.5796615052e-22)
    (1.1420689063e-21 3.4289526957e-22)
    (1.1937766417e-21 3.2830079581e-22)
    (1.2478254705e-21 3.1416880074e-22)
    (1.3043213867e-21 3.0049483375e-22)
    (1.3633751836e-21 2.8727335577e-22)
    (1.4251026703e-21 2.7449792067e-22)
    (1.4896248996e-21 2.6216135742e-22)
    (1.5570684048e-21 2.5025595105e-22)
    (1.6275654480e-21 2.3877362416e-22)
    (1.7012542799e-21 2.2770611745e-22)
    (1.7782794100e-21 2.1703635350e-22)
    (1.8587918911e-21 2.0676672528e-22)
    (1.9429496147e-21 1.9688424969e-22)
    (2.0309176209e-21 1.8738024379e-22)
    (2.1228684221e-21 1.7824623225e-22)
    (2.2189823415e-21 1.6947399111e-22)
    (2.3194478661e-21 1.6105556887e-22)
    (2.4244620171e-21 1.5298328341e-22)
    (2.5342307358e-21 1.4524969314e-22)
    (2.6489692876e-21 1.3784755252e-22)
    (2.7689026842e-21 1.3076974917e-22)
    (2.8942661247e-21 1.2400922843e-22)
    (3.0253054571e-21 1.1755891259e-22)
    (3.1622776602e-21 1.1141161902e-22)
    (3.3054513476e-21 1.0555998419e-22)
    (3.4551072946e-21 9.9996398314e-23)
    (3.6115389887e-21 9.4712954780e-23)
    (3.7750532053e-21 8.9701418599e-23)
    (3.9459706091e-21 8.4953213884e-23)
    (4.1246263829e-21 8.0459431925e-23)
    (4.3113708854e-21 7.6210858187e-23)
    (4.5065703377e-21 7.2198016015e-23)
    (4.7106075420e-21 6.8411223981e-23)
    (4.9238826317e-21 6.4829665838e-23)
    (5.1468138568e-21 6.1460884893e-23)
    (5.3798384034e-21 5.8287100962e-23)
    (5.6234132519e-21 5.5298189827e-23)
    (5.8780160723e-21 5.2484141163e-23)
    (6.1441461614e-21 4.9835124439e-23)
    (6.4223254222e-21 4.7341548570e-23)
    (6.7130993868e-21 4.4994113877e-23)
    (7.0170382867e-21 4.2783855449e-23)
    (7.3347381708e-21 4.0702177527e-23)
    (7.6668220745e-21 3.8740879586e-23)
    (8.0139412415e-21 3.6892174331e-23)
    (8.3767764007e-21 3.5148698324e-23)
    (8.7560391014e-21 3.3503516099e-23)
    (9.1524731088e-21 3.1950118634e-23)
    (9.5668558622e-21 3.0482417124e-23)
    (1.0000000000e-20 2.9094732920e-23)
    (1.0452754953e-20 2.7781784476e-23)
    (1.0926008611e-20 2.6538672033e-23)
    (1.1420689063e-20 2.5360860572e-23)
    (1.1937766417e-20 2.4241435835e-23)
    (1.2478254705e-20 2.3180929387e-23)
    (1.3043213867e-20 2.2173740309e-23)
    (1.3633751836e-20 2.1216513842e-23)
    (1.4251026703e-20 2.0306151419e-23)
    (1.4896248996e-20 1.9439792000e-23)
    (1.5570684048e-20 1.8614794322e-23)
    (1.6275654480e-20 1.7828720154e-23)
    (1.7012542799e-20 1.7079318668e-23)
    (1.7782794100e-20 1.6364511880e-23)
    (1.8587918911e-20 1.5682381348e-23)
    (1.9429496147e-20 1.5029329827e-23)
    (2.0309176209e-20 1.4406903988e-23)
    (2.1228684221e-20 1.3812061733e-23)
    (2.2189823415e-20 1.3243710885e-23)
    (2.3194478661e-20 1.2699529671e-23)
    (2.4244620171e-20 1.2178800117e-23)
    (2.5342307358e-20 1.1680327747e-23)
    (2.6489692876e-20 1.1202991463e-23)
    (2.7689026842e-20 1.0746292541e-23)
    (2.8942661247e-20 1.0302290673e-23)
    (3.0253054571e-20 9.8808786477e-24)
    (3.1622776602e-20 9.4761467527e-24)
    (3.3054513476e-20 9.0881066566e-24)
    (3.4551072946e-20 8.7133888818e-24)
    (3.6115389887e-20 8.3522948306e-24)
    (3.7750532053e-20 8.0038152367e-24)
    (3.9459706091e-20 7.6668010690e-24)
    (4.1246263829e-20 7.3404396910e-24)
    (4.3113708854e-20 7.0236806520e-24)
    (4.5065703377e-20 6.7155678205e-24)
    (4.7106075420e-20 6.4151892429e-24)
    (4.9238826317e-20 6.1212713419e-24)
    (5.1468138568e-20 5.8336561196e-24)
    (5.3798384034e-20 5.5514881958e-24)
    (5.6234132519e-20 5.2742368873e-24)
    (5.8780160723e-20 5.0018455919e-24)
    (6.1441461614e-20 4.7332384270e-24)
    (6.4223254222e-20 4.4689543738e-24)
    (6.7130993868e-20 4.2091602142e-24)
    (7.0170382867e-20 3.9542073752e-24)
    (7.3347381708e-20 3.6988661183e-24)
    (7.6668220745e-20 3.4558198668e-24)
    (8.0139412415e-20 3.2195409073e-24)
    (8.3767764007e-20 2.9908402542e-24)
    (8.7560391014e-20 2.7705405170e-24)
    (9.1524731088e-20 2.5570805978e-24)
    (9.5668558622e-20 2.3560138965e-24)
    (1.0000000000e-19 2.1654152676e-24)
    (1.0452754953e-19 1.9857228765e-24)
    (1.0926008611e-19 1.8176632257e-24)
    (1.1420689063e-19 1.6603298094e-24)
    (1.1937766417e-19 1.5142576291e-24)
    (1.2478254705e-19 1.3792517195e-24)
    (1.3043213867e-19 1.2549893738e-24)
    (1.3633751836e-19 1.1389837852e-24)
    (1.4251026703e-19 1.0351664702e-24)
    (1.4896248996e-19 9.4053667640e-25)
    (1.5570684048e-19 8.5449404227e-25)
    (1.6275654480e-19 7.7642120018e-25)
    (1.7012542799e-19 7.0546672548e-25)
    (1.7782794100e-19 6.4151261724e-25)
    (1.8587918911e-19 5.8371007836e-25)
    (1.9429496147e-19 5.3150222863e-25)
    (2.0309176209e-19 4.8436560524e-25)
    (2.1228684221e-19 4.4181299990e-25)
    (2.2189823415e-19 4.0339470075e-25)
    (2.3194478661e-19 3.6869853457e-25)
    (2.4244620171e-19 3.3730858350e-25)
    (2.5342307358e-19 3.0895354467e-25)
    (2.6489692876e-19 2.8313443824e-25)
    (2.7689026842e-19 2.5989850869e-25)
    (2.8942661247e-19 2.3882650596e-25)
    (3.0253054571e-19 2.1969491408e-25)
    (3.1622776602e-19 2.0208046900e-25)
    (3.3054513476e-19 1.8627223112e-25)
    (3.4551072946e-19 1.7186576965e-25)
    (3.6115389887e-19 1.5837129771e-25)
    (3.7750532053e-19 1.4640608561e-25)
    (3.9459706091e-19 1.3545719987e-25)
    (4.1246263829e-19 1.2542576078e-25)
    (4.3113708854e-19 1.1622360495e-25)
    (4.5065703377e-19 1.0777209383e-25)
    (4.7106075420e-19 1.0006134714e-25)
    (4.9238826317e-19 9.2895369969e-26)
    (5.1468138568e-19 8.6292565227e-26)
    (5.3798384034e-19 8.0201143589e-26)
    (5.6234132519e-19 7.4582026250e-26)
    (5.8780160723e-19 6.9376636877e-26)
    (6.1441461614e-19 6.4560279730e-26)
    (6.4223254222e-19 5.0367936887e-26)
    (6.7130993868e-19 4.6442191849e-26)
    (7.0170382867e-19 4.2828553332e-26)
    (7.3347381708e-19 3.9499700613e-26)
    (7.6668220745e-19 3.6434001626e-26)
    (8.0139412415e-19 3.3534534623e-26)
    (8.3767764007e-19 3.0936159674e-26)
    (8.7560391014e-19 2.8615524936e-26)
    (9.1524731088e-19 2.6391950582e-26)
    (9.5668558622e-19 2.4339721860e-26)
    (1.0000000000e-18 2.2402862456e-26)
    (1.0452754953e-18 2.0659529711e-26)
    (1.0926008611e-18 1.9049216794e-26)
    (1.1420689063e-18 1.7527121627e-26)
    (1.1937766417e-18 1.6157794118e-26)
    (1.2478254705e-18 1.4892103020e-26)
    (1.3043213867e-18 1.3722103609e-26)
    (1.3633751836e-18 1.2682565617e-26)
    (1.4251026703e-18 1.1676350305e-26)
    (1.4896248996e-18 1.0746736795e-26)
    (1.5570684048e-18 9.8918399545e-27)
    (1.6275654480e-18 9.0979123964e-27)
    (1.7012542799e-18 8.3646242052e-27)
    (1.7782794100e-18 7.6876224676e-27)
    (1.8587918911e-18 7.0458472911e-27)
    (1.9429496147e-18 6.4712653102e-27)
    (2.0309176209e-18 5.9410173769e-27)
    (2.1228684221e-18 5.4363464304e-27)
    (2.2189823415e-18 4.9873158963e-27)
    (2.3194478661e-18 4.5733676695e-27)
    (2.4244620171e-18 4.1967391864e-27)
    (2.5342307358e-18 3.8433361405e-27)
    (2.6489692876e-18 3.5332291377e-27)
    (2.7689026842e-18 3.1976165745e-27)
    (2.8942661247e-18 2.9518726659e-27)
    (3.0253054571e-18 2.6961932826e-27)
    (3.1622776602e-18 2.4398905318e-27)
    (3.3054513476e-18 2.2442162635e-27)
    (3.4551072946e-18 2.0327755491e-27)
    (3.6115389887e-18 1.8595263738e-27)
    (3.7750532053e-18 1.6908826942e-27)
    (3.9459706091e-18 1.5360303054e-27)
    (4.1246263829e-18 1.3966464361e-27)
    (4.3113708854e-18 1.2695710931e-27)
    (4.5065703377e-18 1.1514768315e-27)
    (4.7106075420e-18 1.0446585143e-27)
    (4.9238826317e-18 9.4632669734e-28)
    (5.1468138568e-18 8.5624652244e-28)
    (5.3798384034e-18 7.7405635246e-28)
    (5.6234132519e-18 6.9921980194e-28)
    (5.8780160723e-18 6.3064043927e-28)
    (6.1441461614e-18 5.6814112275e-28)
    (6.4223254222e-18 5.1112010953e-28)
    (6.7130993868e-18 4.5917171327e-28)
    (7.0170382867e-18 4.1211014175e-28)
    (7.3347381708e-18 3.6914184978e-28)
    (7.6668220745e-18 3.3147091742e-28)
    (8.0139412415e-18 2.9590819015e-28)
    (8.3767764007e-18 2.6380063758e-28)
    (8.7560391014e-18 2.3369817284e-28)
    (9.1524731088e-18 2.0761047393e-28)
    (9.5668558622e-18 1.8397734216e-28)
    (1.0000000000e-17 1.6219142602e-28)
);
