// etaN vs reducedE [V m^2]; air_plasma [94c490be646f8872], T_gas = 300.000000 K
(
    (0 1.2538191660e-21)
    (1.0000000000e-22 1.2538191660e-21)
    (1.0452754953e-22 1.2470266117e-21)
    (1.0926008611e-22 1.2392727394e-21)
    (1.1420689063e-22 1.2307736599e-21)
    (1.1937766417e-22 1.2216822465e-21)
    (1.2478254705e-22 1.2121034514e-21)
    (1.3043213867e-22 1.2021058623e-21)
    (1.3633751836e-22 1.1917304158e-21)
    (1.4251026703e-22 1.1809970361e-21)
    (1.4896248996e-22 1.1699097918e-21)
    (1.5570684048e-22 1.1568940272e-21)
    (1.6275654480e-22 1.1466345120e-21)
    (1.7012542799e-22 1.1344085888e-21)
    (1.7782794100e-22 1.1217581488e-21)
    (1.8587918911e-22 1.1086568360e-21)
    (1.9429496147e-22 1.0950787505e-21)
    (2.0309176209e-22 1.0809999474e-21)
    (2.1228684221e-22 1.0662803069e-21)
    (2.2189823415e-22 1.0511325791e-21)
    (2.3194478661e-22 1.0354328986e-21)
    (2.4244620171e-22 1.0190464010e-21)
    (2.5342307358e-22 1.0022229692e-21)
    (2.6489692876e-22 9.8484640914e-22)
    (2.7689026842e-22 9.6692920462e-22)
    (2.8942661247e-22 9.4849019479e-22)
    (3.0253054571e-22 9.2955433830e-22)
    (3.1622776602e-22 9.1015233814e-22)
    (3.3054513476e-22 8.9032014230e-22)
    (3.4551072946e-22 8.7009835035e-22)
    (3.6115389887e-22 8.4953153514e-22)
    (3.7750532053e-22 8.2866751272e-22)
    (3.9459706091e-22 8.0755657985e-22)
    (4.1246263829e-22 7.8625074264e-22)
    (4.3113708854e-22 7.6480295793e-22)
    (4.5065703377e-22 7.4326640677e-22)
    (4.7106075420e-22 7.2169381731e-22)
    (4.9238826317e-22 7.0013685096e-22)
    (5.1468138568e-22 6.7864556293e-22)
    (5.3798384034e-22 6.5726794486e-22)
    (5.6234132519e-22 6.3604955423e-22)
    (5.8780160723e-22 6.1503323236e-22)
    (6.1441461614e-22 5.9425891042e-22)
    (6.4223254222e-22 5.7376350027e-22)
    (6.7130993868e-22 5.5358086564e-22)
    (7.0170382867e-22 5.3374186694e-22)
    (7.3347381708e-22 5.1419510297e-22)
    (7.6668220745e-22 4.9508012416e-22)
    (8.0139412415e-22 4.7638879045e-22)
    (8.3767764007e-22 4.5812199014e-22)
    (8.7560391014e-22 4.4029388242e-22)
    (9.1524731088e-22 4.2287126581e-22)
    (9.5668558622e-22 4.0594791978e-22)
    (1.0000000000e-21 3.8948696583e-22)
    (1.0452754953e-21 3.7349235986e-22)
    (1.0926008611e-21 3.5796615052e-22)
    (1.1420689063e-21 3.4289526957e-22)
    (1.1937766417e-21 3.2830079581e-22)
    (1.2478254705e-21 3.1416880074e-22)
    (1.3043213867e-21 3.0049483375e-22)
    (1.3633751836e-21 2.8727335577e-22)
    (1.4251026703e-21 2.7449792067e-22)
    (1.4896248996e-21 2.6216135742e-22)
    (1.5570684048e-21 2.5025595105e-22)
    (1.6275654480e-21 2.3877362416e-22)
    (1.7012542799e-21 2.2770611745e-22)
    (1.7782794100e-21 2.1703635350e-22)
    (1.8587918911e-21 2.0676672528e-22)
    (1.9429496147e-21 1.9688424969e-22)
    (2.0309176209e-21 1.8738024379e-22)
    (2.1228684221e-21 1.7824623225e-22)
    (2.2189823415e-21 1.6947399111e-22)
    (2.3194478661e-21 1.6105556887e-22)
    (2.4244620171e-21 1.5298328341e-22)
    (2.5342307358e-21 1.4524969314e-22)
    (2.6489692876e-21 1.3784755252e-22)
    (2.7689026842e-21 1.3076974917e-22)
    (2.8942661247e-21 1.2400922843e-22)
    (3.0253054571e-21 1.1755891259e-22)
    (3.1622776602e-21 1.1141161902e-22)
    (3.3054513476e-21 1.0555998419e-22)
    (3.4551072946e-21 9.9996398314e-23)
    (3.6115389887e-21 9.4712954780e-23)
    (3.7750532053e-21 8.9701418599e-23)
    (3.9459706091e-21 8.4953213884e-23)
    (4.1246263829e-21 8.0459431925e-23)
    (4.3113708854e-21 7.6210858187e-23)
    (4.5065703377e-21 7.2198016015e-23)
    (4.7106075420e-21 6.8411223981e-23)
    (4.9238826317e-21 6.4829665838e-23)
    (5.1468138568e-21 6.1460884893e-23)
    (5.3798384034e-21 5.8287100962e-23)
    (5.6234132519e-21 5.5298189827e-23)
    (5.8780160723e-21 5.2484141163e-23)
    (6.1441461614e-21 4.9835124439e-23)
    (6.4223254222e-21 4.7341548570e-23)
    (6.7130993868e-21 4.4994113877e-23)
    (7.0170382867e-21 4.2783855449e-23)
    (7.3347381708e-21 4.0702177527e-23)
    (7.6668220745e-21 3.8740879586e-23)
    (8.0139412415e-21 3.6892174331e-23)
    (8.3767764007e-21 3.5148698324e-23)
    (8.7560391014e-21 3.3503516099e-23)
    (9.1524731088e-21 3.1950118634e-23)
    (9.5668558622e-21 3.0482417124e-23)
    (1.0000000000e-20 2.9094732920e-23)
    (1.0452754953e-20 2.7781784476e-23)
    (1.0926008611e-20 2.6538672033e-23)
    (1.1420689063e-20 2.5360860572e-23)
    (1.1937766417e-20 2.4241435835e-23)
    (1.2478254705e-20 2.3180929387e-23)
    (1.3043213867e-20 2.2173740309e-23)
    (1.3633751836e-20 2.1216513842e-23)
    (1.4251026703e-20 2.0306151419e-23)
    (1.4896248996e-20 1.9439792000e-23)
    (1.5570684048e-20 1.8614794322e-23)
    (1.6275654480e-20 1.7828720154e-23)
    (1.7012542799e-20 1.7079318668e-23)
    (1.7782794100e-20 1.6364511880e-23)
    (1.8587918911e-20 1.5682381348e-23)
    (1.9429496147e-20 1.5029329827e-23)
    (2.0309176209e-20 1.4406903988e-23)
    (2.1228684221e-20 1.3812061733e-23)
    (2.2189823415e-20 1.3245386339e-23)
    (2.3194478661e-20 1.2702552708e-23)
    (2.4244620171e-20 1.2184070133e-23)
    (2.5342307358e-20 1.1689247124e-23)
    (2.6489692876e-20 1.1217688058e-23)
    (2.7689026842e-20 1.0784635479e-23)
    (2.8942661247e-20 1.0361793065e-23)
    (3.0253054571e-20 9.9723552022e-24)
    (3.1622776602e-20 9.6139252847e-24)
    (3.3054513476e-20 9.2947847769e-24)
    (3.4551072946e-20 9.0126293731e-24)
    (3.6115389887e-20 8.7778826572e-24)
    (3.7750532053e-20 8.5988006139e-24)
    (3.9459706091e-20 8.4918510597e-24)
    (4.1246263829e-20 8.4564372852e-24)
    (4.3113708854e-20 8.5105766232e-24)
    (4.5065703377e-20 8.6679200777e-24)
    (4.7106075420e-20 8.9427615506e-24)
    (4.9238826317e-20 9.3760266222e-24)
    (5.1468138568e-20 9.9314302275e-24)
    (5.3798384034e-20 1.0644987959e-23)
    (5.6234132519e-20 1.1526848053e-23)
    (5.8780160723e-20 1.2616899342e-23)
    (6.1441461614e-20 1.3853689648e-23)
    (6.4223254222e-20 1.5266248213e-23)
    (6.7130993868e-20 1.6847018175e-23)
    (7.0170382867e-20 1.8582624183e-23)
    (7.3347381708e-20 2.0459221012e-23)
    (7.6668220745e-20 2.2436319187e-23)
    (8.0139412415e-20 2.4494666574e-23)
    (8.3767764007e-20 2.6601480198e-23)
    (8.7560391014e-20 2.8721737270e-23)
    (9.1524731088e-20 3.0887916658e-23)
    (9.5668558622e-20 3.2924592351e-23)
    (1.0000000000e-19 3.4870588067e-23)
    (1.0452754953e-19 3.6696589982e-23)
    (1.0926008611e-19 3.8413960175e-23)
    (1.1420689063e-19 3.9928165863e-23)
    (1.1937766417e-19 4.1262305572e-23)
    (1.2478254705e-19 4.2406701503e-23)
    (1.3043213867e-19 4.3356579951e-23)
    (1.3633751836e-19 4.4115762231e-23)
    (1.4251026703e-19 4.4673664372e-23)
    (1.4896248996e-19 4.5047715122e-23)
    (1.5570684048e-19 4.5246981243e-23)
    (1.6275654480e-19 4.5282420711e-23)
    (1.7012542799e-19 4.5190804629e-23)
    (1.7782794100e-19 4.4931840384e-23)
    (1.8587918911e-19 4.4548002078e-23)
    (1.9429496147e-19 4.4052673209e-23)
    (2.0309176209e-19 4.3458998676e-23)
    (2.1228684221e-19 4.2779679962e-23)
    (2.2189823415e-19 4.2026826763e-23)
    (2.3194478661e-19 4.1211858772e-23)
    (2.4244620171e-19 4.0322885244e-23)
    (2.5342307358e-19 3.9413540402e-23)
    (2.6489692876e-19 3.8465283107e-23)
    (2.7689026842e-19 3.7496486759e-23)
    (2.8942661247e-19 3.6509223828e-23)
    (3.0253054571e-19 3.5509831647e-23)
    (3.1622776602e-19 3.4497986135e-23)
    (3.3054513476e-19 3.3489855768e-23)
    (3.4551072946e-19 3.2484570444e-23)
    (3.6115389887e-19 3.1521418742e-23)
    (3.7750532053e-19 3.0529478745e-23)
    (3.9459706091e-19 2.9550685125e-23)
    (4.1246263829e-19 2.8587407951e-23)
    (4.3113708854e-19 2.7641653041e-23)
    (4.5065703377e-19 2.6715106031e-23)
    (4.7106075420e-19 2.5787523767e-23)
    (4.9238826317e-19 2.4904124351e-23)
    (5.1468138568e-19 2.4043281146e-23)
    (5.3798384034e-19 2.3205398653e-23)
    (5.6234132519e-19 2.2386631740e-23)
    (5.8780160723e-19 2.1595158380e-23)
    (6.1441461614e-19 2.0827652601e-23)
    (6.4223254222e-19 1.8646494448e-23)
    (6.7130993868e-19 1.7897724470e-23)
    (7.0170382867e-19 1.7179141382e-23)
    (7.3347381708e-19 1.6488443089e-23)
    (7.6668220745e-19 1.5826215608e-23)
    (8.0139412415e-19 1.5189422546e-23)
    (8.3767764007e-19 1.4579307967e-23)
    (8.7560391014e-19 1.3985326727e-23)
    (9.1524731088e-19 1.3428386045e-23)
    (9.5668558622e-19 1.2896203360e-23)
    (1.0000000000e-18 1.2393140517e-23)
    (1.0452754953e-18 1.1907780660e-23)
    (1.0926008611e-18 1.1445283443e-23)
    (1.1420689063e-18 1.1004445104e-23)
    (1.1937766417e-18 1.0585565389e-23)
    (1.2478254705e-18 1.0187315179e-23)
    (1.3043213867e-18 9.8089790567e-24)
    (1.3633751836e-18 9.4465176771e-24)
    (1.4251026703e-18 9.1061740451e-24)
    (1.4896248996e-18 8.7834316960e-24)
    (1.5570684048e-18 8.4765295109e-24)
    (1.6275654480e-18 8.1869628202e-24)
    (1.7012542799e-18 7.9128642021e-24)
    (1.7782794100e-18 7.6540319486e-24)
    (1.8587918911e-18 7.4080199137e-24)
    (1.9429496147e-18 7.1763130820e-24)
    (2.0309176209e-18 6.9581045281e-24)
    (2.1228684221e-18 6.7516407273e-24)
    (2.2189823415e-18 6.5564552213e-24)
    (2.3194478661e-18 6.3734772080e-24)
    (2.4244620171e-18 6.1985368708e-24)
    (2.5342307358e-18 6.0349890500e-24)
    (2.6489692876e-18 5.8793809375e-24)
    (2.7689026842e-18 5.7177922001e-24)
    (2.8942661247e-18 5.5978537357e-24)
    (3.0253054571e-18 5.4677658746e-24)
    (3.1622776602e-18 5.3317016057e-24)
    (3.3054513476e-18 5.2337839287e-24)
    (3.4551072946e-18 5.1107885748e-24)
    (3.6115389887e-18 5.0237437246e-24)
    (3.7750532053e-18 4.9263670954e-24)
    (3.9459706091e-18 4.8165466621e-24)
    (4.1246263829e-18 4.7509785642e-24)
    (4.3113708854e-18 4.6534365441e-24)
    (4.5065703377e-18 4.5958068318e-24)
    (4.7106075420e-18 4.5225369010e-24)
    (4.9238826317e-18 4.4551026705e-24)
    (5.1468138568e-18 4.3900832684e-24)
    (5.3798384034e-18 4.3293379761e-24)
    (5.6234132519e-18 4.2686514232e-24)
    (5.8780160723e-18 4.2137164594e-24)
    (6.1441461614e-18 4.1593851281e-24)
    (6.4223254222e-18 4.1092320378e-24)
    (6.7130993868e-18 4.0612909488e-24)
    (7.0170382867e-18 4.0117051739e-24)
    (7.3347381708e-18 3.9672511072e-24)
    (7.6668220745e-18 3.9021360691e-24)
    (8.0139412415e-18 3.8514849434e-24)
    (8.3767764007e-18 3.8122684229e-24)
    (8.7560391014e-18 3.7964896252e-24)
    (9.1524731088e-18 3.7335747276e-24)
    (9.5668558622e-18 3.7156209828e-24)
    (1.0000000000e-17 3.6506466851e-24)
);
