// k[EI_O2_EXC_O2_ROT] [m^3/s] vs mean energy [eV]; air_plasma [94c490be646f8872], T_gas = 300.000000 K
(
    (0 2.5384991323e-18)
    (1.3716749438e-01 2.5384991323e-18)
    (1.4076979314e-01 2.6361045057e-18)
    (1.4397604008e-01 2.7261149346e-18)
    (1.4684113805e-01 2.8096705112e-18)
    (1.4941204783e-01 2.8877954357e-18)
    (1.5172864004e-01 2.9614015242e-18)
    (1.5382482203e-01 3.0313000685e-18)
    (1.5572964088e-01 3.0982155135e-18)
    (1.5746824649e-01 3.1627982482e-18)
    (1.5906268561e-01 3.2256356854e-18)
    (1.6040186980e-01 3.3002776680e-18)
    (1.6189539494e-01 3.3481640124e-18)
    (1.6316727128e-01 3.4087919096e-18)
    (1.6436286366e-01 3.4695610843e-18)
    (1.6549578572e-01 3.5308592948e-18)
    (1.6657873020e-01 3.5930508664e-18)
    (1.6762359287e-01 3.6564808140e-18)
    (1.6865359887e-01 3.7209871659e-18)
    (1.6965539117e-01 3.7877784405e-18)
    (1.7065096866e-01 3.8567404768e-18)
    (1.7163702901e-01 3.9281463107e-18)
    (1.7264762429e-01 4.0023573171e-18)
    (1.7367878080e-01 4.0796142583e-18)
    (1.7473849913e-01 4.1602003390e-18)
    (1.7583432821e-01 4.2443971681e-18)
    (1.7697337833e-01 4.3324857453e-18)
    (1.7816233417e-01 4.4247473512e-18)
    (1.7940746844e-01 4.5214643928e-18)
    (1.8071465956e-01 4.6229213232e-18)
    (1.8208941158e-01 4.7294056392e-18)
    (1.8353687952e-01 4.8412090667e-18)
    (1.8506190021e-01 4.9586289703e-18)
    (1.8666902928e-01 5.0819700330e-18)
    (1.8836258474e-01 5.2115462357e-18)
    (1.9014669747e-01 5.3476831572e-18)
    (1.9202536831e-01 5.4907205940e-18)
    (1.9400253175e-01 5.6410154916e-18)
    (1.9608212573e-01 5.7989451591e-18)
    (1.9826816696e-01 5.9649107268e-18)
    (2.0056483136e-01 6.1393407921e-18)
    (2.0297653896e-01 6.3226951865e-18)
    (2.0550804255e-01 6.5154687846e-18)
    (2.0816451961e-01 6.7181952555e-18)
    (2.1095166654e-01 6.9314506364e-18)
    (2.1387579417e-01 7.1558565753e-18)
    (2.1694256551e-01 7.3930835427e-18)
    (2.2014788174e-01 7.6421465100e-18)
    (2.2353446165e-01 7.9050026241e-18)
    (2.2709477487e-01 8.1823476779e-18)
    (2.3084127841e-01 8.4751961735e-18)
    (2.3479833990e-01 8.7858487166e-18)
    (2.3896131204e-01 9.1131062303e-18)
    (2.4336011410e-01 9.4595155614e-18)
    (2.4801612280e-01 9.8264971044e-18)
    (2.5295360836e-01 1.0215574846e-17)
    (2.5819915170e-01 1.0630011051e-17)
    (2.6378576428e-01 1.1068225813e-17)
    (2.6974626976e-01 1.1533632228e-17)
    (2.7611829297e-01 1.2028023169e-17)
    (2.8294269841e-01 1.2553172461e-17)
    (2.9026321198e-01 1.3110775570e-17)
    (2.9812580887e-01 1.3702376271e-17)
    (3.0657783145e-01 1.4329279519e-17)
    (3.1566682518e-01 1.4992452483e-17)
    (3.2543909275e-01 1.5692417070e-17)
    (3.3590887576e-01 1.6429871698e-17)
    (3.4717223366e-01 1.7202687171e-17)
    (3.5923184525e-01 1.8010114891e-17)
    (3.7211014051e-01 1.8849869199e-17)
    (3.8581860584e-01 1.9718784488e-17)
    (4.0035610545e-01 2.0612806173e-17)
    (4.1570760906e-01 2.1527024670e-17)
    (4.3184344429e-01 2.2455754846e-17)
    (4.4871916534e-01 2.3392660098e-17)
    (4.6627608546e-01 2.4330915864e-17)
    (4.8444246122e-01 2.5263403843e-17)
    (5.0313526437e-01 2.6182925210e-17)
    (5.2226243543e-01 2.7082419410e-17)
    (5.4172546688e-01 2.7955174698e-17)
    (5.6142215538e-01 2.8795017863e-17)
    (5.8124935489e-01 2.9596472773e-17)
    (6.0110557847e-01 3.0354880630e-17)
    (6.2089332763e-01 3.1066478238e-17)
    (6.4052105642e-01 3.1728434160e-17)
    (6.5990472218e-01 3.2338845512e-17)
    (6.7896890624e-01 3.2896700467e-17)
    (6.9764751934e-01 3.3401812998e-17)
    (7.1588412933e-01 3.3854737045e-17)
    (7.3358637930e-01 3.4257140527e-17)
    (7.5079958278e-01 3.4609993863e-17)
    (7.6745534914e-01 3.4915831104e-17)
    (7.8353257443e-01 3.5177160895e-17)
    (7.9901752925e-01 3.5396726767e-17)
    (8.1390306874e-01 3.5577420948e-17)
    (8.2818782881e-01 3.5722208834e-17)
    (8.4187543928e-01 3.5834064664e-17)
    (8.5497377065e-01 3.5915918288e-17)
    (8.6749423532e-01 3.5970612521e-17)
    (8.7945114959e-01 3.6000870154e-17)
    (8.9086116369e-01 3.6009269566e-17)
    (9.0174276209e-01 3.5998227786e-17)
    (9.1211583392e-01 3.5969989839e-17)
    (9.2200131124e-01 3.5926623246e-17)
    (9.3142087166e-01 3.5870016671e-17)
    (9.4039670018e-01 3.5801881780e-17)
    (9.4895130466e-01 3.5723757521e-17)
    (9.5710737851e-01 3.5637016173e-17)
    (9.6488770504e-01 3.5542870595e-17)
    (9.7229590480e-01 3.5442444430e-17)
    (9.7938516806e-01 3.5336538209e-17)
    (9.8616493157e-01 3.5226009514e-17)
    (9.9265725541e-01 3.5111522941e-17)
    (9.9888405066e-01 3.4993628243e-17)
    (1.0048670871e+00 3.4872769092e-17)
    (1.0106280072e+00 3.4749291625e-17)
    (1.0161883436e+00 3.4623452702e-17)
    (1.0215695406e+00 3.4495427875e-17)
    (1.0267929771e+00 3.4365319011e-17)
    (1.0318799906e+00 3.4233161584e-17)
    (1.0368231653e+00 3.4098544877e-17)
    (1.0417033545e+00 3.3962132117e-17)
    (1.0465120906e+00 3.3823426860e-17)
    (1.0510868807e+00 3.3679166894e-17)
    (1.0558591909e+00 3.3534775263e-17)
    (1.0606532018e+00 3.3387217174e-17)
    (1.0655074201e+00 3.3236072943e-17)
    (1.0704684874e+00 3.3080826823e-17)
    (1.0751997678e+00 3.2915287962e-17)
    (1.0804337622e+00 3.2751424056e-17)
    (1.0860944541e+00 3.2579854528e-17)
    (1.0921800386e+00 3.2401126472e-17)
    (1.0986620881e+00 3.2205974117e-17)
    (1.1060807530e+00 3.2009065868e-17)
    (1.1144567565e+00 3.1800475374e-17)
    (1.1240549778e+00 3.1578144337e-17)
    (1.1350476813e+00 3.1338829754e-17)
    (1.1481500998e+00 3.1080901139e-17)
    (1.1636258816e+00 3.0801125941e-17)
    (1.1819885903e+00 3.0496184830e-17)
    (1.2038177970e+00 3.0162527660e-17)
    (1.2301634392e+00 2.9785311170e-17)
    (1.2609969547e+00 2.9382552963e-17)
    (1.2973623011e+00 2.8940093985e-17)
    (1.3400043219e+00 2.8454654130e-17)
    (1.3902463434e+00 2.7907098637e-17)
    (1.4476740790e+00 2.7327918722e-17)
    (1.5134371389e+00 2.6699844072e-17)
    (1.5880617832e+00 2.6022791077e-17)
    (1.6719409936e+00 2.5297894347e-17)
    (1.7660607111e+00 2.4520928928e-17)
    (1.8689224012e+00 2.3709551134e-17)
    (1.9811674971e+00 2.2861578793e-17)
    (2.1024762205e+00 2.1983043819e-17)
    (2.2323544682e+00 2.1080843083e-17)
    (2.3723894733e+00 2.0136932487e-17)
    (2.5173051548e+00 1.9211415192e-17)
    (2.6685098830e+00 1.8285413427e-17)
    (2.8251127850e+00 1.7366404542e-17)
    (2.9864403851e+00 1.6455992841e-17)
    (3.1511716909e+00 1.5571160960e-17)
    (3.3187345269e+00 1.4711894571e-17)
    (3.4884072290e+00 1.3882620662e-17)
    (3.6595680233e+00 1.3086811213e-17)
    (3.8329812664e+00 1.2308914034e-17)
    (4.0054036496e+00 1.1589450574e-17)
    (4.1781426577e+00 1.0908245303e-17)
    (4.3510158693e+00 1.0265519677e-17)
    (4.5239369987e+00 9.6609233251e-18)
    (4.6971621124e+00 9.0857755494e-18)
    (4.8701409956e+00 8.5556255245e-18)
    (5.0433978981e+00 8.0600241154e-18)
    (5.2171246269e+00 7.5973311829e-18)
    (5.3915564385e+00 7.1657808292e-18)
    (5.5669629672e+00 6.7635388281e-18)
    (5.7436400437e+00 6.3887493509e-18)
    (5.9219025873e+00 6.0395720166e-18)
    (6.1010979378e+00 5.7147108772e-18)
    (6.2835570480e+00 5.4114778944e-18)
    (6.4679920424e+00 5.1256631941e-18)
    (6.6560078498e+00 4.8619959117e-18)
    (6.8473428105e+00 4.6156936850e-18)
    (7.0423340173e+00 4.3853937443e-18)
    (7.2409465160e+00 4.1658789571e-18)
    (7.4442081971e+00 3.9642334590e-18)
    (7.6521663603e+00 3.7750510311e-18)
    (7.8676105911e+00 3.5872224450e-18)
    (8.0858487204e+00 3.4210891571e-18)
    (8.3098278045e+00 3.2645842324e-18)
    (8.5398932951e+00 3.1169650765e-18)
    (8.7763949131e+00 2.9775538297e-18)
    (9.0196879697e+00 2.8457322820e-18)
    (9.2670974767e+00 2.7231012491e-18)
    (9.5251096886e+00 2.6046315681e-18)
    (9.7910839770e+00 2.4922236113e-18)
    (1.0065371630e+01 2.3854465795e-18)
    (1.0346344593e+01 2.2840748926e-18)
    (1.0638438926e+01 2.1874191495e-18)
    (1.0940187398e+01 2.0953210747e-18)
    (1.1925355136e+01 1.7988777234e-18)
    (1.2308824412e+01 1.7125454985e-18)
    (1.2709276652e+01 1.6297878741e-18)
    (1.3126439691e+01 1.5509290962e-18)
    (1.3561263285e+01 1.4757583304e-18)
    (1.4012493747e+01 1.4008932644e-18)
    (1.4484291915e+01 1.3329737794e-18)
    (1.4973992379e+01 1.2717642630e-18)
    (1.5487666223e+01 1.2094745612e-18)
    (1.6023909695e+01 1.1500483128e-18)
    (1.6583468512e+01 1.0904318517e-18)
    (1.7168941463e+01 1.0366674927e-18)
    (1.7781023452e+01 9.8533558799e-19)
    (1.8422151615e+01 9.3425609213e-19)
    (1.9092649339e+01 8.8770583754e-19)
    (1.9794733945e+01 8.4324206365e-19)
    (2.0530664058e+01 8.0076852420e-19)
    (2.1299508263e+01 7.6277084910e-19)
    (2.2109288431e+01 7.2368731138e-19)
    (2.2959485968e+01 6.8639370741e-19)
    (2.3850104879e+01 6.5079353323e-19)
    (2.4788921536e+01 6.1684354951e-19)
    (2.5776295005e+01 5.8445826106e-19)
    (2.6817698048e+01 5.5355457733e-19)
    (2.7909067436e+01 5.2271389785e-19)
    (2.9061538888e+01 4.9481737036e-19)
    (3.0279874265e+01 4.6819476163e-19)
    (3.1556757395e+01 4.4149632764e-19)
    (3.2908931845e+01 4.1752996806e-19)
    (3.4342348823e+01 3.9465589044e-19)
    (3.5842127009e+01 3.7332582254e-19)
    (3.7437719791e+01 3.5251261195e-19)
    (3.9117090489e+01 3.3415793891e-19)
    (4.0644106575e+01 3.1204124881e-19)
    (4.2796040127e+01 2.9690940072e-19)
    (4.4789131155e+01 2.7981044239e-19)
    (4.6589221150e+01 2.6109752878e-19)
    (4.9179324484e+01 2.4778643279e-19)
    (5.1201199815e+01 2.3154182210e-19)
    (5.4099126670e+01 2.1860460879e-19)
    (5.6778858337e+01 2.0516764496e-19)
    (5.9117854096e+01 1.9224622206e-19)
    (6.2718461942e+01 1.8053213098e-19)
    (6.5410085846e+01 1.6939280226e-19)
    (6.9496742822e+01 1.5871643278e-19)
    (7.3180976752e+01 1.4874048684e-19)
    (7.7182577491e+01 1.3921770407e-19)
    (8.1420085225e+01 1.3016434013e-19)
    (8.6011788405e+01 1.2164955543e-19)
    (9.0867763137e+01 1.1365269297e-19)
    (9.6165388139e+01 1.0604031123e-19)
    (1.0177823578e+02 9.8840755548e-20)
    (1.0792309375e+02 9.2057130890e-20)
    (1.1458604701e+02 8.5653498693e-20)
    (1.2160542734e+02 7.9659936068e-20)
    (1.2939531717e+02 7.3969902412e-20)
    (1.3542361118e+02 6.8783111377e-20)
    (1.4388362195e+02 6.3752281548e-20)
    (1.5371740495e+02 5.9015214587e-20)
    (1.6736124994e+02 5.4363545353e-20)
    (1.7556818514e+02 5.0116809125e-20)
    (1.9180551086e+02 4.6284499273e-20)
    (2.0148427830e+02 4.2420378260e-20)
);
