// k[EI_N2_EXC_N2_V8] [m^3/s] vs reducedE [V m^2]; air_plasma [94c490be646f8872], T_gas = 300.000000 K
(
    (0 0.0000000000e+00)
    (1.0000000000e-22 0.0000000000e+00)
    (1.0452754953e-22 0.0000000000e+00)
    (1.0926008611e-22 0.0000000000e+00)
    (1.1420689063e-22 0.0000000000e+00)
    (1.1937766417e-22 0.0000000000e+00)
    (1.2478254705e-22 0.0000000000e+00)
    (1.3043213867e-22 0.0000000000e+00)
    (1.3633751836e-22 0.0000000000e+00)
    (1.4251026703e-22 0.0000000000e+00)
    (1.4896248996e-22 0.0000000000e+00)
    (1.5570684048e-22 0.0000000000e+00)
    (1.6275654480e-22 0.0000000000e+00)
    (1.7012542799e-22 0.0000000000e+00)
    (1.7782794100e-22 0.0000000000e+00)
    (1.8587918911e-22 0.0000000000e+00)
    (1.9429496147e-22 0.0000000000e+00)
    (2.0309176209e-22 0.0000000000e+00)
    (2.1228684221e-22 0.0000000000e+00)
    (2.2189823415e-22 0.0000000000e+00)
    (2.3194478661e-22 0.0000000000e+00)
    (2.4244620171e-22 0.0000000000e+00)
    (2.5342307358e-22 0.0000000000e+00)
    (2.6489692876e-22 0.0000000000e+00)
    (2.7689026842e-22 0.0000000000e+00)
    (2.8942661247e-22 0.0000000000e+00)
    (3.0253054571e-22 0.0000000000e+00)
    (3.1622776602e-22 0.0000000000e+00)
    (3.3054513476e-22 0.0000000000e+00)
    (3.4551072946e-22 0.0000000000e+00)
    (3.6115389887e-22 0.0000000000e+00)
    (3.7750532053e-22 0.0000000000e+00)
    (3.9459706091e-22 0.0000000000e+00)
    (4.1246263829e-22 0.0000000000e+00)
    (4.3113708854e-22 0.0000000000e+00)
    (4.5065703377e-22 0.0000000000e+00)
    (4.7106075420e-22 0.0000000000e+00)
    (4.9238826317e-22 0.0000000000e+00)
    (5.1468138568e-22 0.0000000000e+00)
    (5.3798384034e-22 0.0000000000e+00)
    (5.6234132519e-22 0.0000000000e+00)
    (5.8780160723e-22 0.0000000000e+00)
    (6.1441461614e-22 0.0000000000e+00)
    (6.4223254222e-22 0.0000000000e+00)
    (6.7130993868e-22 0.0000000000e+00)
    (7.0170382867e-22 0.0000000000e+00)
    (7.3347381708e-22 0.0000000000e+00)
    (7.6668220745e-22 0.0000000000e+00)
    (8.0139412415e-22 0.0000000000e+00)
    (8.3767764007e-22 0.0000000000e+00)
    (8.7560391014e-22 0.0000000000e+00)
    (9.1524731088e-22 0.0000000000e+00)
    (9.5668558622e-22 0.0000000000e+00)
    (1.0000000000e-21 0.0000000000e+00)
    (1.0452754953e-21 0.0000000000e+00)
    (1.0926008611e-21 0.0000000000e+00)
    (1.1420689063e-21 0.0000000000e+00)
    (1.1937766417e-21 0.0000000000e+00)
    (1.2478254705e-21 0.0000000000e+00)
    (1.3043213867e-21 0.0000000000e+00)
    (1.3633751836e-21 0.0000000000e+00)
    (1.4251026703e-21 0.0000000000e+00)
    (1.4896248996e-21 0.0000000000e+00)
    (1.5570684048e-21 0.0000000000e+00)
    (1.6275654480e-21 0.0000000000e+00)
    (1.7012542799e-21 0.0000000000e+00)
    (1.7782794100e-21 0.0000000000e+00)
    (1.8587918911e-21 0.0000000000e+00)
    (1.9429496147e-21 0.0000000000e+00)
    (2.0309176209e-21 0.0000000000e+00)
    (2.1228684221e-21 0.0000000000e+00)
    (2.2189823415e-21 0.0000000000e+00)
    (2.3194478661e-21 0.0000000000e+00)
    (2.4244620171e-21 0.0000000000e+00)
    (2.5342307358e-21 0.0000000000e+00)
    (2.6489692876e-21 0.0000000000e+00)
    (2.7689026842e-21 0.0000000000e+00)
    (2.8942661247e-21 0.0000000000e+00)
    (3.0253054571e-21 0.0000000000e+00)
    (3.1622776602e-21 0.0000000000e+00)
    (3.3054513476e-21 0.0000000000e+00)
    (3.4551072946e-21 0.0000000000e+00)
    (3.6115389887e-21 0.0000000000e+00)
    (3.7750532053e-21 0.0000000000e+00)
    (3.9459706091e-21 0.0000000000e+00)
    (4.1246263829e-21 0.0000000000e+00)
    (4.3113708854e-21 0.0000000000e+00)
    (4.5065703377e-21 0.0000000000e+00)
    (4.7106075420e-21 0.0000000000e+00)
    (4.9238826317e-21 0.0000000000e+00)
    (5.1468138568e-21 0.0000000000e+00)
    (5.3798384034e-21 0.0000000000e+00)
    (5.6234132519e-21 0.0000000000e+00)
    (5.8780160723e-21 0.0000000000e+00)
    (6.1441461614e-21 0.0000000000e+00)
    (6.4223254222e-21 0.0000000000e+00)
    (6.7130993868e-21 0.0000000000e+00)
    (7.0170382867e-21 0.0000000000e+00)
    (7.3347381708e-21 0.0000000000e+00)
    (7.6668220745e-21 0.0000000000e+00)
    (8.0139412415e-21 0.0000000000e+00)
    (8.3767764007e-21 0.0000000000e+00)
    (8.7560391014e-21 0.0000000000e+00)
    (9.1524731088e-21 0.0000000000e+00)
    (9.5668558622e-21 0.0000000000e+00)
    (1.0000000000e-20 0.0000000000e+00)
    (1.0452754953e-20 0.0000000000e+00)
    (1.0926008611e-20 0.0000000000e+00)
    (1.1420689063e-20 0.0000000000e+00)
    (1.1937766417e-20 3.5708245124e-23)
    (1.2478254705e-20 6.8776627296e-23)
    (1.3043213867e-20 1.2817993638e-22)
    (1.3633751836e-20 2.3221405473e-22)
    (1.4251026703e-20 4.0998260974e-22)
    (1.4896248996e-20 7.0661407154e-22)
    (1.5570684048e-20 1.1903843745e-21)
    (1.6275654480e-20 1.9621699226e-21)
    (1.7012542799e-20 3.1676583629e-21)
    (1.7782794100e-20 5.0126268735e-21)
    (1.8587918911e-20 7.7817111293e-21)
    (1.9429496147e-20 2.4421838540e-20)
    (2.0309176209e-20 3.8186408069e-20)
    (2.1228684221e-20 5.8729596196e-20)
    (2.2189823415e-20 9.0142724065e-20)
    (2.3194478661e-20 1.3380759906e-19)
    (2.4244620171e-20 1.9579554799e-19)
    (2.5342307358e-20 2.8256036366e-19)
    (2.6489692876e-20 4.0235627760e-19)
    (2.7689026842e-20 5.7738694226e-19)
    (2.8942661247e-20 8.0787837482e-19)
    (3.0253054571e-20 1.1019409923e-18)
    (3.1622776602e-20 1.4859392642e-18)
    (3.3054513476e-20 2.0029849558e-18)
    (3.4551072946e-20 2.6389742361e-18)
    (3.6115389887e-20 3.4406680140e-18)
    (3.7750532053e-20 4.4401273067e-18)
    (3.9459706091e-20 5.7038791603e-18)
    (4.1246263829e-20 7.2097996473e-18)
    (4.3113708854e-20 9.0260741636e-18)
    (4.5065703377e-20 1.1193163856e-17)
    (4.7106075420e-20 1.3750945472e-17)
    (4.9238826317e-20 1.6863400069e-17)
    (5.1468138568e-20 2.0319860830e-17)
    (5.3798384034e-20 2.4263791082e-17)
    (5.6234132519e-20 2.8712955189e-17)
    (5.8780160723e-20 3.3780080356e-17)
    (6.1441461614e-20 3.9248223232e-17)
    (6.4223254222e-20 4.5199562733e-17)
    (6.7130993868e-20 5.1597062315e-17)
    (7.0170382867e-20 5.8387730548e-17)
    (7.3347381708e-20 6.5644802276e-17)
    (7.6668220745e-20 7.2991502342e-17)
    (8.0139412415e-20 8.0487897723e-17)
    (8.3767764007e-20 8.8034515294e-17)
    (8.7560391014e-20 9.5528414812e-17)
    (9.1524731088e-20 1.0302070711e-16)
    (9.5668558622e-20 1.1009177753e-16)
    (1.0000000000e-19 1.1682076085e-16)
    (1.0452754953e-19 1.2312978021e-16)
    (1.0926008611e-19 1.2899172294e-16)
    (1.1420689063e-19 1.3427654669e-16)
    (1.1937766417e-19 1.3899094745e-16)
    (1.2478254705e-19 1.4311334886e-16)
    (1.3043213867e-19 1.4663533118e-16)
    (1.3633751836e-19 1.4974200117e-16)
    (1.4251026703e-19 1.5205985631e-16)
    (1.4896248996e-19 1.5381767942e-16)
    (1.5570684048e-19 1.5504280917e-16)
    (1.6275654480e-19 1.5576710552e-16)
    (1.7012542799e-19 1.5603054933e-16)
    (1.7782794100e-19 1.5585572123e-16)
    (1.8587918911e-19 1.5528952948e-16)
    (1.9429496147e-19 1.5436863999e-16)
    (2.0309176209e-19 1.5312876683e-16)
    (2.1228684221e-19 1.5160417054e-16)
    (2.2189823415e-19 1.4982730986e-16)
    (2.3194478661e-19 1.4782862094e-16)
    (2.4244620171e-19 1.4563757070e-16)
    (2.5342307358e-19 1.4327803990e-16)
    (2.6489692876e-19 1.4074646441e-16)
    (2.7689026842e-19 1.3812141800e-16)
    (2.8942661247e-19 1.3539491911e-16)
    (3.0253054571e-19 1.3258492892e-16)
    (3.1622776602e-19 1.2982678545e-16)
    (3.3054513476e-19 1.2688900839e-16)
    (3.4551072946e-19 1.2391215396e-16)
    (3.6115389887e-19 1.2082402682e-16)
    (3.7750532053e-19 1.1780313472e-16)
    (3.9459706091e-19 1.1477575140e-16)
    (4.1246263829e-19 1.1175016893e-16)
    (4.3113708854e-19 1.0873378133e-16)
    (4.5065703377e-19 1.0573316736e-16)
    (4.7106075420e-19 1.0280271209e-16)
    (4.9238826317e-19 9.9847194367e-17)
    (5.1468138568e-19 9.6923195618e-17)
    (5.3798384034e-19 9.4034660876e-17)
    (5.6234132519e-19 9.1149849175e-17)
    (5.8780160723e-19 8.8344455303e-17)
    (6.1441461614e-19 8.5583513620e-17)
    (6.4223254222e-19 7.6026676236e-17)
    (6.7130993868e-19 7.3109964405e-17)
    (7.0170382867e-19 7.0293474236e-17)
    (7.3347381708e-19 6.7541596760e-17)
    (7.6668220745e-19 6.4855963148e-17)
    (8.0139412415e-19 6.2319903000e-17)
    (8.3767764007e-19 5.9763923797e-17)
    (8.7560391014e-19 5.7236955238e-17)
    (9.1524731088e-19 5.4826511841e-17)
    (9.5668558622e-19 5.2487048501e-17)
    (1.0000000000e-18 5.0194771482e-17)
    (1.0452754953e-18 4.7999587144e-17)
    (1.0926008611e-18 4.5874325859e-17)
    (1.1420689063e-18 4.3860878861e-17)
    (1.1937766417e-18 4.1867032428e-17)
    (1.2478254705e-18 3.9941895369e-17)
    (1.3043213867e-18 3.8084176582e-17)
    (1.3633751836e-18 3.6266920683e-17)
    (1.4251026703e-18 3.4544042039e-17)
    (1.4896248996e-18 3.2884630809e-17)
    (1.5570684048e-18 3.1268391638e-17)
    (1.6275654480e-18 2.9734799890e-17)
    (1.7012542799e-18 2.8260451064e-17)
    (1.7782794100e-18 2.6843239757e-17)
    (1.8587918911e-18 2.5516791741e-17)
    (1.9429496147e-18 2.4206680959e-17)
    (2.0309176209e-18 2.2950135116e-17)
    (2.1228684221e-18 2.1732202857e-17)
    (2.2189823415e-18 2.0582434037e-17)
    (2.3194478661e-18 1.9481324740e-17)
    (2.4244620171e-18 1.8415653929e-17)
    (2.5342307358e-18 1.7412282295e-17)
    (2.6489692876e-18 1.6453573071e-17)
    (2.7689026842e-18 1.5509100829e-17)
    (2.8942661247e-18 1.4665511681e-17)
    (3.0253054571e-18 1.3841713161e-17)
    (3.1622776602e-18 1.3011380475e-17)
    (3.3054513476e-18 1.2288370746e-17)
    (3.4551072946e-18 1.1545102057e-17)
    (3.6115389887e-18 1.0877337207e-17)
    (3.7750532053e-18 1.0223728511e-17)
    (3.9459706091e-18 9.6111040642e-18)
    (4.1246263829e-18 9.0051158825e-18)
    (4.3113708854e-18 8.4687759452e-18)
    (4.5065703377e-18 7.9221255359e-18)
    (4.7106075420e-18 7.4255937205e-18)
    (4.9238826317e-18 6.9516696859e-18)
    (5.1468138568e-18 6.5016752560e-18)
    (5.3798384034e-18 6.0771412757e-18)
    (5.6234132519e-18 5.6804801154e-18)
    (5.8780160723e-18 5.3002469322e-18)
    (6.1441461614e-18 4.9418614347e-18)
    (6.4223254222e-18 4.6027184096e-18)
    (6.7130993868e-18 4.2825686480e-18)
    (7.0170382867e-18 3.9830677680e-18)
    (7.3347381708e-18 3.6985610162e-18)
    (7.6668220745e-18 3.4392168439e-18)
    (8.0139412415e-18 3.1876708707e-18)
    (8.3767764007e-18 2.9508133027e-18)
    (8.7560391014e-18 2.7182256971e-18)
    (9.1524731088e-18 2.5058851025e-18)
    (9.5668558622e-18 2.3142661959e-18)
    (1.0000000000e-17 2.1210567029e-18)
);
