// k[EI_N2_EXC_N2_A3_V10] [m^3/s] vs reducedE [V m^2]; air_plasma [94c490be646f8872], T_gas = 300.000000 K
(
    (0 0.0000000000e+00)
    (1.0000000000e-22 0.0000000000e+00)
    (1.0452754953e-22 0.0000000000e+00)
    (1.0926008611e-22 0.0000000000e+00)
    (1.1420689063e-22 0.0000000000e+00)
    (1.1937766417e-22 0.0000000000e+00)
    (1.2478254705e-22 0.0000000000e+00)
    (1.3043213867e-22 0.0000000000e+00)
    (1.3633751836e-22 0.0000000000e+00)
    (1.4251026703e-22 0.0000000000e+00)
    (1.4896248996e-22 0.0000000000e+00)
    (1.5570684048e-22 0.0000000000e+00)
    (1.6275654480e-22 0.0000000000e+00)
    (1.7012542799e-22 0.0000000000e+00)
    (1.7782794100e-22 0.0000000000e+00)
    (1.8587918911e-22 0.0000000000e+00)
    (1.9429496147e-22 0.0000000000e+00)
    (2.0309176209e-22 0.0000000000e+00)
    (2.1228684221e-22 0.0000000000e+00)
    (2.2189823415e-22 0.0000000000e+00)
    (2.3194478661e-22 0.0000000000e+00)
    (2.4244620171e-22 0.0000000000e+00)
    (2.5342307358e-22 0.0000000000e+00)
    (2.6489692876e-22 0.0000000000e+00)
    (2.7689026842e-22 0.0000000000e+00)
    (2.8942661247e-22 0.0000000000e+00)
    (3.0253054571e-22 0.0000000000e+00)
    (3.1622776602e-22 0.0000000000e+00)
    (3.3054513476e-22 0.0000000000e+00)
    (3.4551072946e-22 0.0000000000e+00)
    (3.6115389887e-22 0.0000000000e+00)
    (3.7750532053e-22 0.0000000000e+00)
    (3.9459706091e-22 0.0000000000e+00)
    (4.1246263829e-22 0.0000000000e+00)
    (4.3113708854e-22 0.0000000000e+00)
    (4.5065703377e-22 0.0000000000e+00)
    (4.7106075420e-22 0.0000000000e+00)
    (4.9238826317e-22 0.0000000000e+00)
    (5.1468138568e-22 0.0000000000e+00)
    (5.3798384034e-22 0.0000000000e+00)
    (5.6234132519e-22 0.0000000000e+00)
    (5.8780160723e-22 0.0000000000e+00)
    (6.1441461614e-22 0.0000000000e+00)
    (6.4223254222e-22 0.0000000000e+00)
    (6.7130993868e-22 0.0000000000e+00)
    (7.0170382867e-22 0.0000000000e+00)
    (7.3347381708e-22 0.0000000000e+00)
    (7.6668220745e-22 0.0000000000e+00)
    (8.0139412415e-22 0.0000000000e+00)
    (8.3767764007e-22 0.0000000000e+00)
    (8.7560391014e-22 0.0000000000e+00)
    (9.1524731088e-22 0.0000000000e+00)
    (9.5668558622e-22 0.0000000000e+00)
    (1.0000000000e-21 0.0000000000e+00)
    (1.0452754953e-21 0.0000000000e+00)
    (1.0926008611e-21 0.0000000000e+00)
    (1.1420689063e-21 0.0000000000e+00)
    (1.1937766417e-21 0.0000000000e+00)
    (1.2478254705e-21 0.0000000000e+00)
    (1.3043213867e-21 0.0000000000e+00)
    (1.3633751836e-21 0.0000000000e+00)
    (1.4251026703e-21 0.0000000000e+00)
    (1.4896248996e-21 0.0000000000e+00)
    (1.5570684048e-21 0.0000000000e+00)
    (1.6275654480e-21 0.0000000000e+00)
    (1.7012542799e-21 0.0000000000e+00)
    (1.7782794100e-21 0.0000000000e+00)
    (1.8587918911e-21 0.0000000000e+00)
    (1.9429496147e-21 0.0000000000e+00)
    (2.0309176209e-21 0.0000000000e+00)
    (2.1228684221e-21 0.0000000000e+00)
    (2.2189823415e-21 0.0000000000e+00)
    (2.3194478661e-21 0.0000000000e+00)
    (2.4244620171e-21 0.0000000000e+00)
    (2.5342307358e-21 0.0000000000e+00)
    (2.6489692876e-21 0.0000000000e+00)
    (2.7689026842e-21 0.0000000000e+00)
    (2.8942661247e-21 0.0000000000e+00)
    (3.0253054571e-21 0.0000000000e+00)
    (3.1622776602e-21 0.0000000000e+00)
    (3.3054513476e-21 0.0000000000e+00)
    (3.4551072946e-21 0.0000000000e+00)
    (3.6115389887e-21 0.0000000000e+00)
    (3.7750532053e-21 0.0000000000e+00)
    (3.9459706091e-21 0.0000000000e+00)
    (4.1246263829e-21 0.0000000000e+00)
    (4.3113708854e-21 0.0000000000e+00)
    (4.5065703377e-21 0.0000000000e+00)
    (4.7106075420e-21 0.0000000000e+00)
    (4.9238826317e-21 0.0000000000e+00)
    (5.1468138568e-21 0.0000000000e+00)
    (5.3798384034e-21 0.0000000000e+00)
    (5.6234132519e-21 0.0000000000e+00)
    (5.8780160723e-21 0.0000000000e+00)
    (6.1441461614e-21 0.0000000000e+00)
    (6.4223254222e-21 0.0000000000e+00)
    (6.7130993868e-21 0.0000000000e+00)
    (7.0170382867e-21 0.0000000000e+00)
    (7.3347381708e-21 0.0000000000e+00)
    (7.6668220745e-21 0.0000000000e+00)
    (8.0139412415e-21 0.0000000000e+00)
    (8.3767764007e-21 0.0000000000e+00)
    (8.7560391014e-21 0.0000000000e+00)
    (9.1524731088e-21 0.0000000000e+00)
    (9.5668558622e-21 0.0000000000e+00)
    (1.0000000000e-20 0.0000000000e+00)
    (1.0452754953e-20 0.0000000000e+00)
    (1.0926008611e-20 0.0000000000e+00)
    (1.1420689063e-20 0.0000000000e+00)
    (1.1937766417e-20 0.0000000000e+00)
    (1.2478254705e-20 0.0000000000e+00)
    (1.3043213867e-20 0.0000000000e+00)
    (1.3633751836e-20 0.0000000000e+00)
    (1.4251026703e-20 0.0000000000e+00)
    (1.4896248996e-20 0.0000000000e+00)
    (1.5570684048e-20 0.0000000000e+00)
    (1.6275654480e-20 0.0000000000e+00)
    (1.7012542799e-20 0.0000000000e+00)
    (1.7782794100e-20 0.0000000000e+00)
    (1.8587918911e-20 0.0000000000e+00)
    (1.9429496147e-20 0.0000000000e+00)
    (2.0309176209e-20 0.0000000000e+00)
    (2.1228684221e-20 0.0000000000e+00)
    (2.2189823415e-20 0.0000000000e+00)
    (2.3194478661e-20 0.0000000000e+00)
    (2.4244620171e-20 0.0000000000e+00)
    (2.5342307358e-20 0.0000000000e+00)
    (2.6489692876e-20 0.0000000000e+00)
    (2.7689026842e-20 6.0730078688e-22)
    (2.8942661247e-20 1.3838592508e-21)
    (3.0253054571e-20 2.4626096048e-21)
    (3.1622776602e-20 4.2846357828e-21)
    (3.3054513476e-20 7.4745454790e-21)
    (3.4551072946e-20 1.2489297251e-20)
    (3.6115389887e-20 2.0459035859e-20)
    (3.7750532053e-20 3.2882916152e-20)
    (3.9459706091e-20 5.1966856419e-20)
    (4.1246263829e-20 8.0439524933e-20)
    (4.3113708854e-20 1.2242020649e-19)
    (4.5065703377e-20 1.8328442689e-19)
    (4.7106075420e-20 2.7009410287e-19)
    (4.9238826317e-20 3.9487090664e-19)
    (5.1468138568e-20 5.6392028648e-19)
    (5.3798384034e-20 7.9381565327e-19)
    (5.6234132519e-20 1.1018464706e-18)
    (5.8780160723e-20 1.5139385855e-18)
    (6.1441461614e-20 2.0442841928e-18)
    (6.4223254222e-20 2.7247558508e-18)
    (6.7130993868e-20 3.5859033380e-18)
    (7.0170382867e-20 4.6610791532e-18)
    (7.3347381708e-20 5.9995635060e-18)
    (7.6668220745e-20 7.6110302351e-18)
    (8.0139412415e-20 9.5463140688e-18)
    (8.3767764007e-20 1.1842709248e-17)
    (8.7560391014e-20 1.4536302487e-17)
    (9.1524731088e-20 1.7701652456e-17)
    (9.5668558622e-20 2.1290492161e-17)
    (1.0000000000e-19 2.5369227098e-17)
    (1.0452754953e-19 2.9962097549e-17)
    (1.0926008611e-19 3.5101694454e-17)
    (1.1420689063e-19 4.0779957944e-17)
    (1.1937766417e-19 4.7022423288e-17)
    (1.2478254705e-19 5.3838784953e-17)
    (1.3043213867e-19 6.1235669803e-17)
    (1.3633751836e-19 6.9255237520e-17)
    (1.4251026703e-19 7.7815655232e-17)
    (1.4896248996e-19 8.6960811062e-17)
    (1.5570684048e-19 9.6687761874e-17)
    (1.6275654480e-19 1.0699150843e-16)
    (1.7012542799e-19 1.1788092899e-16)
    (1.7782794100e-19 1.2931110524e-16)
    (1.8587918911e-19 1.4129101295e-16)
    (1.9429496147e-19 1.5380722888e-16)
    (2.0309176209e-19 1.6684398047e-16)
    (2.1228684221e-19 1.8038304232e-16)
    (2.2189823415e-19 1.9440364822e-16)
    (2.3194478661e-19 2.0888243382e-16)
    (2.4244620171e-19 2.2376222485e-16)
    (2.5342307358e-19 2.3907851351e-16)
    (2.6489692876e-19 2.5474596555e-16)
    (2.7689026842e-19 2.7077744414e-16)
    (2.8942661247e-19 2.8711559782e-16)
    (3.0253054571e-19 3.0372341519e-16)
    (3.1622776602e-19 3.2054254295e-16)
    (3.3054513476e-19 3.3756978395e-16)
    (3.4551072946e-19 3.5474809155e-16)
    (3.6115389887e-19 3.7216631786e-16)
    (3.7750532053e-19 3.8951141732e-16)
    (3.9459706091e-19 4.0688256064e-16)
    (4.1246263829e-19 4.2423792426e-16)
    (4.3113708854e-19 4.4153610348e-16)
    (4.5065703377e-19 4.5873633200e-16)
    (4.7106075420e-19 4.7564783625e-16)
    (4.9238826317e-19 4.9253733691e-16)
    (5.1468138568e-19 5.0921079832e-16)
    (5.3798384034e-19 5.2563198382e-16)
    (5.6234132519e-19 5.4166589472e-16)
    (5.8780160723e-19 5.5748055062e-16)
    (6.1441461614e-19 5.7293855780e-16)
    (6.4223254222e-19 6.2138438024e-16)
    (6.7130993868e-19 6.3686908695e-16)
    (7.0170382867e-19 6.5184048977e-16)
    (7.3347381708e-19 6.6616337770e-16)
    (7.6668220745e-19 6.7979523141e-16)
    (8.0139412415e-19 6.9261168077e-16)
    (8.3767764007e-19 7.0474804914e-16)
    (8.7560391014e-19 7.1589058026e-16)
    (9.1524731088e-19 7.2640129304e-16)
    (9.5668558622e-19 7.3604558696e-16)
    (1.0000000000e-18 7.4468293035e-16)
    (1.0452754953e-18 7.5251258479e-16)
    (1.0926008611e-18 7.5939913379e-16)
    (1.1420689063e-18 7.6522433213e-16)
    (1.1937766417e-18 7.7016093642e-16)
    (1.2478254705e-18 7.7410245150e-16)
    (1.3043213867e-18 7.7703515869e-16)
    (1.3633751836e-18 7.7872206104e-16)
    (1.4251026703e-18 7.7963054435e-16)
    (1.4896248996e-18 7.7951168914e-16)
    (1.5570684048e-18 7.7814827863e-16)
    (1.6275654480e-18 7.7599620059e-16)
    (1.7012542799e-18 7.7282741152e-16)
    (1.7782794100e-18 7.6864016902e-16)
    (1.8587918911e-18 7.6330970306e-16)
    (1.9429496147e-18 7.5717697828e-16)
    (2.0309176209e-18 7.5007313295e-16)
    (2.1228684221e-18 7.4195181538e-16)
    (2.2189823415e-18 7.3303085323e-16)
    (2.3194478661e-18 7.2321273949e-16)
    (2.4244620171e-18 7.1242505161e-16)
    (2.5342307358e-18 7.0098978141e-16)
    (2.6489692876e-18 6.8856412541e-16)
    (2.7689026842e-18 6.7467414143e-16)
    (2.8942661247e-18 6.6205243018e-16)
    (3.0253054571e-18 6.4763233107e-16)
    (3.1622776602e-18 6.3192464654e-16)
    (3.3054513476e-18 6.1742983430e-16)
    (3.4551072946e-18 6.0095432297e-16)
    (3.6115389887e-18 5.8516587932e-16)
    (3.7750532053e-18 5.6835963483e-16)
    (3.9459706091e-18 5.5050256798e-16)
    (4.1246263829e-18 5.3381620707e-16)
    (4.3113708854e-18 5.1587288673e-16)
    (4.5065703377e-18 4.9852273311e-16)
    (4.7106075420e-18 4.8057109883e-16)
    (4.9238826317e-18 4.6261634143e-16)
    (5.1468138568e-18 4.4446329242e-16)
    (5.3798384034e-18 4.2649889638e-16)
    (5.6234132519e-18 4.0850950044e-16)
    (5.8780160723e-18 3.9071820419e-16)
    (6.1441461614e-18 3.7294915077e-16)
    (6.4223254222e-18 3.5550404920e-16)
    (6.7130993868e-18 3.3827334651e-16)
    (7.0170382867e-18 3.2127503843e-16)
    (7.3347381708e-18 3.0462181170e-16)
    (7.6668220745e-18 2.8766546654e-16)
    (8.0139412415e-18 2.7165401639e-16)
    (8.3767764007e-18 2.5622117769e-16)
    (8.7560391014e-18 2.4142232593e-16)
    (9.1524731088e-18 2.2590877390e-16)
    (9.5668558622e-18 2.1243938539e-16)
    (1.0000000000e-17 1.9791390943e-16)
);
