// k[EI_N2_EXC_N2_A3_V0_4] [m^3/s] vs mean energy [eV]; air_plasma [94c490be646f8872], T_gas = 300.000000 K
(
    (0 0.0000000000e+00)
    (1.3716749438e-01 0.0000000000e+00)
    (1.4076979314e-01 0.0000000000e+00)
    (1.4397604008e-01 0.0000000000e+00)
    (1.4684113805e-01 0.0000000000e+00)
    (1.4941204783e-01 0.0000000000e+00)
    (1.5172864004e-01 0.0000000000e+00)
    (1.5382482203e-01 0.0000000000e+00)
    (1.5572964088e-01 0.0000000000e+00)
    (1.5746824649e-01 0.0000000000e+00)
    (1.5906268561e-01 0.0000000000e+00)
    (1.6040186980e-01 0.0000000000e+00)
    (1.6189539494e-01 0.0000000000e+00)
    (1.6316727128e-01 0.0000000000e+00)
    (1.6436286366e-01 0.0000000000e+00)
    (1.6549578572e-01 0.0000000000e+00)
    (1.6657873020e-01 0.0000000000e+00)
    (1.6762359287e-01 0.0000000000e+00)
    (1.6865359887e-01 0.0000000000e+00)
    (1.6965539117e-01 0.0000000000e+00)
    (1.7065096866e-01 0.0000000000e+00)
    (1.7163702901e-01 0.0000000000e+00)
    (1.7264762429e-01 0.0000000000e+00)
    (1.7367878080e-01 0.0000000000e+00)
    (1.7473849913e-01 0.0000000000e+00)
    (1.7583432821e-01 0.0000000000e+00)
    (1.7697337833e-01 0.0000000000e+00)
    (1.7816233417e-01 0.0000000000e+00)
    (1.7940746844e-01 0.0000000000e+00)
    (1.8071465956e-01 0.0000000000e+00)
    (1.8208941158e-01 0.0000000000e+00)
    (1.8353687952e-01 0.0000000000e+00)
    (1.8506190021e-01 0.0000000000e+00)
    (1.8666902928e-01 0.0000000000e+00)
    (1.8836258474e-01 0.0000000000e+00)
    (1.9014669747e-01 0.0000000000e+00)
    (1.9202536831e-01 0.0000000000e+00)
    (1.9400253175e-01 0.0000000000e+00)
    (1.9608212573e-01 0.0000000000e+00)
    (1.9826816696e-01 0.0000000000e+00)
    (2.0056483136e-01 0.0000000000e+00)
    (2.0297653896e-01 0.0000000000e+00)
    (2.0550804255e-01 0.0000000000e+00)
    (2.0816451961e-01 0.0000000000e+00)
    (2.1095166654e-01 0.0000000000e+00)
    (2.1387579417e-01 0.0000000000e+00)
    (2.1694256551e-01 0.0000000000e+00)
    (2.2014788174e-01 0.0000000000e+00)
    (2.2353446165e-01 0.0000000000e+00)
    (2.2709477487e-01 0.0000000000e+00)
    (2.3084127841e-01 0.0000000000e+00)
    (2.3479833990e-01 0.0000000000e+00)
    (2.3896131204e-01 0.0000000000e+00)
    (2.4336011410e-01 0.0000000000e+00)
    (2.4801612280e-01 0.0000000000e+00)
    (2.5295360836e-01 0.0000000000e+00)
    (2.5819915170e-01 0.0000000000e+00)
    (2.6378576428e-01 0.0000000000e+00)
    (2.6974626976e-01 0.0000000000e+00)
    (2.7611829297e-01 0.0000000000e+00)
    (2.8294269841e-01 0.0000000000e+00)
    (2.9026321198e-01 0.0000000000e+00)
    (2.9812580887e-01 0.0000000000e+00)
    (3.0657783145e-01 0.0000000000e+00)
    (3.1566682518e-01 0.0000000000e+00)
    (3.2543909275e-01 0.0000000000e+00)
    (3.3590887576e-01 0.0000000000e+00)
    (3.4717223366e-01 0.0000000000e+00)
    (3.5923184525e-01 0.0000000000e+00)
    (3.7211014051e-01 0.0000000000e+00)
    (3.8581860584e-01 0.0000000000e+00)
    (4.0035610545e-01 0.0000000000e+00)
    (4.1570760906e-01 0.0000000000e+00)
    (4.3184344429e-01 0.0000000000e+00)
    (4.4871916534e-01 0.0000000000e+00)
    (4.6627608546e-01 0.0000000000e+00)
    (4.8444246122e-01 0.0000000000e+00)
    (5.0313526437e-01 0.0000000000e+00)
    (5.2226243543e-01 0.0000000000e+00)
    (5.4172546688e-01 0.0000000000e+00)
    (5.6142215538e-01 0.0000000000e+00)
    (5.8124935489e-01 0.0000000000e+00)
    (6.0110557847e-01 0.0000000000e+00)
    (6.2089332763e-01 0.0000000000e+00)
    (6.4052105642e-01 0.0000000000e+00)
    (6.5990472218e-01 0.0000000000e+00)
    (6.7896890624e-01 0.0000000000e+00)
    (6.9764751934e-01 0.0000000000e+00)
    (7.1588412933e-01 0.0000000000e+00)
    (7.3358637930e-01 0.0000000000e+00)
    (7.5079958278e-01 0.0000000000e+00)
    (7.6745534914e-01 0.0000000000e+00)
    (7.8353257443e-01 0.0000000000e+00)
    (7.9901752925e-01 0.0000000000e+00)
    (8.1390306874e-01 0.0000000000e+00)
    (8.2818782881e-01 0.0000000000e+00)
    (8.4187543928e-01 0.0000000000e+00)
    (8.5497377065e-01 0.0000000000e+00)
    (8.6749423532e-01 0.0000000000e+00)
    (8.7945114959e-01 0.0000000000e+00)
    (8.9086116369e-01 0.0000000000e+00)
    (9.0174276209e-01 0.0000000000e+00)
    (9.1211583392e-01 0.0000000000e+00)
    (9.2200131124e-01 0.0000000000e+00)
    (9.3142087166e-01 0.0000000000e+00)
    (9.4039670018e-01 0.0000000000e+00)
    (9.4895130466e-01 0.0000000000e+00)
    (9.5710737851e-01 0.0000000000e+00)
    (9.6488770504e-01 0.0000000000e+00)
    (9.7229590480e-01 0.0000000000e+00)
    (9.7938516806e-01 0.0000000000e+00)
    (9.8616493157e-01 0.0000000000e+00)
    (9.9265725541e-01 0.0000000000e+00)
    (9.9888405066e-01 0.0000000000e+00)
    (1.0048670871e+00 0.0000000000e+00)
    (1.0106280072e+00 0.0000000000e+00)
    (1.0161883436e+00 0.0000000000e+00)
    (1.0215695406e+00 0.0000000000e+00)
    (1.0267929771e+00 0.0000000000e+00)
    (1.0318799906e+00 0.0000000000e+00)
    (1.0368231653e+00 0.0000000000e+00)
    (1.0417033545e+00 0.0000000000e+00)
    (1.0465120906e+00 0.0000000000e+00)
    (1.0510868807e+00 9.2767518856e-27)
    (1.0558591909e+00 1.7436416881e-26)
    (1.0606532018e+00 3.1622768939e-26)
    (1.0655074201e+00 5.5641312121e-26)
    (1.0704684874e+00 9.5273168755e-26)
    (1.0751997678e+00 8.3732081838e-22)
    (1.0804337622e+00 1.4198848644e-21)
    (1.0860944541e+00 2.3825881253e-21)
    (1.0921800386e+00 3.9165531215e-21)
    (1.0986620881e+00 6.3910595708e-21)
    (1.1060807530e+00 1.0097336950e-20)
    (1.1144567565e+00 1.5669795675e-20)
    (1.1240549778e+00 2.3903667796e-20)
    (1.1350476813e+00 3.6079819575e-20)
    (1.1481500998e+00 5.3225983337e-20)
    (1.1636258816e+00 7.7340133900e-20)
    (1.1819885903e+00 1.1074876086e-19)
    (1.2038177970e+00 1.5636397283e-19)
    (1.2301634392e+00 2.1951499686e-19)
    (1.2609969547e+00 3.0138774583e-19)
    (1.2973623011e+00 4.0853111463e-19)
    (1.3400043219e+00 5.4689428300e-19)
    (1.3902463434e+00 7.2584936755e-19)
    (1.4476740790e+00 9.4809072136e-19)
    (1.5134371389e+00 1.2241165920e-18)
    (1.5880617832e+00 1.5626951613e-18)
    (1.6719409936e+00 1.9729412121e-18)
    (1.7660607111e+00 2.4697269510e-18)
    (1.8689224012e+00 3.0507568248e-18)
    (1.9811674971e+00 3.7302661727e-18)
    (2.1024762205e+00 4.5162563703e-18)
    (2.2323544682e+00 5.4158567342e-18)
    (2.3723894733e+00 6.4499775859e-18)
    (2.5173051548e+00 7.5941955978e-18)
    (2.6685098830e+00 8.8666225609e-18)
    (2.8251127850e+00 1.0269826277e-17)
    (2.9864403851e+00 1.1809457989e-17)
    (3.1511716909e+00 1.3477460084e-17)
    (3.3187345269e+00 1.5277825380e-17)
    (3.4884072290e+00 1.7209498795e-17)
    (3.6595680233e+00 1.9270866569e-17)
    (3.8329812664e+00 2.1471752817e-17)
    (4.0054036496e+00 2.3783896987e-17)
    (4.1781426577e+00 2.6218727325e-17)
    (4.3510158693e+00 2.8773427271e-17)
    (4.5239369987e+00 3.1444985505e-17)
    (4.6971621124e+00 3.4234883583e-17)
    (4.8701409956e+00 3.7129123040e-17)
    (5.0433978981e+00 4.0130043921e-17)
    (5.2171246269e+00 4.3233709284e-17)
    (5.3915564385e+00 4.6435857693e-17)
    (5.5669629672e+00 4.9731863514e-17)
    (5.7436400437e+00 5.3116701417e-17)
    (5.9219025873e+00 5.6584918547e-17)
    (6.1010979378e+00 6.0121824462e-17)
    (6.2835570480e+00 6.3738989406e-17)
    (6.4679920424e+00 6.7414721753e-17)
    (6.6560078498e+00 7.1154071574e-17)
    (6.8473428105e+00 7.4943570933e-17)
    (7.0423340173e+00 7.8775358832e-17)
    (7.2409465160e+00 8.2636221062e-17)
    (7.4442081971e+00 8.6527189651e-17)
    (7.6521663603e+00 9.0435519182e-17)
    (7.8676105911e+00 9.4385678523e-17)
    (8.0858487204e+00 9.8299888172e-17)
    (8.3098278045e+00 1.0220546424e-16)
    (8.5398932951e+00 1.0609372386e-16)
    (8.7763949131e+00 1.0995608378e-16)
    (9.0196879697e+00 1.1378410345e-16)
    (9.2670974767e+00 1.1753200814e-16)
    (9.5251096886e+00 1.2126795226e-16)
    (9.7910839770e+00 1.2494510671e-16)
    (1.0065371630e+01 1.2855601868e-16)
    (1.0346344593e+01 1.3206896068e-16)
    (1.0638438926e+01 1.3552660018e-16)
    (1.0940187398e+01 1.3889644221e-16)
    (1.1925355136e+01 1.4950745262e-16)
    (1.2308824412e+01 1.5284091200e-16)
    (1.2709276652e+01 1.5605416074e-16)
    (1.3126439691e+01 1.5911570819e-16)
    (1.3561263285e+01 1.6201666132e-16)
    (1.4012493747e+01 1.6472863353e-16)
    (1.4484291915e+01 1.6728503077e-16)
    (1.4973992379e+01 1.6961221906e-16)
    (1.5487666223e+01 1.7179731417e-16)
    (1.6023909695e+01 1.7378542180e-16)
    (1.6583468512e+01 1.7554437047e-16)
    (1.7168941463e+01 1.7712164997e-16)
    (1.7781023452e+01 1.7848617022e-16)
    (1.8422151615e+01 1.7961000190e-16)
    (1.9092649339e+01 1.8053594022e-16)
    (1.9794733945e+01 1.8123861212e-16)
    (2.0530664058e+01 1.8171522504e-16)
    (2.1299508263e+01 1.8191068367e-16)
    (2.2109288431e+01 1.8193478249e-16)
    (2.2959485968e+01 1.8172943312e-16)
    (2.3850104879e+01 1.8124409146e-16)
    (2.4788921536e+01 1.8058545272e-16)
    (2.5776295005e+01 1.7970028390e-16)
    (2.6817698048e+01 1.7858820458e-16)
    (2.7909067436e+01 1.7722043594e-16)
    (2.9061538888e+01 1.7567585496e-16)
    (3.0279874265e+01 1.7391525238e-16)
    (3.1556757395e+01 1.7192771572e-16)
    (3.2908931845e+01 1.6976380952e-16)
    (3.4342348823e+01 1.6740059670e-16)
    (3.5842127009e+01 1.6482075723e-16)
    (3.7437719791e+01 1.6209943041e-16)
    (3.9117090489e+01 1.5915619340e-16)
    (4.0644106575e+01 1.5588082122e-16)
    (4.2796040127e+01 1.5290811657e-16)
    (4.4789131155e+01 1.4952507275e-16)
    (4.6589221150e+01 1.4584778379e-16)
    (4.9179324484e+01 1.4246231912e-16)
    (5.1201199815e+01 1.3861963890e-16)
    (5.4099126670e+01 1.3494514302e-16)
    (5.6778858337e+01 1.3103914488e-16)
    (5.9117854096e+01 1.2689440653e-16)
    (6.2718461942e+01 1.2302289414e-16)
    (6.5410085846e+01 1.1886678045e-16)
    (6.9496742822e+01 1.1484952850e-16)
    (7.3180976752e+01 1.1069711093e-16)
    (7.7182577491e+01 1.0654705529e-16)
    (8.1420085225e+01 1.0235341045e-16)
    (8.6011788405e+01 9.8205995996e-17)
    (9.0867763137e+01 9.4055737449e-17)
    (9.6165388139e+01 8.9951889801e-17)
    (1.0177823578e+02 8.5854635338e-17)
    (1.0792309375e+02 8.1833504173e-17)
    (1.1458604701e+02 7.7862946489e-17)
    (1.2160542734e+02 7.3946255741e-17)
    (1.2939531717e+02 7.0110668911e-17)
    (1.3542361118e+02 6.6208656865e-17)
    (1.4388362195e+02 6.2525452637e-17)
    (1.5371740495e+02 5.8971866621e-17)
    (1.6736124994e+02 5.5559753153e-17)
    (1.7556818514e+02 5.1994852839e-17)
    (1.9180551086e+02 4.8889300816e-17)
    (2.0148427830e+02 4.5551102031e-17)
);
