// k[EI_N2_ION_N2_B2SIGMA] [m^3/s] vs reducedE [V m^2]; air_plasma [94c490be646f8872], T_gas = 300.000000 K
(
    (0 0.0000000000e+00)
    (1.0000000000e-22 0.0000000000e+00)
    (1.0452754953e-22 0.0000000000e+00)
    (1.0926008611e-22 0.0000000000e+00)
    (1.1420689063e-22 0.0000000000e+00)
    (1.1937766417e-22 0.0000000000e+00)
    (1.2478254705e-22 0.0000000000e+00)
    (1.3043213867e-22 0.0000000000e+00)
    (1.3633751836e-22 0.0000000000e+00)
    (1.4251026703e-22 0.0000000000e+00)
    (1.4896248996e-22 0.0000000000e+00)
    (1.5570684048e-22 0.0000000000e+00)
    (1.6275654480e-22 0.0000000000e+00)
    (1.7012542799e-22 0.0000000000e+00)
    (1.7782794100e-22 0.0000000000e+00)
    (1.8587918911e-22 0.0000000000e+00)
    (1.9429496147e-22 0.0000000000e+00)
    (2.0309176209e-22 0.0000000000e+00)
    (2.1228684221e-22 0.0000000000e+00)
    (2.2189823415e-22 0.0000000000e+00)
    (2.3194478661e-22 0.0000000000e+00)
    (2.4244620171e-22 0.0000000000e+00)
    (2.5342307358e-22 0.0000000000e+00)
    (2.6489692876e-22 0.0000000000e+00)
    (2.7689026842e-22 0.0000000000e+00)
    (2.8942661247e-22 0.0000000000e+00)
    (3.0253054571e-22 0.0000000000e+00)
    (3.1622776602e-22 0.0000000000e+00)
    (3.3054513476e-22 0.0000000000e+00)
    (3.4551072946e-22 0.0000000000e+00)
    (3.6115389887e-22 0.0000000000e+00)
    (3.7750532053e-22 0.0000000000e+00)
    (3.9459706091e-22 0.0000000000e+00)
    (4.1246263829e-22 0.0000000000e+00)
    (4.3113708854e-22 0.0000000000e+00)
    (4.5065703377e-22 0.0000000000e+00)
    (4.7106075420e-22 0.0000000000e+00)
    (4.9238826317e-22 0.0000000000e+00)
    (5.1468138568e-22 0.0000000000e+00)
    (5.3798384034e-22 0.0000000000e+00)
    (5.6234132519e-22 0.0000000000e+00)
    (5.8780160723e-22 0.0000000000e+00)
    (6.1441461614e-22 0.0000000000e+00)
    (6.4223254222e-22 0.0000000000e+00)
    (6.7130993868e-22 0.0000000000e+00)
    (7.0170382867e-22 0.0000000000e+00)
    (7.3347381708e-22 0.0000000000e+00)
    (7.6668220745e-22 0.0000000000e+00)
    (8.0139412415e-22 0.0000000000e+00)
    (8.3767764007e-22 0.0000000000e+00)
    (8.7560391014e-22 0.0000000000e+00)
    (9.1524731088e-22 0.0000000000e+00)
    (9.5668558622e-22 0.0000000000e+00)
    (1.0000000000e-21 0.0000000000e+00)
    (1.0452754953e-21 0.0000000000e+00)
    (1.0926008611e-21 0.0000000000e+00)
    (1.1420689063e-21 0.0000000000e+00)
    (1.1937766417e-21 0.0000000000e+00)
    (1.2478254705e-21 0.0000000000e+00)
    (1.3043213867e-21 0.0000000000e+00)
    (1.3633751836e-21 0.0000000000e+00)
    (1.4251026703e-21 0.0000000000e+00)
    (1.4896248996e-21 0.0000000000e+00)
    (1.5570684048e-21 0.0000000000e+00)
    (1.6275654480e-21 0.0000000000e+00)
    (1.7012542799e-21 0.0000000000e+00)
    (1.7782794100e-21 0.0000000000e+00)
    (1.8587918911e-21 0.0000000000e+00)
    (1.9429496147e-21 0.0000000000e+00)
    (2.0309176209e-21 0.0000000000e+00)
    (2.1228684221e-21 0.0000000000e+00)
    (2.2189823415e-21 0.0000000000e+00)
    (2.3194478661e-21 0.0000000000e+00)
    (2.4244620171e-21 0.0000000000e+00)
    (2.5342307358e-21 0.0000000000e+00)
    (2.6489692876e-21 0.0000000000e+00)
    (2.7689026842e-21 0.0000000000e+00)
    (2.8942661247e-21 0.0000000000e+00)
    (3.0253054571e-21 0.0000000000e+00)
    (3.1622776602e-21 0.0000000000e+00)
    (3.3054513476e-21 0.0000000000e+00)
    (3.4551072946e-21 0.0000000000e+00)
    (3.6115389887e-21 0.0000000000e+00)
    (3.7750532053e-21 0.0000000000e+00)
    (3.9459706091e-21 0.0000000000e+00)
    (4.1246263829e-21 0.0000000000e+00)
    (4.3113708854e-21 0.0000000000e+00)
    (4.5065703377e-21 0.0000000000e+00)
    (4.7106075420e-21 0.0000000000e+00)
    (4.9238826317e-21 0.0000000000e+00)
    (5.1468138568e-21 0.0000000000e+00)
    (5.3798384034e-21 0.0000000000e+00)
    (5.6234132519e-21 0.0000000000e+00)
    (5.8780160723e-21 0.0000000000e+00)
    (6.1441461614e-21 0.0000000000e+00)
    (6.4223254222e-21 0.0000000000e+00)
    (6.7130993868e-21 0.0000000000e+00)
    (7.0170382867e-21 0.0000000000e+00)
    (7.3347381708e-21 0.0000000000e+00)
    (7.6668220745e-21 0.0000000000e+00)
    (8.0139412415e-21 0.0000000000e+00)
    (8.3767764007e-21 0.0000000000e+00)
    (8.7560391014e-21 0.0000000000e+00)
    (9.1524731088e-21 0.0000000000e+00)
    (9.5668558622e-21 0.0000000000e+00)
    (1.0000000000e-20 0.0000000000e+00)
    (1.0452754953e-20 0.0000000000e+00)
    (1.0926008611e-20 0.0000000000e+00)
    (1.1420689063e-20 0.0000000000e+00)
    (1.1937766417e-20 0.0000000000e+00)
    (1.2478254705e-20 0.0000000000e+00)
    (1.3043213867e-20 0.0000000000e+00)
    (1.3633751836e-20 0.0000000000e+00)
    (1.4251026703e-20 0.0000000000e+00)
    (1.4896248996e-20 0.0000000000e+00)
    (1.5570684048e-20 0.0000000000e+00)
    (1.6275654480e-20 0.0000000000e+00)
    (1.7012542799e-20 0.0000000000e+00)
    (1.7782794100e-20 0.0000000000e+00)
    (1.8587918911e-20 0.0000000000e+00)
    (1.9429496147e-20 0.0000000000e+00)
    (2.0309176209e-20 0.0000000000e+00)
    (2.1228684221e-20 0.0000000000e+00)
    (2.2189823415e-20 0.0000000000e+00)
    (2.3194478661e-20 0.0000000000e+00)
    (2.4244620171e-20 0.0000000000e+00)
    (2.5342307358e-20 0.0000000000e+00)
    (2.6489692876e-20 0.0000000000e+00)
    (2.7689026842e-20 0.0000000000e+00)
    (2.8942661247e-20 0.0000000000e+00)
    (3.0253054571e-20 0.0000000000e+00)
    (3.1622776602e-20 0.0000000000e+00)
    (3.3054513476e-20 0.0000000000e+00)
    (3.4551072946e-20 0.0000000000e+00)
    (3.6115389887e-20 0.0000000000e+00)
    (3.7750532053e-20 0.0000000000e+00)
    (3.9459706091e-20 0.0000000000e+00)
    (4.1246263829e-20 0.0000000000e+00)
    (4.3113708854e-20 0.0000000000e+00)
    (4.5065703377e-20 0.0000000000e+00)
    (4.7106075420e-20 0.0000000000e+00)
    (4.9238826317e-20 0.0000000000e+00)
    (5.1468138568e-20 0.0000000000e+00)
    (5.3798384034e-20 0.0000000000e+00)
    (5.6234132519e-20 0.0000000000e+00)
    (5.8780160723e-20 9.1688052888e-26)
    (6.1441461614e-20 2.2437905535e-25)
    (6.4223254222e-20 4.7568312795e-25)
    (6.7130993868e-20 9.3622029006e-25)
    (7.0170382867e-20 1.7538082371e-24)
    (7.3347381708e-20 1.9929340710e-22)
    (7.6668220745e-20 3.5766069417e-22)
    (8.0139412415e-20 6.3437833185e-22)
    (8.3767764007e-20 1.1054159325e-21)
    (8.7560391014e-20 1.8865429414e-21)
    (9.1524731088e-20 3.6006133948e-21)
    (9.5668558622e-20 5.9742760251e-21)
    (1.0000000000e-19 9.7116659385e-21)
    (1.0452754953e-19 1.5470399476e-20)
    (1.0926008611e-19 2.4355957650e-20)
    (1.1420689063e-19 3.7477533154e-20)
    (1.1937766417e-19 5.6625584275e-20)
    (1.2478254705e-19 8.4092874465e-20)
    (1.3043213867e-19 1.2285759879e-19)
    (1.3633751836e-19 1.7672713711e-19)
    (1.4251026703e-19 2.5067629218e-19)
    (1.4896248996e-19 3.5073787331e-19)
    (1.5570684048e-19 4.8439991247e-19)
    (1.6275654480e-19 6.6077876329e-19)
    (1.7012542799e-19 8.9190997974e-19)
    (1.7782794100e-19 1.1892909166e-18)
    (1.8587918911e-19 1.5692348600e-18)
    (1.9429496147e-19 2.0499541117e-18)
    (2.0309176209e-19 2.6525558607e-18)
    (2.1228684221e-19 3.4012824521e-18)
    (2.2189823415e-19 4.3237187564e-18)
    (2.3194478661e-19 5.4509774669e-18)
    (2.4244620171e-19 6.8150729766e-18)
    (2.5342307358e-19 8.4626995703e-18)
    (2.6489692876e-19 1.0430067617e-17)
    (2.7689026842e-19 1.2768708356e-17)
    (2.8942661247e-19 1.5531598822e-17)
    (3.0253054571e-19 1.8773505450e-17)
    (3.1622776602e-19 2.2551600568e-17)
    (3.3054513476e-19 2.6931480926e-17)
    (3.4551072946e-19 3.1984698777e-17)
    (3.6115389887e-19 3.7851159662e-17)
    (3.7750532053e-19 4.4481690832e-17)
    (3.9459706091e-19 5.2016840532e-17)
    (4.1246263829e-19 6.0541247267e-17)
    (4.3113708854e-19 7.0142977060e-17)
    (4.5065703377e-19 8.0913293130e-17)
    (4.7106075420e-19 9.2848636499e-17)
    (4.9238826317e-19 1.0623133332e-16)
    (5.1468138568e-19 1.2108116426e-16)
    (5.3798384034e-19 1.3749341737e-16)
    (5.6234132519e-19 1.5550939556e-16)
    (5.8780160723e-19 1.7534176308e-16)
    (6.1441461614e-19 1.9706211077e-16)
    (6.4223254222e-19 2.7047565180e-16)
    (6.7130993868e-19 3.0395272956e-16)
    (7.0170382867e-19 3.4051348503e-16)
    (7.3347381708e-19 3.8034806330e-16)
    (7.6668220745e-19 4.2363321703e-16)
    (8.0139412415e-19 4.7038380648e-16)
    (8.3767764007e-19 5.2091827769e-16)
    (8.7560391014e-19 5.7534215882e-16)
    (9.1524731088e-19 6.3383143059e-16)
    (9.5668558622e-19 6.9652982720e-16)
    (1.0000000000e-18 7.6362767696e-16)
    (1.0452754953e-18 8.3520277377e-16)
    (1.0926008611e-18 9.1141386948e-16)
    (1.1420689063e-18 9.9255497911e-16)
    (1.1937766417e-18 1.0784702278e-15)
    (1.2478254705e-18 1.1693919725e-15)
    (1.3043213867e-18 1.2654642011e-15)
    (1.3633751836e-18 1.3665879752e-15)
    (1.4251026703e-18 1.4732148390e-15)
    (1.4896248996e-18 1.5852584783e-15)
    (1.5570684048e-18 1.7025401257e-15)
    (1.6275654480e-18 1.8255960996e-15)
    (1.7012542799e-18 1.9542380267e-15)
    (1.7782794100e-18 2.0886801403e-15)
    (1.8587918911e-18 2.2282539244e-15)
    (1.9429496147e-18 2.3737578314e-15)
    (2.0309176209e-18 2.5251190031e-15)
    (2.1228684221e-18 2.6812418373e-15)
    (2.2189823415e-18 2.8434908834e-15)
    (2.3194478661e-18 3.0115479949e-15)
    (2.4244620171e-18 3.1838066483e-15)
    (2.5342307358e-18 3.3622971285e-15)
    (2.6489692876e-18 3.5448714291e-15)
    (2.7689026842e-18 3.7146870836e-15)
    (2.8942661247e-18 3.9273818994e-15)
    (3.0253054571e-18 4.1245113811e-15)
    (3.1622776602e-18 4.3067471867e-15)
    (3.3054513476e-18 4.5353032374e-15)
    (3.4551072946e-18 4.7258624613e-15)
    (3.6115389887e-18 4.9605947410e-15)
    (3.7750532053e-18 5.1769838140e-15)
    (3.9459706091e-18 5.3721594828e-15)
    (4.1246263829e-18 5.6243912222e-15)
    (4.3113708854e-18 5.8280913047e-15)
    (4.5065703377e-18 6.0844888534e-15)
    (4.7106075420e-18 6.3142814669e-15)
    (4.9238826317e-18 6.5497246006e-15)
    (5.1468138568e-18 6.7839183039e-15)
    (5.3798384034e-18 7.0219101711e-15)
    (5.6234132519e-18 7.2563343822e-15)
    (5.8780160723e-18 7.4953333255e-15)
    (6.1441461614e-18 7.7300039276e-15)
    (6.4223254222e-18 7.9682083313e-15)
    (6.7130993868e-18 8.2052890584e-15)
    (7.0170382867e-18 8.4356267179e-15)
    (7.3347381708e-18 8.6688446782e-15)
    (7.6668220745e-18 8.8572702886e-15)
    (8.0139412415e-18 9.0722129634e-15)
    (8.3767764007e-18 9.2990891693e-15)
    (8.7560391014e-18 9.5589369711e-15)
    (9.1524731088e-18 9.7303645130e-15)
    (9.5668558622e-18 9.9737118756e-15)
    (1.0000000000e-17 1.0132672899e-14)
);
