// k[EI_O2_EXC_O2_V4] [m^3/s] vs reducedE [V m^2]; air_plasma [94c490be646f8872], T_gas = 300.000000 K
(
    (0 0.0000000000e+00)
    (1.0000000000e-22 0.0000000000e+00)
    (1.0452754953e-22 0.0000000000e+00)
    (1.0926008611e-22 0.0000000000e+00)
    (1.1420689063e-22 0.0000000000e+00)
    (1.1937766417e-22 0.0000000000e+00)
    (1.2478254705e-22 0.0000000000e+00)
    (1.3043213867e-22 0.0000000000e+00)
    (1.3633751836e-22 0.0000000000e+00)
    (1.4251026703e-22 0.0000000000e+00)
    (1.4896248996e-22 0.0000000000e+00)
    (1.5570684048e-22 0.0000000000e+00)
    (1.6275654480e-22 0.0000000000e+00)
    (1.7012542799e-22 0.0000000000e+00)
    (1.7782794100e-22 0.0000000000e+00)
    (1.8587918911e-22 0.0000000000e+00)
    (1.9429496147e-22 0.0000000000e+00)
    (2.0309176209e-22 0.0000000000e+00)
    (2.1228684221e-22 0.0000000000e+00)
    (2.2189823415e-22 0.0000000000e+00)
    (2.3194478661e-22 0.0000000000e+00)
    (2.4244620171e-22 1.7278292090e-23)
    (2.5342307358e-22 1.6981277299e-23)
    (2.6489692876e-22 1.6675037704e-23)
    (2.7689026842e-22 1.6361618464e-23)
    (2.8942661247e-22 1.6046277926e-23)
    (3.0253054571e-22 1.5738763007e-23)
    (3.1622776602e-22 1.5455372165e-23)
    (3.3054513476e-22 1.5221133220e-23)
    (3.4551072946e-22 1.5074926189e-23)
    (3.6115389887e-22 1.5074878105e-23)
    (3.7750532053e-22 1.5307292546e-23)
    (3.9459706091e-22 1.5899218897e-23)
    (4.1246263829e-22 1.7036311778e-23)
    (4.3113708854e-22 1.8987957860e-23)
    (4.5065703377e-22 2.2142267023e-23)
    (4.7106075420e-22 2.7054285395e-23)
    (4.9238826317e-22 3.4511670737e-23)
    (5.1468138568e-22 4.5623021723e-23)
    (5.3798384034e-22 6.1935039192e-23)
    (5.6234132519e-22 8.5585758873e-23)
    (5.8780160723e-22 1.1950217329e-22)
    (6.1441461614e-22 1.6765138579e-22)
    (6.4223254222e-22 2.3535472404e-22)
    (6.7130993868e-22 3.2967380807e-22)
    (7.0170382867e-22 4.5987620540e-22)
    (7.3347381708e-22 7.5006174958e-22)
    (7.6668220745e-22 1.0959737239e-21)
    (8.0139412415e-22 1.5232046897e-21)
    (8.3767764007e-22 2.1179738463e-21)
    (8.7560391014e-22 2.9406505538e-21)
    (9.1524731088e-22 4.1851974403e-21)
    (9.5668558622e-22 5.7982798198e-21)
    (1.0000000000e-21 8.0018295581e-21)
    (1.0452754953e-21 1.0991865716e-20)
    (1.0926008611e-21 1.5020667432e-20)
    (1.1420689063e-21 2.0486115107e-20)
    (1.1937766417e-21 2.7673352437e-20)
    (1.2478254705e-21 3.7144049646e-20)
    (1.3043213867e-21 4.9519127225e-20)
    (1.3633751836e-21 6.5547956922e-20)
    (1.4251026703e-21 8.6120688663e-20)
    (1.4896248996e-21 1.1227700440e-19)
    (1.5570684048e-21 1.4520940917e-19)
    (1.6275654480e-21 1.8625927759e-19)
    (1.7012542799e-21 2.3690383830e-19)
    (1.7782794100e-21 2.9865490130e-19)
    (1.8587918911e-21 3.7332187163e-19)
    (1.9429496147e-21 4.6253165838e-19)
    (2.0309176209e-21 5.6795060267e-19)
    (2.1228684221e-21 6.9115001216e-19)
    (2.2189823415e-21 8.3353399927e-19)
    (2.3194478661e-21 9.9626614590e-19)
    (2.4244620171e-21 1.1801998081e-18)
    (2.5342307358e-21 1.3858173654e-18)
    (2.6489692876e-21 1.6131832213e-18)
    (2.7689026842e-21 1.8619145581e-18)
    (2.8942661247e-21 2.1311724226e-18)
    (3.0253054571e-21 2.4196742045e-18)
    (3.1622776602e-21 2.7257265472e-18)
    (3.3054513476e-21 3.0472763665e-18)
    (3.4551072946e-21 3.3819761941e-18)
    (3.6115389887e-21 3.7272592330e-18)
    (3.7750532053e-21 4.0804192992e-18)
    (3.9459706091e-21 4.4386907684e-18)
    (4.1246263829e-21 4.7993244217e-18)
    (4.3113708854e-21 5.1596557792e-18)
    (4.5065703377e-21 5.5171635262e-18)
    (4.7106075420e-21 5.8695166160e-18)
    (4.9238826317e-21 6.2139905835e-18)
    (5.1468138568e-21 6.5498508260e-18)
    (5.3798384034e-21 6.8749690314e-18)
    (5.6234132519e-21 7.1880053222e-18)
    (5.8780160723e-21 7.4878783923e-18)
    (6.1441461614e-21 7.7737542170e-18)
    (6.4223254222e-21 8.0450298393e-18)
    (6.7130993868e-21 8.3013137069e-18)
    (7.0170382867e-21 8.5424037900e-18)
    (7.3347381708e-21 8.7682646905e-18)
    (7.6668220745e-21 8.9790045957e-18)
    (8.0139412415e-21 9.1748528449e-18)
    (8.3767764007e-21 9.3561386637e-18)
    (8.7560391014e-21 9.5232714674e-18)
    (9.1524731088e-21 9.6767229927e-18)
    (9.5668558622e-21 9.8170113980e-18)
    (1.0000000000e-20 9.9446873753e-18)
    (1.0452754953e-20 1.0060322235e-17)
    (1.0926008611e-20 1.0164497862e-17)
    (1.1420689063e-20 1.0257798440e-17)
    (1.1937766417e-20 1.0340227892e-17)
    (1.2478254705e-20 1.0413361423e-17)
    (1.3043213867e-20 1.0477285431e-17)
    (1.3633751836e-20 1.0532525514e-17)
    (1.4251026703e-20 1.0579585332e-17)
    (1.4896248996e-20 1.0618944854e-17)
    (1.5570684048e-20 1.0651059227e-17)
    (1.6275654480e-20 1.0676358160e-17)
    (1.7012542799e-20 1.0695245724e-17)
    (1.7782794100e-20 1.0708100530e-17)
    (1.8587918911e-20 1.0715276140e-17)
    (1.9429496147e-20 1.0716891137e-17)
    (2.0309176209e-20 1.0713669555e-17)
    (2.1228684221e-20 1.0705681814e-17)
    (2.2189823415e-20 1.0688389800e-17)
    (2.3194478661e-20 1.0671630918e-17)
    (2.4244620171e-20 1.0650761639e-17)
    (2.5342307358e-20 1.0625942683e-17)
    (2.6489692876e-20 1.0597298819e-17)
    (2.7689026842e-20 1.0569872449e-17)
    (2.8942661247e-20 1.0540537692e-17)
    (3.0253054571e-20 1.0513334815e-17)
    (3.1622776602e-20 1.0489268080e-17)
    (3.3054513476e-20 1.0466917872e-17)
    (3.4551072946e-20 1.0459853018e-17)
    (3.6115389887e-20 1.0468855918e-17)
    (3.7750532053e-20 1.0501394842e-17)
    (3.9459706091e-20 1.0568031496e-17)
    (4.1246263829e-20 1.0680044975e-17)
    (4.3113708854e-20 1.0853109137e-17)
    (4.5065703377e-20 1.1106079718e-17)
    (4.7106075420e-20 1.1461586569e-17)
    (4.9238826317e-20 1.1956474484e-17)
    (5.1468138568e-20 1.2604504366e-17)
    (5.3798384034e-20 1.3447013287e-17)
    (5.6234132519e-20 1.4521674880e-17)
    (5.8780160723e-20 1.5891258952e-17)
    (6.1441461614e-20 1.7554428334e-17)
    (6.4223254222e-20 1.9572790088e-17)
    (6.7130993868e-20 2.1985893652e-17)
    (7.0170382867e-20 2.4829593049e-17)
    (7.3347381708e-20 2.8173516622e-17)
    (7.6668220745e-20 3.1960845659e-17)
    (8.0139412415e-20 3.6244482616e-17)
    (8.3767764007e-20 4.1028074081e-17)
    (8.7560391014e-20 4.6304511623e-17)
    (9.1524731088e-20 5.2150595426e-17)
    (9.5668558622e-20 5.8348655679e-17)
    (1.0000000000e-19 6.4954883191e-17)
    (1.0452754953e-19 7.1923970079e-17)
    (1.0926008611e-19 7.9228759443e-17)
    (1.1420689063e-19 8.6763327303e-17)
    (1.1937766417e-19 9.4495343236e-17)
    (1.2478254705e-19 1.0236571401e-16)
    (1.3043213867e-19 1.1031598211e-16)
    (1.3633751836e-19 1.1834582043e-16)
    (1.4251026703e-19 1.2627747577e-16)
    (1.4896248996e-19 1.3412953498e-16)
    (1.5570684048e-19 1.4185581587e-16)
    (1.6275654480e-19 1.4941428715e-16)
    (1.7012542799e-19 1.5678563749e-16)
    (1.7782794100e-19 1.6389408370e-16)
    (1.8587918911e-19 1.7073480901e-16)
    (1.9429496147e-19 1.7728230000e-16)
    (2.0309176209e-19 1.8351477803e-16)
    (2.1228684221e-19 1.8941398226e-16)
    (2.2189823415e-19 1.9496494832e-16)
    (2.3194478661e-19 2.0015578606e-16)
    (2.4244620171e-19 2.0494204398e-16)
    (2.5342307358e-19 2.0938791182e-16)
    (2.6489692876e-19 2.1343256833e-16)
    (2.7689026842e-19 2.1711755248e-16)
    (2.8942661247e-19 2.2042111399e-16)
    (3.0253054571e-19 2.2334540597e-16)
    (3.1622776602e-19 2.2587926193e-16)
    (3.3054513476e-19 2.2805628999e-16)
    (3.4551072946e-19 2.2986918654e-16)
    (3.6115389887e-19 2.3140402664e-16)
    (3.7750532053e-19 2.3250275997e-16)
    (3.9459706091e-19 2.3326286146e-16)
    (4.1246263829e-19 2.3369389289e-16)
    (4.3113708854e-19 2.3380591654e-16)
    (4.5065703377e-19 2.3360938514e-16)
    (4.7106075420e-19 2.3303812287e-16)
    (4.9238826317e-19 2.3226252203e-16)
    (5.1468138568e-19 2.3121057573e-16)
    (5.3798384034e-19 2.2989394993e-16)
    (5.6234132519e-19 2.2828046081e-16)
    (5.8780160723e-19 2.2647235679e-16)
    (6.1441461614e-19 2.2443324896e-16)
    (6.4223254222e-19 2.1902549621e-16)
    (6.7130993868e-19 2.1580757505e-16)
    (7.0170382867e-19 2.1239838693e-16)
    (7.3347381708e-19 2.0877423270e-16)
    (7.6668220745e-19 2.0495048302e-16)
    (8.0139412415e-19 2.0091978739e-16)
    (8.3767764007e-19 1.9675040381e-16)
    (8.7560391014e-19 1.9238036576e-16)
    (9.1524731088e-19 1.8793105861e-16)
    (9.5668558622e-19 1.8336322071e-16)
    (1.0000000000e-18 1.7865856059e-16)
    (1.0452754953e-18 1.7390211026e-16)
    (1.0926008611e-18 1.6907416805e-16)
    (1.1420689063e-18 1.6415742952e-16)
    (1.1937766417e-18 1.5923105798e-16)
    (1.2478254705e-18 1.5427717828e-16)
    (1.3043213867e-18 1.4930856345e-16)
    (1.3633751836e-18 1.4429250184e-16)
    (1.4251026703e-18 1.3933839272e-16)
    (1.4896248996e-18 1.3440654629e-16)
    (1.5570684048e-18 1.2946523853e-16)
    (1.6275654480e-18 1.2461543380e-16)
    (1.7012542799e-18 1.1981911934e-16)
    (1.7782794100e-18 1.1508257570e-16)
    (1.8587918911e-18 1.1039578519e-16)
    (1.9429496147e-18 1.0581456652e-16)
    (2.0309176209e-18 1.0131584276e-16)
    (2.1228684221e-18 9.6899481364e-17)
    (2.2189823415e-18 9.2594477350e-17)
    (2.3194478661e-18 8.8388227418e-17)
    (2.4244620171e-18 8.4260857916e-17)
    (2.5342307358e-18 8.0278390864e-17)
    (2.6489692876e-18 7.6378196159e-17)
    (2.7689026842e-18 7.2517336105e-17)
    (2.8942661247e-18 6.8995010256e-17)
    (3.0253054571e-18 6.5457985228e-17)
    (3.1622776602e-18 6.1927396167e-17)
    (3.3054513476e-18 5.8789615856e-17)
    (3.4551072946e-18 5.5538126507e-17)
    (3.6115389887e-18 5.2586821146e-17)
    (3.7750532053e-18 4.9679958103e-17)
    (3.9459706091e-18 4.6771275714e-17)
    (4.1246263829e-18 4.4150215160e-17)
    (4.3113708854e-18 4.1544394513e-17)
    (4.5065703377e-18 3.9126881684e-17)
    (4.7106075420e-18 3.6779932317e-17)
    (4.9238826317e-18 3.4539118914e-17)
    (5.1468138568e-18 3.2378412642e-17)
    (5.3798384034e-18 3.0345830690e-17)
    (5.6234132519e-18 2.8407872669e-17)
    (5.8780160723e-18 2.6569513812e-17)
    (6.1441461614e-18 2.4811046178e-17)
    (6.4223254222e-18 2.3155611831e-17)
    (6.7130993868e-18 2.1585638302e-17)
    (7.0170382867e-18 2.0097412069e-17)
    (7.3347381708e-18 1.8691854088e-17)
    (7.6668220745e-18 1.7338718659e-17)
    (8.0139412415e-18 1.6145238257e-17)
    (8.3767764007e-18 1.4960187893e-17)
    (8.7560391014e-18 1.3772642708e-17)
    (9.1524731088e-18 1.2773862239e-17)
    (9.5668558622e-18 1.1735773608e-17)
    (1.0000000000e-17 1.0855411843e-17)
);
