// k[EI_O2_EXC_O2_B1] [m^3/s] vs mean energy [eV]; air_plasma [94c490be646f8872], T_gas = 300.000000 K
(
    (0 0.0000000000e+00)
    (1.3716749438e-01 0.0000000000e+00)
    (1.4076979314e-01 0.0000000000e+00)
    (1.4397604008e-01 0.0000000000e+00)
    (1.4684113805e-01 0.0000000000e+00)
    (1.4941204783e-01 0.0000000000e+00)
    (1.5172864004e-01 0.0000000000e+00)
    (1.5382482203e-01 0.0000000000e+00)
    (1.5572964088e-01 0.0000000000e+00)
    (1.5746824649e-01 0.0000000000e+00)
    (1.5906268561e-01 0.0000000000e+00)
    (1.6040186980e-01 0.0000000000e+00)
    (1.6189539494e-01 0.0000000000e+00)
    (1.6316727128e-01 0.0000000000e+00)
    (1.6436286366e-01 0.0000000000e+00)
    (1.6549578572e-01 0.0000000000e+00)
    (1.6657873020e-01 0.0000000000e+00)
    (1.6762359287e-01 0.0000000000e+00)
    (1.6865359887e-01 0.0000000000e+00)
    (1.6965539117e-01 0.0000000000e+00)
    (1.7065096866e-01 0.0000000000e+00)
    (1.7163702901e-01 0.0000000000e+00)
    (1.7264762429e-01 0.0000000000e+00)
    (1.7367878080e-01 0.0000000000e+00)
    (1.7473849913e-01 0.0000000000e+00)
    (1.7583432821e-01 0.0000000000e+00)
    (1.7697337833e-01 0.0000000000e+00)
    (1.7816233417e-01 0.0000000000e+00)
    (1.7940746844e-01 0.0000000000e+00)
    (1.8071465956e-01 0.0000000000e+00)
    (1.8208941158e-01 0.0000000000e+00)
    (1.8353687952e-01 0.0000000000e+00)
    (1.8506190021e-01 0.0000000000e+00)
    (1.8666902928e-01 0.0000000000e+00)
    (1.8836258474e-01 0.0000000000e+00)
    (1.9014669747e-01 0.0000000000e+00)
    (1.9202536831e-01 0.0000000000e+00)
    (1.9400253175e-01 0.0000000000e+00)
    (1.9608212573e-01 0.0000000000e+00)
    (1.9826816696e-01 0.0000000000e+00)
    (2.0056483136e-01 0.0000000000e+00)
    (2.0297653896e-01 0.0000000000e+00)
    (2.0550804255e-01 0.0000000000e+00)
    (2.0816451961e-01 0.0000000000e+00)
    (2.1095166654e-01 0.0000000000e+00)
    (2.1387579417e-01 0.0000000000e+00)
    (2.1694256551e-01 0.0000000000e+00)
    (2.2014788174e-01 0.0000000000e+00)
    (2.2353446165e-01 0.0000000000e+00)
    (2.2709477487e-01 0.0000000000e+00)
    (2.3084127841e-01 0.0000000000e+00)
    (2.3479833990e-01 0.0000000000e+00)
    (2.3896131204e-01 0.0000000000e+00)
    (2.4336011410e-01 0.0000000000e+00)
    (2.4801612280e-01 0.0000000000e+00)
    (2.5295360836e-01 0.0000000000e+00)
    (2.5819915170e-01 9.1429275159e-25)
    (2.6378576428e-01 1.1714278490e-24)
    (2.6974626976e-01 1.7254992827e-24)
    (2.7611829297e-01 2.7983897769e-24)
    (2.8294269841e-01 4.7620259656e-24)
    (2.9026321198e-01 8.2232968785e-24)
    (2.9812580887e-01 1.4148397477e-23)
    (3.0657783145e-01 2.4036473318e-23)
    (3.1566682518e-01 4.0156211819e-23)
    (3.2543909275e-01 6.5856160610e-23)
    (3.3590887576e-01 1.0302396244e-22)
    (3.4717223366e-01 1.6334935743e-22)
    (3.5923184525e-01 2.5422156344e-22)
    (3.7211014051e-01 3.8849696209e-22)
    (3.8581860584e-01 5.8319726583e-22)
    (4.0035610545e-01 8.6035542236e-22)
    (4.1570760906e-01 1.2478429288e-21)
    (4.3184344429e-01 1.7801460266e-21)
    (4.4871916534e-01 2.4989537567e-21)
    (4.6627608546e-01 3.4535819708e-21)
    (4.8444246122e-01 4.7010990436e-21)
    (5.0313526437e-01 6.3061152851e-21)
    (5.2226243543e-01 8.3402191937e-21)
    (5.4172546688e-01 1.0881052162e-20)
    (5.6142215538e-01 1.4011052803e-20)
    (5.8124935489e-01 1.7815925539e-20)
    (6.0110557847e-01 2.2382910074e-20)
    (6.2089332763e-01 2.7798949588e-20)
    (6.4052105642e-01 3.4148852351e-20)
    (6.5990472218e-01 4.1513550077e-20)
    (6.7896890624e-01 4.9968540984e-20)
    (6.9764751934e-01 5.9582592480e-20)
    (7.1588412933e-01 7.0416759271e-20)
    (7.3358637930e-01 8.2390273936e-20)
    (7.5079958278e-01 9.5762879104e-20)
    (7.6745534914e-01 1.1047010460e-19)
    (7.8353257443e-01 1.2653393452e-19)
    (7.9901752925e-01 1.4396765181e-19)
    (8.1390306874e-01 1.6277660885e-19)
    (8.2818782881e-01 1.8295921017e-19)
    (8.4187543928e-01 2.0450807972e-19)
    (8.5497377065e-01 2.2741132530e-19)
    (8.6749423532e-01 2.5165389072e-19)
    (8.7945114959e-01 2.7721895463e-19)
    (8.9086116369e-01 3.0408934752e-19)
    (9.0174276209e-01 3.3224896417e-19)
    (9.1211583392e-01 3.6168415482e-19)
    (9.2200131124e-01 3.9238508273e-19)
    (9.3142087166e-01 4.2434703965e-19)
    (9.4039670018e-01 4.5757171350e-19)
    (9.4895130466e-01 4.9206840342e-19)
    (9.5710737851e-01 5.2785517769e-19)
    (9.6488770504e-01 5.6495997036e-19)
    (9.7229590480e-01 6.0335080459e-19)
    (9.7938516806e-01 6.4319359487e-19)
    (9.8616493157e-01 6.8450123985e-19)
    (9.9265725541e-01 7.2735035665e-19)
    (9.9888405066e-01 7.7183248519e-19)
    (1.0048670871e+00 8.1805511779e-19)
    (1.0106280072e+00 8.6614275615e-19)
    (1.0161883436e+00 9.1623800903e-19)
    (1.0215695406e+00 9.6850274216e-19)
    (1.0267929771e+00 1.0231192886e-18)
    (1.0318799906e+00 1.0802917211e-18)
    (1.0368231653e+00 1.1401329767e-18)
    (1.0417033545e+00 1.2032234502e-18)
    (1.0465120906e+00 1.2696882127e-18)
    (1.0510868807e+00 1.3413348752e-18)
    (1.0558591909e+00 1.4178320735e-18)
    (1.0606532018e+00 1.5003699631e-18)
    (1.0655074201e+00 1.5903352033e-18)
    (1.0704684874e+00 1.6896197249e-18)
    (1.0751997678e+00 1.7948449891e-18)
    (1.0804337622e+00 1.9179356458e-18)
    (1.0860944541e+00 2.0603404597e-18)
    (1.0921800386e+00 2.2265150475e-18)
    (1.0986620881e+00 2.4262481703e-18)
    (1.1060807530e+00 2.6639315602e-18)
    (1.1144567565e+00 2.9525605569e-18)
    (1.1240549778e+00 3.3058350116e-18)
    (1.1350476813e+00 3.7435689459e-18)
    (1.1481500998e+00 4.2807701953e-18)
    (1.1636258816e+00 4.9421639491e-18)
    (1.1819885903e+00 5.7540656691e-18)
    (1.2038177970e+00 6.7459193167e-18)
    (1.2301634392e+00 7.9855483505e-18)
    (1.2609969547e+00 9.4407860930e-18)
    (1.2973623011e+00 1.1178029435e-17)
    (1.3400043219e+00 1.3232653663e-17)
    (1.3902463434e+00 1.5676678042e-17)
    (1.4476740790e+00 1.8467426079e-17)
    (1.5134371389e+00 2.1665781568e-17)
    (1.5880617832e+00 2.5290991648e-17)
    (1.6719409936e+00 2.9354128538e-17)
    (1.7660607111e+00 3.3916467955e-17)
    (1.8689224012e+00 3.8846214425e-17)
    (1.9811674971e+00 4.4186531905e-17)
    (2.1024762205e+00 4.9908208109e-17)
    (2.2323544682e+00 5.5972839321e-17)
    (2.3723894733e+00 6.2458596634e-17)
    (2.5173051548e+00 6.9061193503e-17)
    (2.6685098830e+00 7.5852235226e-17)
    (2.8251127850e+00 8.2774869689e-17)
    (2.9864403851e+00 8.9799186744e-17)
    (3.1511716909e+00 9.6817272400e-17)
    (3.3187345269e+00 1.0380763586e-16)
    (3.4884072290e+00 1.1072586065e-16)
    (3.6595680233e+00 1.1753341724e-16)
    (3.8329812664e+00 1.2426376624e-16)
    (4.0054036496e+00 1.3074521240e-16)
    (4.1781426577e+00 1.3703912235e-16)
    (4.3510158693e+00 1.4313096590e-16)
    (4.5239369987e+00 1.4901114294e-16)
    (4.6971621124e+00 1.5469376432e-16)
    (4.8701409956e+00 1.6013259368e-16)
    (5.0433978981e+00 1.6535489165e-16)
    (5.2171246269e+00 1.7036426229e-16)
    (5.3915564385e+00 1.7516612562e-16)
    (5.5669629672e+00 1.7976722285e-16)
    (5.7436400437e+00 1.8417518662e-16)
    (5.9219025873e+00 1.8839817509e-16)
    (6.1010979378e+00 1.9241219080e-16)
    (6.2835570480e+00 1.9629022313e-16)
    (6.4679920424e+00 1.9998843588e-16)
    (6.6560078498e+00 2.0355361098e-16)
    (6.8473428105e+00 2.0697305097e-16)
    (7.0423340173e+00 2.1025321096e-16)
    (7.2409465160e+00 2.1339516860e-16)
    (7.4442081971e+00 2.1641155803e-16)
    (7.6521663603e+00 2.1930380878e-16)
    (7.8676105911e+00 2.2214102225e-16)
    (8.0858487204e+00 2.2478698329e-16)
    (8.3098278045e+00 2.2731756178e-16)
    (8.5398932951e+00 2.2973387732e-16)
    (8.7763949131e+00 2.3203636822e-16)
    (9.0196879697e+00 2.3422482572e-16)
    (9.2670974767e+00 2.3623123766e-16)
    (9.5251096886e+00 2.3819272780e-16)
    (9.7910839770e+00 2.4003572849e-16)
    (1.0065371630e+01 2.4175816127e-16)
    (1.0346344593e+01 2.4331013598e-16)
    (1.0638438926e+01 2.4478580578e-16)
    (1.0940187398e+01 2.4613133615e-16)
    (1.1925355136e+01 2.5041892898e-16)
    (1.2308824412e+01 2.5130003852e-16)
    (1.2709276652e+01 2.5203583421e-16)
    (1.3126439691e+01 2.5257751245e-16)
    (1.3561263285e+01 2.5291808871e-16)
    (1.4012493747e+01 2.5302596649e-16)
    (1.4484291915e+01 2.5294826545e-16)
    (1.4973992379e+01 2.5258316082e-16)
    (1.5487666223e+01 2.5206980565e-16)
    (1.6023909695e+01 2.5132909570e-16)
    (1.6583468512e+01 2.5032235057e-16)
    (1.7168941463e+01 2.4911812022e-16)
    (1.7781023452e+01 2.4767934157e-16)
    (1.8422151615e+01 2.4596339601e-16)
    (1.9092649339e+01 2.4405416504e-16)
    (1.9794733945e+01 2.4191205110e-16)
    (2.0530664058e+01 2.3953880957e-16)
    (2.1299508263e+01 2.3687128512e-16)
    (2.2109288431e+01 2.3405435289e-16)
    (2.2959485968e+01 2.3102040095e-16)
    (2.3850104879e+01 2.2771333251e-16)
    (2.4788921536e+01 2.2427297691e-16)
    (2.5776295005e+01 2.2063981543e-16)
    (2.6817698048e+01 2.1682027694e-16)
    (2.7909067436e+01 2.1279065189e-16)
    (2.9061538888e+01 2.0864725590e-16)
    (3.0279874265e+01 2.0435271711e-16)
    (3.1556757395e+01 1.9990254984e-16)
    (3.2908931845e+01 1.9536206332e-16)
    (3.4342348823e+01 1.9071142179e-16)
    (3.5842127009e+01 1.8593114735e-16)
    (3.7437719791e+01 1.8112656411e-16)
    (3.9117090489e+01 1.7620540935e-16)
    (4.0644106575e+01 1.7103408292e-16)
    (4.2796040127e+01 1.6637401200e-16)
    (4.4789131155e+01 1.6138012748e-16)
    (4.6589221150e+01 1.5617126978e-16)
    (4.9179324484e+01 1.5151524653e-16)
    (5.1201199815e+01 1.4641928282e-16)
    (5.4099126670e+01 1.4174102864e-16)
    (5.6778858337e+01 1.3693624687e-16)
    (5.9117854096e+01 1.3191728007e-16)
    (6.2718461942e+01 1.2748963803e-16)
    (6.5410085846e+01 1.2277092792e-16)
    (6.9496742822e+01 1.1847086538e-16)
    (7.3180976752e+01 1.1409586883e-16)
    (7.7182577491e+01 1.0985348207e-16)
    (8.1420085225e+01 1.0568208894e-16)
    (8.6011788405e+01 1.0168631998e-16)
    (9.0867763137e+01 9.7786438681e-17)
    (9.6165388139e+01 9.4051859124e-17)
    (1.0177823578e+02 9.0407231162e-17)
    (1.0792309375e+02 8.6941923583e-17)
    (1.1458604701e+02 8.3606647381e-17)
    (1.2160542734e+02 8.0386754532e-17)
    (1.2939531717e+02 7.7317114929e-17)
    (1.3542361118e+02 7.4203637657e-17)
    (1.4388362195e+02 7.1372578261e-17)
    (1.5371740495e+02 6.8706909201e-17)
    (1.6736124994e+02 6.6200401265e-17)
    (1.7556818514e+02 6.3535978676e-17)
    (1.9180551086e+02 6.1330430566e-17)
    (2.0148427830e+02 5.8878838946e-17)
);
