// k[EI_N2_EXC_N2_V7] [m^3/s] vs mean energy [eV]; air_plasma [94c490be646f8872], T_gas = 300.000000 K
(
    (0 0.0000000000e+00)
    (1.3716749438e-01 0.0000000000e+00)
    (1.4076979314e-01 0.0000000000e+00)
    (1.4397604008e-01 0.0000000000e+00)
    (1.4684113805e-01 0.0000000000e+00)
    (1.4941204783e-01 0.0000000000e+00)
    (1.5172864004e-01 0.0000000000e+00)
    (1.5382482203e-01 0.0000000000e+00)
    (1.5572964088e-01 0.0000000000e+00)
    (1.5746824649e-01 0.0000000000e+00)
    (1.5906268561e-01 0.0000000000e+00)
    (1.6040186980e-01 0.0000000000e+00)
    (1.6189539494e-01 0.0000000000e+00)
    (1.6316727128e-01 0.0000000000e+00)
    (1.6436286366e-01 0.0000000000e+00)
    (1.6549578572e-01 0.0000000000e+00)
    (1.6657873020e-01 0.0000000000e+00)
    (1.6762359287e-01 0.0000000000e+00)
    (1.6865359887e-01 0.0000000000e+00)
    (1.6965539117e-01 0.0000000000e+00)
    (1.7065096866e-01 0.0000000000e+00)
    (1.7163702901e-01 0.0000000000e+00)
    (1.7264762429e-01 0.0000000000e+00)
    (1.7367878080e-01 0.0000000000e+00)
    (1.7473849913e-01 0.0000000000e+00)
    (1.7583432821e-01 0.0000000000e+00)
    (1.7697337833e-01 0.0000000000e+00)
    (1.7816233417e-01 0.0000000000e+00)
    (1.7940746844e-01 0.0000000000e+00)
    (1.8071465956e-01 0.0000000000e+00)
    (1.8208941158e-01 0.0000000000e+00)
    (1.8353687952e-01 0.0000000000e+00)
    (1.8506190021e-01 0.0000000000e+00)
    (1.8666902928e-01 0.0000000000e+00)
    (1.8836258474e-01 0.0000000000e+00)
    (1.9014669747e-01 0.0000000000e+00)
    (1.9202536831e-01 0.0000000000e+00)
    (1.9400253175e-01 0.0000000000e+00)
    (1.9608212573e-01 0.0000000000e+00)
    (1.9826816696e-01 0.0000000000e+00)
    (2.0056483136e-01 0.0000000000e+00)
    (2.0297653896e-01 0.0000000000e+00)
    (2.0550804255e-01 0.0000000000e+00)
    (2.0816451961e-01 0.0000000000e+00)
    (2.1095166654e-01 0.0000000000e+00)
    (2.1387579417e-01 0.0000000000e+00)
    (2.1694256551e-01 0.0000000000e+00)
    (2.2014788174e-01 0.0000000000e+00)
    (2.2353446165e-01 0.0000000000e+00)
    (2.2709477487e-01 0.0000000000e+00)
    (2.3084127841e-01 0.0000000000e+00)
    (2.3479833990e-01 0.0000000000e+00)
    (2.3896131204e-01 0.0000000000e+00)
    (2.4336011410e-01 0.0000000000e+00)
    (2.4801612280e-01 0.0000000000e+00)
    (2.5295360836e-01 0.0000000000e+00)
    (2.5819915170e-01 0.0000000000e+00)
    (2.6378576428e-01 0.0000000000e+00)
    (2.6974626976e-01 0.0000000000e+00)
    (2.7611829297e-01 0.0000000000e+00)
    (2.8294269841e-01 0.0000000000e+00)
    (2.9026321198e-01 0.0000000000e+00)
    (2.9812580887e-01 0.0000000000e+00)
    (3.0657783145e-01 0.0000000000e+00)
    (3.1566682518e-01 0.0000000000e+00)
    (3.2543909275e-01 0.0000000000e+00)
    (3.3590887576e-01 0.0000000000e+00)
    (3.4717223366e-01 0.0000000000e+00)
    (3.5923184525e-01 0.0000000000e+00)
    (3.7211014051e-01 0.0000000000e+00)
    (3.8581860584e-01 0.0000000000e+00)
    (4.0035610545e-01 0.0000000000e+00)
    (4.1570760906e-01 0.0000000000e+00)
    (4.3184344429e-01 0.0000000000e+00)
    (4.4871916534e-01 0.0000000000e+00)
    (4.6627608546e-01 0.0000000000e+00)
    (4.8444246122e-01 0.0000000000e+00)
    (5.0313526437e-01 0.0000000000e+00)
    (5.2226243543e-01 0.0000000000e+00)
    (5.4172546688e-01 0.0000000000e+00)
    (5.6142215538e-01 0.0000000000e+00)
    (5.8124935489e-01 0.0000000000e+00)
    (6.0110557847e-01 0.0000000000e+00)
    (6.2089332763e-01 0.0000000000e+00)
    (6.4052105642e-01 0.0000000000e+00)
    (6.5990472218e-01 0.0000000000e+00)
    (6.7896890624e-01 0.0000000000e+00)
    (6.9764751934e-01 0.0000000000e+00)
    (7.1588412933e-01 0.0000000000e+00)
    (7.3358637930e-01 0.0000000000e+00)
    (7.5079958278e-01 0.0000000000e+00)
    (7.6745534914e-01 0.0000000000e+00)
    (7.8353257443e-01 5.8491274817e-29)
    (7.9901752925e-01 3.9825250406e-27)
    (8.1390306874e-01 1.7174434258e-26)
    (8.2818782881e-01 4.1653713392e-26)
    (8.4187543928e-01 8.7051310760e-26)
    (8.5497377065e-01 1.7037517105e-25)
    (8.6749423532e-01 3.2053025953e-25)
    (8.7945114959e-01 5.8540519973e-25)
    (8.9086116369e-01 1.0421924830e-24)
    (9.0174276209e-01 1.8120460082e-24)
    (9.1211583392e-01 3.0802715657e-24)
    (9.2200131124e-01 5.1233164269e-24)
    (9.3142087166e-01 8.3437983201e-24)
    (9.4039670018e-01 1.3314661738e-23)
    (9.4895130466e-01 2.0833251786e-23)
    (9.5710737851e-01 3.1985677200e-23)
    (9.6488770504e-01 4.8220994749e-23)
    (9.7229590480e-01 1.8628181172e-21)
    (9.7938516806e-01 3.1410842933e-21)
    (9.8616493157e-01 5.2013094840e-21)
    (9.9265725541e-01 8.4639550338e-21)
    (9.9888405066e-01 1.3543114065e-20)
    (1.0048670871e+00 2.1319604855e-20)
    (1.0106280072e+00 3.3034699304e-20)
    (1.0161883436e+00 5.0407702628e-20)
    (1.0215695406e+00 7.5780285012e-20)
    (1.0267929771e+00 1.1228930715e-19)
    (1.0318799906e+00 1.6407009295e-19)
    (1.0368231653e+00 2.4092176543e-19)
    (1.0417033545e+00 3.4423241575e-19)
    (1.0465120906e+00 4.8586714108e-19)
    (1.0510868807e+00 6.9428995903e-19)
    (1.0558591909e+00 9.5580799828e-19)
    (1.0606532018e+00 1.3017984267e-18)
    (1.0655074201e+00 1.7546919349e-18)
    (1.0704684874e+00 2.3414126415e-18)
    (1.0751997678e+00 3.1492339224e-18)
    (1.0804337622e+00 4.1486374806e-18)
    (1.0860944541e+00 5.3614120545e-18)
    (1.0921800386e+00 6.8685455571e-18)
    (1.0986620881e+00 8.7977977607e-18)
    (1.1060807530e+00 1.1072144066e-17)
    (1.1144567565e+00 1.3822147043e-17)
    (1.1240549778e+00 1.7118367596e-17)
    (1.1350476813e+00 2.1109264151e-17)
    (1.1481500998e+00 2.5725155757e-17)
    (1.1636258816e+00 3.1112849752e-17)
    (1.1819885903e+00 3.7345583124e-17)
    (1.2038177970e+00 4.4490714410e-17)
    (1.2301634392e+00 5.2950217846e-17)
    (1.2609969547e+00 6.2096684509e-17)
    (1.2973623011e+00 7.2281293856e-17)
    (1.3400043219e+00 8.3507814870e-17)
    (1.3902463434e+00 9.5929518067e-17)
    (1.4476740790e+00 1.0914037134e-16)
    (1.5134371389e+00 1.2323542571e-16)
    (1.5880617832e+00 1.3810050944e-16)
    (1.6719409936e+00 1.5359095020e-16)
    (1.7660607111e+00 1.6977267781e-16)
    (1.8689224012e+00 1.8594346953e-16)
    (1.9811674971e+00 2.0216245988e-16)
    (2.1024762205e+00 2.1821276052e-16)
    (2.2323544682e+00 2.3387815012e-16)
    (2.3723894733e+00 2.4927782353e-16)
    (2.5173051548e+00 2.6353547432e-16)
    (2.6685098830e+00 2.7684407431e-16)
    (2.8251127850e+00 2.8906547320e-16)
    (2.9864403851e+00 3.0015608380e-16)
    (3.1511716909e+00 3.0990817890e-16)
    (3.3187345269e+00 3.1834695935e-16)
    (3.4884072290e+00 3.2545750434e-16)
    (3.6595680233e+00 3.3125090820e-16)
    (3.8329812664e+00 3.3613655682e-16)
    (4.0054036496e+00 3.3936855669e-16)
    (4.1781426577e+00 3.4143864866e-16)
    (4.3510158693e+00 3.4242141033e-16)
    (4.5239369987e+00 3.4239781199e-16)
    (4.6971621124e+00 3.4139319633e-16)
    (4.8701409956e+00 3.3960886716e-16)
    (5.0433978981e+00 3.3707320108e-16)
    (5.2171246269e+00 3.3386716974e-16)
    (5.3915564385e+00 3.3006797548e-16)
    (5.5669629672e+00 3.2574829308e-16)
    (5.7436400437e+00 3.2097581257e-16)
    (5.9219025873e+00 3.1581302290e-16)
    (6.1010979378e+00 3.1031405176e-16)
    (6.2835570480e+00 3.0453902870e-16)
    (6.4679920424e+00 2.9853843165e-16)
    (6.6560078498e+00 2.9233213321e-16)
    (6.8473428105e+00 2.8597356008e-16)
    (7.0423340173e+00 2.7949691882e-16)
    (7.2409465160e+00 2.7310479646e-16)
    (7.4442081971e+00 2.6646860096e-16)
    (7.6521663603e+00 2.5979703419e-16)
    (7.8676105911e+00 2.5285216240e-16)
    (8.0858487204e+00 2.4617866951e-16)
    (8.3098278045e+00 2.3952837505e-16)
    (8.5398932951e+00 2.3291592698e-16)
    (8.7763949131e+00 2.2635424268e-16)
    (9.0196879697e+00 2.1985468193e-16)
    (9.2670974767e+00 2.1359072775e-16)
    (9.5251096886e+00 2.0723209124e-16)
    (9.7910839770e+00 2.0096251512e-16)
    (1.0065371630e+01 1.9478837855e-16)
    (1.0346344593e+01 1.8867640774e-16)
    (1.0638438926e+01 1.8270935233e-16)
    (1.0940187398e+01 1.7685212256e-16)
    (1.1925355136e+01 1.5669022261e-16)
    (1.2308824412e+01 1.5054021312e-16)
    (1.2709276652e+01 1.4462713411e-16)
    (1.3126439691e+01 1.3886135732e-16)
    (1.3561263285e+01 1.3324504997e-16)
    (1.4012493747e+01 1.2788026033e-16)
    (1.4484291915e+01 1.2256257078e-16)
    (1.4973992379e+01 1.1741105440e-16)
    (1.5487666223e+01 1.1239854770e-16)
    (1.6023909695e+01 1.0754072607e-16)
    (1.6583468512e+01 1.0270646683e-16)
    (1.7168941463e+01 9.8169847556e-17)
    (1.7781023452e+01 9.3782529988e-17)
    (1.8422151615e+01 8.9690916273e-17)
    (1.9092649339e+01 8.5575668821e-17)
    (1.9794733945e+01 8.1606417451e-17)
    (2.0530664058e+01 7.7779979284e-17)
    (2.1299508263e+01 7.3974946156e-17)
    (2.2109288431e+01 7.0441619045e-17)
    (2.2959485968e+01 6.7040558809e-17)
    (2.3850104879e+01 6.3786117645e-17)
    (2.4788921536e+01 6.0638596247e-17)
    (2.5776295005e+01 5.7614989268e-17)
    (2.6817698048e+01 5.4710651289e-17)
    (2.7909067436e+01 5.1987542398e-17)
    (2.9061538888e+01 4.9306965832e-17)
    (3.0279874265e+01 4.6737403360e-17)
    (3.1556757395e+01 4.4232637046e-17)
    (3.2908931845e+01 4.1886400243e-17)
    (3.4342348823e+01 3.9640212922e-17)
    (3.5842127009e+01 3.7464284042e-17)
    (3.7437719791e+01 3.5419383972e-17)
    (3.9117090489e+01 3.3474690124e-17)
    (4.0644106575e+01 3.1546286296e-17)
    (4.2796040127e+01 2.9829714223e-17)
    (4.4789131155e+01 2.8152219427e-17)
    (4.6589221150e+01 2.6462668983e-17)
    (4.9179324484e+01 2.4987750421e-17)
    (5.1201199815e+01 2.3477127696e-17)
    (5.4099126670e+01 2.2113192275e-17)
    (5.6778858337e+01 2.0782581216e-17)
    (5.9117854096e+01 1.9531921949e-17)
    (6.2718461942e+01 1.8304472445e-17)
    (6.5410085846e+01 1.7210244105e-17)
    (6.9496742822e+01 1.6101802283e-17)
    (7.3180976752e+01 1.5093157708e-17)
    (7.7182577491e+01 1.4129377334e-17)
    (8.1420085225e+01 1.3215321305e-17)
    (8.6011788405e+01 1.2352010329e-17)
    (9.0867763137e+01 1.1545242830e-17)
    (9.6165388139e+01 1.0772217058e-17)
    (1.0177823578e+02 1.0042503131e-17)
    (1.0792309375e+02 9.3532929663e-18)
    (1.1458604701e+02 8.7026855751e-18)
    (1.2160542734e+02 8.0938850495e-18)
    (1.2939531717e+02 7.5157465194e-18)
    (1.3542361118e+02 6.9887401913e-18)
    (1.4388362195e+02 6.4775803743e-18)
    (1.5371740495e+02 5.9962684709e-18)
    (1.6736124994e+02 5.5236334435e-18)
    (1.7556818514e+02 5.0921418234e-18)
    (1.9180551086e+02 4.7027581892e-18)
    (2.0148427830e+02 4.3101423669e-18)
);
