// k[EI_N2_EXC_N2_B_P3] [m^3/s] vs reducedE [V m^2]; air_plasma [94c490be646f8872], T_gas = 300.000000 K
(
    (0 0.0000000000e+00)
    (1.0000000000e-22 0.0000000000e+00)
    (1.0452754953e-22 0.0000000000e+00)
    (1.0926008611e-22 0.0000000000e+00)
    (1.1420689063e-22 0.0000000000e+00)
    (1.1937766417e-22 0.0000000000e+00)
    (1.2478254705e-22 0.0000000000e+00)
    (1.3043213867e-22 0.0000000000e+00)
    (1.3633751836e-22 0.0000000000e+00)
    (1.4251026703e-22 0.0000000000e+00)
    (1.4896248996e-22 0.0000000000e+00)
    (1.5570684048e-22 0.0000000000e+00)
    (1.6275654480e-22 0.0000000000e+00)
    (1.7012542799e-22 0.0000000000e+00)
    (1.7782794100e-22 0.0000000000e+00)
    (1.8587918911e-22 0.0000000000e+00)
    (1.9429496147e-22 0.0000000000e+00)
    (2.0309176209e-22 0.0000000000e+00)
    (2.1228684221e-22 0.0000000000e+00)
    (2.2189823415e-22 0.0000000000e+00)
    (2.3194478661e-22 0.0000000000e+00)
    (2.4244620171e-22 0.0000000000e+00)
    (2.5342307358e-22 0.0000000000e+00)
    (2.6489692876e-22 0.0000000000e+00)
    (2.7689026842e-22 0.0000000000e+00)
    (2.8942661247e-22 0.0000000000e+00)
    (3.0253054571e-22 0.0000000000e+00)
    (3.1622776602e-22 0.0000000000e+00)
    (3.3054513476e-22 0.0000000000e+00)
    (3.4551072946e-22 0.0000000000e+00)
    (3.6115389887e-22 0.0000000000e+00)
    (3.7750532053e-22 0.0000000000e+00)
    (3.9459706091e-22 0.0000000000e+00)
    (4.1246263829e-22 0.0000000000e+00)
    (4.3113708854e-22 0.0000000000e+00)
    (4.5065703377e-22 0.0000000000e+00)
    (4.7106075420e-22 0.0000000000e+00)
    (4.9238826317e-22 0.0000000000e+00)
    (5.1468138568e-22 0.0000000000e+00)
    (5.3798384034e-22 0.0000000000e+00)
    (5.6234132519e-22 0.0000000000e+00)
    (5.8780160723e-22 0.0000000000e+00)
    (6.1441461614e-22 0.0000000000e+00)
    (6.4223254222e-22 0.0000000000e+00)
    (6.7130993868e-22 0.0000000000e+00)
    (7.0170382867e-22 0.0000000000e+00)
    (7.3347381708e-22 0.0000000000e+00)
    (7.6668220745e-22 0.0000000000e+00)
    (8.0139412415e-22 0.0000000000e+00)
    (8.3767764007e-22 0.0000000000e+00)
    (8.7560391014e-22 0.0000000000e+00)
    (9.1524731088e-22 0.0000000000e+00)
    (9.5668558622e-22 0.0000000000e+00)
    (1.0000000000e-21 0.0000000000e+00)
    (1.0452754953e-21 0.0000000000e+00)
    (1.0926008611e-21 0.0000000000e+00)
    (1.1420689063e-21 0.0000000000e+00)
    (1.1937766417e-21 0.0000000000e+00)
    (1.2478254705e-21 0.0000000000e+00)
    (1.3043213867e-21 0.0000000000e+00)
    (1.3633751836e-21 0.0000000000e+00)
    (1.4251026703e-21 0.0000000000e+00)
    (1.4896248996e-21 0.0000000000e+00)
    (1.5570684048e-21 0.0000000000e+00)
    (1.6275654480e-21 0.0000000000e+00)
    (1.7012542799e-21 0.0000000000e+00)
    (1.7782794100e-21 0.0000000000e+00)
    (1.8587918911e-21 0.0000000000e+00)
    (1.9429496147e-21 0.0000000000e+00)
    (2.0309176209e-21 0.0000000000e+00)
    (2.1228684221e-21 0.0000000000e+00)
    (2.2189823415e-21 0.0000000000e+00)
    (2.3194478661e-21 0.0000000000e+00)
    (2.4244620171e-21 0.0000000000e+00)
    (2.5342307358e-21 0.0000000000e+00)
    (2.6489692876e-21 0.0000000000e+00)
    (2.7689026842e-21 0.0000000000e+00)
    (2.8942661247e-21 0.0000000000e+00)
    (3.0253054571e-21 0.0000000000e+00)
    (3.1622776602e-21 0.0000000000e+00)
    (3.3054513476e-21 0.0000000000e+00)
    (3.4551072946e-21 0.0000000000e+00)
    (3.6115389887e-21 0.0000000000e+00)
    (3.7750532053e-21 0.0000000000e+00)
    (3.9459706091e-21 0.0000000000e+00)
    (4.1246263829e-21 0.0000000000e+00)
    (4.3113708854e-21 0.0000000000e+00)
    (4.5065703377e-21 0.0000000000e+00)
    (4.7106075420e-21 0.0000000000e+00)
    (4.9238826317e-21 0.0000000000e+00)
    (5.1468138568e-21 0.0000000000e+00)
    (5.3798384034e-21 0.0000000000e+00)
    (5.6234132519e-21 0.0000000000e+00)
    (5.8780160723e-21 0.0000000000e+00)
    (6.1441461614e-21 0.0000000000e+00)
    (6.4223254222e-21 0.0000000000e+00)
    (6.7130993868e-21 0.0000000000e+00)
    (7.0170382867e-21 0.0000000000e+00)
    (7.3347381708e-21 0.0000000000e+00)
    (7.6668220745e-21 0.0000000000e+00)
    (8.0139412415e-21 0.0000000000e+00)
    (8.3767764007e-21 0.0000000000e+00)
    (8.7560391014e-21 0.0000000000e+00)
    (9.1524731088e-21 0.0000000000e+00)
    (9.5668558622e-21 0.0000000000e+00)
    (1.0000000000e-20 0.0000000000e+00)
    (1.0452754953e-20 0.0000000000e+00)
    (1.0926008611e-20 0.0000000000e+00)
    (1.1420689063e-20 0.0000000000e+00)
    (1.1937766417e-20 0.0000000000e+00)
    (1.2478254705e-20 0.0000000000e+00)
    (1.3043213867e-20 0.0000000000e+00)
    (1.3633751836e-20 0.0000000000e+00)
    (1.4251026703e-20 0.0000000000e+00)
    (1.4896248996e-20 0.0000000000e+00)
    (1.5570684048e-20 0.0000000000e+00)
    (1.6275654480e-20 0.0000000000e+00)
    (1.7012542799e-20 0.0000000000e+00)
    (1.7782794100e-20 0.0000000000e+00)
    (1.8587918911e-20 0.0000000000e+00)
    (1.9429496147e-20 0.0000000000e+00)
    (2.0309176209e-20 0.0000000000e+00)
    (2.1228684221e-20 0.0000000000e+00)
    (2.2189823415e-20 0.0000000000e+00)
    (2.3194478661e-20 0.0000000000e+00)
    (2.4244620171e-20 0.0000000000e+00)
    (2.5342307358e-20 0.0000000000e+00)
    (2.6489692876e-20 0.0000000000e+00)
    (2.7689026842e-20 5.2243016841e-22)
    (2.8942661247e-20 1.1592117327e-21)
    (3.0253054571e-20 2.0658331144e-21)
    (3.1622776602e-20 3.5985742673e-21)
    (3.3054513476e-20 6.3387589119e-21)
    (3.4551072946e-20 1.0613198640e-20)
    (3.6115389887e-20 1.7420129440e-20)
    (3.7750532053e-20 2.8052673385e-20)
    (3.9459706091e-20 4.4556647572e-20)
    (4.1246263829e-20 6.9156868904e-20)
    (4.3113708854e-20 1.0554950685e-19)
    (4.5065703377e-20 1.5850139945e-19)
    (4.7106075420e-20 2.3431578124e-19)
    (4.9238826317e-20 3.4369001418e-19)
    (5.1468138568e-20 4.9258461043e-19)
    (5.3798384034e-20 6.9602692562e-19)
    (5.6234132519e-20 9.6998524089e-19)
    (5.8780160723e-20 1.3379951192e-18)
    (6.1441461614e-20 1.8145366995e-18)
    (6.4223254222e-20 2.4294609848e-18)
    (6.7130993868e-20 3.2122771838e-18)
    (7.0170382867e-20 4.1956625593e-18)
    (7.3347381708e-20 5.4273706105e-18)
    (7.6668220745e-20 6.9202120425e-18)
    (8.0139412415e-20 8.7248187896e-18)
    (8.3767764007e-20 1.0880366226e-17)
    (8.7560391014e-20 1.3425568752e-17)
    (9.1524731088e-20 1.6435819359e-17)
    (9.5668558622e-20 1.9872037660e-17)
    (1.0000000000e-19 2.3802263705e-17)
    (1.0452754953e-19 2.8255237327e-17)
    (1.0926008611e-19 3.3267689592e-17)
    (1.1420689063e-19 3.8836540614e-17)
    (1.1937766417e-19 4.4990426859e-17)
    (1.2478254705e-19 5.1741831813e-17)
    (1.3043213867e-19 5.9099168812e-17)
    (1.3633751836e-19 6.7104034466e-17)
    (1.4251026703e-19 7.5676522885e-17)
    (1.4896248996e-19 8.4856982092e-17)
    (1.5570684048e-19 9.4639034248e-17)
    (1.6275654480e-19 1.0501287595e-16)
    (1.7012542799e-19 1.1598084632e-16)
    (1.7782794100e-19 1.2749171254e-16)
    (1.8587918911e-19 1.3954554353e-16)
    (1.9429496147e-19 1.5211968043e-16)
    (2.0309176209e-19 1.6518842627e-16)
    (2.1228684221e-19 1.7872315848e-16)
    (2.2189823415e-19 1.9269247069e-16)
    (2.3194478661e-19 2.0706235125e-16)
    (2.4244620171e-19 2.2176789320e-16)
    (2.5342307358e-19 2.3683064104e-16)
    (2.6489692876e-19 2.5215772131e-16)
    (2.7689026842e-19 2.6775397636e-16)
    (2.8942661247e-19 2.8355472724e-16)
    (3.0253054571e-19 2.9951704160e-16)
    (3.1622776602e-19 3.1557731908e-16)
    (3.3054513476e-19 3.3173000295e-16)
    (3.4551072946e-19 3.4791567651e-16)
    (3.6115389887e-19 3.6421737188e-16)
    (3.7750532053e-19 3.8033361127e-16)
    (3.9459706091e-19 3.9636048274e-16)
    (4.1246263829e-19 4.1225958744e-16)
    (4.3113708854e-19 4.2799406310e-16)
    (4.5065703377e-19 4.4352868770e-16)
    (4.7106075420e-19 4.5868507964e-16)
    (4.9238826317e-19 4.7372577903e-16)
    (5.1468138568e-19 4.8847024592e-16)
    (5.3798384034e-19 5.0289066038e-16)
    (5.6234132519e-19 5.1686490611e-16)
    (5.8780160723e-19 5.3056268283e-16)
    (6.1441461614e-19 5.4386015679e-16)
    (6.4223254222e-19 5.8570387660e-16)
    (6.7130993868e-19 5.9867184350e-16)
    (7.0170382867e-19 6.1112722421e-16)
    (7.3347381708e-19 6.2295355787e-16)
    (7.6668220745e-19 6.3412469263e-16)
    (8.0139412415e-19 6.4453763853e-16)
    (8.3767764007e-19 6.5433278962e-16)
    (8.7560391014e-19 6.6323157583e-16)
    (9.1524731088e-19 6.7158688803e-16)
    (9.5668558622e-19 6.7919393330e-16)
    (1.0000000000e-18 6.8593646164e-16)
    (1.0452754953e-18 6.9201429844e-16)
    (1.0926008611e-18 6.9731514739e-16)
    (1.1420689063e-18 7.0174436454e-16)
    (1.1937766417e-18 7.0547259516e-16)
    (1.2478254705e-18 7.0841400591e-16)
    (1.3043213867e-18 7.1056716583e-16)
    (1.3633751836e-18 7.1171699024e-16)
    (1.4251026703e-18 7.1231700054e-16)
    (1.4896248996e-18 7.1213791950e-16)
    (1.5570684048e-18 7.1098642805e-16)
    (1.6275654480e-18 7.0928458981e-16)
    (1.7012542799e-18 7.0682591471e-16)
    (1.7782794100e-18 7.0361042667e-16)
    (1.8587918911e-18 6.9952393389e-16)
    (1.9429496147e-18 6.9486879808e-16)
    (2.0309176209e-18 6.8949031145e-16)
    (2.1228684221e-18 6.8332431713e-16)
    (2.2189823415e-18 6.7658616360e-16)
    (2.3194478661e-18 6.6916483053e-16)
    (2.4244620171e-18 6.6096875095e-16)
    (2.5342307358e-18 6.5229936108e-16)
    (2.6489692876e-18 6.4282152666e-16)
    (2.7689026842e-18 6.3201010118e-16)
    (2.8942661247e-18 6.2254650963e-16)
    (3.0253054571e-18 6.1140415508e-16)
    (3.1622776602e-18 5.9903901101e-16)
    (3.3054513476e-18 5.8792721926e-16)
    (3.4551072946e-18 5.7485200319e-16)
    (3.6115389887e-18 5.6246871591e-16)
    (3.7750532053e-18 5.4904777448e-16)
    (3.9459706091e-18 5.3454340767e-16)
    (4.1246263829e-18 5.2111116641e-16)
    (4.3113708854e-18 5.0633809905e-16)
    (4.5065703377e-18 4.9204310757e-16)
    (4.7106075420e-18 4.7701597127e-16)
    (4.9238826317e-18 4.6184632540e-16)
    (5.1468138568e-18 4.4632768289e-16)
    (5.3798384034e-18 4.3081899840e-16)
    (5.6234132519e-18 4.1510275178e-16)
    (5.8780160723e-18 3.9939762385e-16)
    (6.1441461614e-18 3.8353120358e-16)
    (6.4223254222e-18 3.6777915149e-16)
    (6.7130993868e-18 3.5204141361e-16)
    (7.0170382867e-18 3.3631856786e-16)
    (7.3347381708e-18 3.2076350650e-16)
    (7.6668220745e-18 3.0474721992e-16)
    (8.0139412415e-18 2.8944548046e-16)
    (8.3767764007e-18 2.7454719904e-16)
    (8.7560391014e-18 2.6013735224e-16)
    (9.1524731088e-18 2.4491435389e-16)
    (9.5668558622e-18 2.3139442035e-16)
    (1.0000000000e-17 2.1690038031e-16)
);
