// k[EI_N2_EXC_N2_V1RES] [m^3/s] vs reducedE [V m^2]; air_plasma [94c490be646f8872], T_gas = 300.000000 K
(
    (0 0.0000000000e+00)
    (1.0000000000e-22 0.0000000000e+00)
    (1.0452754953e-22 0.0000000000e+00)
    (1.0926008611e-22 0.0000000000e+00)
    (1.1420689063e-22 0.0000000000e+00)
    (1.1937766417e-22 0.0000000000e+00)
    (1.2478254705e-22 0.0000000000e+00)
    (1.3043213867e-22 0.0000000000e+00)
    (1.3633751836e-22 0.0000000000e+00)
    (1.4251026703e-22 0.0000000000e+00)
    (1.4896248996e-22 0.0000000000e+00)
    (1.5570684048e-22 0.0000000000e+00)
    (1.6275654480e-22 0.0000000000e+00)
    (1.7012542799e-22 0.0000000000e+00)
    (1.7782794100e-22 0.0000000000e+00)
    (1.8587918911e-22 0.0000000000e+00)
    (1.9429496147e-22 0.0000000000e+00)
    (2.0309176209e-22 0.0000000000e+00)
    (2.1228684221e-22 0.0000000000e+00)
    (2.2189823415e-22 0.0000000000e+00)
    (2.3194478661e-22 0.0000000000e+00)
    (2.4244620171e-22 0.0000000000e+00)
    (2.5342307358e-22 0.0000000000e+00)
    (2.6489692876e-22 0.0000000000e+00)
    (2.7689026842e-22 0.0000000000e+00)
    (2.8942661247e-22 0.0000000000e+00)
    (3.0253054571e-22 0.0000000000e+00)
    (3.1622776602e-22 0.0000000000e+00)
    (3.3054513476e-22 0.0000000000e+00)
    (3.4551072946e-22 0.0000000000e+00)
    (3.6115389887e-22 0.0000000000e+00)
    (3.7750532053e-22 0.0000000000e+00)
    (3.9459706091e-22 0.0000000000e+00)
    (4.1246263829e-22 0.0000000000e+00)
    (4.3113708854e-22 0.0000000000e+00)
    (4.5065703377e-22 0.0000000000e+00)
    (4.7106075420e-22 0.0000000000e+00)
    (4.9238826317e-22 0.0000000000e+00)
    (5.1468138568e-22 0.0000000000e+00)
    (5.3798384034e-22 0.0000000000e+00)
    (5.6234132519e-22 0.0000000000e+00)
    (5.8780160723e-22 0.0000000000e+00)
    (6.1441461614e-22 0.0000000000e+00)
    (6.4223254222e-22 0.0000000000e+00)
    (6.7130993868e-22 0.0000000000e+00)
    (7.0170382867e-22 0.0000000000e+00)
    (7.3347381708e-22 0.0000000000e+00)
    (7.6668220745e-22 0.0000000000e+00)
    (8.0139412415e-22 0.0000000000e+00)
    (8.3767764007e-22 0.0000000000e+00)
    (8.7560391014e-22 0.0000000000e+00)
    (9.1524731088e-22 0.0000000000e+00)
    (9.5668558622e-22 0.0000000000e+00)
    (1.0000000000e-21 0.0000000000e+00)
    (1.0452754953e-21 0.0000000000e+00)
    (1.0926008611e-21 0.0000000000e+00)
    (1.1420689063e-21 7.7471029897e-22)
    (1.1937766417e-21 1.1358073857e-21)
    (1.2478254705e-21 1.8245807856e-21)
    (1.3043213867e-21 3.0717403227e-21)
    (1.3633751836e-21 5.2516214534e-21)
    (1.4251026703e-21 8.9567878405e-21)
    (1.4896248996e-21 1.5103624231e-20)
    (1.5570684048e-21 2.5075711207e-20)
    (1.6275654480e-21 4.0913449955e-20)
    (1.7012542799e-21 6.5555877245e-20)
    (1.7782794100e-21 1.0007593985e-19)
    (1.8587918911e-21 1.5476858799e-19)
    (1.9429496147e-21 2.3518482735e-19)
    (2.0309176209e-21 3.5130203572e-19)
    (2.1228684221e-21 5.1602461470e-19)
    (2.2189823415e-21 7.4569841198e-19)
    (2.3194478661e-21 1.0605794521e-18)
    (2.4244620171e-21 1.4852746434e-18)
    (2.5342307358e-21 2.0490037575e-18)
    (2.6489692876e-21 2.7858091812e-18)
    (2.7689026842e-21 3.7345702133e-18)
    (2.8942661247e-21 4.9388294495e-18)
    (3.0253054571e-21 6.4464463988e-18)
    (3.1622776602e-21 8.3090828884e-18)
    (3.3054513476e-21 1.0581552968e-17)
    (3.4551072946e-21 1.3321077905e-17)
    (3.6115389887e-21 1.6586494379e-17)
    (3.7750532053e-21 2.0437473494e-17)
    (3.9459706091e-21 2.4933795735e-17)
    (4.1246263829e-21 3.0134731903e-17)
    (4.3113708854e-21 3.6098563948e-17)
    (4.5065703377e-21 4.2882270250e-17)
    (4.7106075420e-21 5.0541387359e-17)
    (4.9238826317e-21 5.8927602000e-17)
    (5.1468138568e-21 6.8411914288e-17)
    (5.3798384034e-21 7.8898533191e-17)
    (5.6234132519e-21 9.0429256915e-17)
    (5.8780160723e-21 1.0304377657e-16)
    (6.1441461614e-21 1.1677995990e-16)
    (6.4223254222e-21 1.3167416659e-16)
    (6.7130993868e-21 1.4776158392e-16)
    (7.0170382867e-21 1.6507652974e-16)
    (7.3347381708e-21 1.8365273648e-16)
    (7.6668220745e-21 2.0352360488e-16)
    (8.0139412415e-21 2.2472242720e-16)
    (8.3767764007e-21 2.4728258495e-16)
    (8.7560391014e-21 2.7123773097e-16)
    (9.1524731088e-21 2.9662196860e-16)
    (9.5668558622e-21 3.2347004302e-16)
    (1.0000000000e-20 3.5181756002e-16)
    (1.0452754953e-20 3.8170124653e-16)
    (1.0926008611e-20 4.1315926436e-16)
    (1.1420689063e-20 4.4623158607e-16)
    (1.1937766417e-20 4.8086200479e-16)
    (1.2478254705e-20 5.1724976334e-16)
    (1.3043213867e-20 5.5537270269e-16)
    (1.3633751836e-20 5.9527871113e-16)
    (1.4251026703e-20 6.3701932021e-16)
    (1.4896248996e-20 6.8065026479e-16)
    (1.5570684048e-20 7.2623204938e-16)
    (1.6275654480e-20 7.7383050595e-16)
    (1.7012542799e-20 8.2351732765e-16)
    (1.7782794100e-20 8.7537056765e-16)
    (1.8587918911e-20 9.2947508547e-16)
    (1.9429496147e-20 9.8560073858e-16)
    (2.0309176209e-20 1.0444615065e-15)
    (2.1228684221e-20 1.1058600368e-15)
    (2.2189823415e-20 1.1681693880e-15)
    (2.3194478661e-20 1.2350122082e-15)
    (2.4244620171e-20 1.3047520354e-15)
    (2.5342307358e-20 1.3775184398e-15)
    (2.6489692876e-20 1.4534455693e-15)
    (2.7689026842e-20 1.5291430882e-15)
    (2.8942661247e-20 1.6103599991e-15)
    (3.0253054571e-20 1.6967090149e-15)
    (3.1622776602e-20 1.7867674303e-15)
    (3.3054513476e-20 1.8787655554e-15)
    (3.4551072946e-20 1.9766118940e-15)
    (3.6115389887e-20 2.0784504973e-15)
    (3.7750532053e-20 2.1843109159e-15)
    (3.9459706091e-20 2.2892585568e-15)
    (4.1246263829e-20 2.4032178391e-15)
    (4.3113708854e-20 2.5209102095e-15)
    (4.5065703377e-20 2.6420608621e-15)
    (4.7106075420e-20 2.7662769999e-15)
    (4.9238826317e-20 2.8912389197e-15)
    (5.1468138568e-20 3.0198310764e-15)
    (5.3798384034e-20 3.1494540201e-15)
    (5.6234132519e-20 3.2791172168e-15)
    (5.8780160723e-20 3.4062885393e-15)
    (6.1441461614e-20 3.5326087828e-15)
    (6.4223254222e-20 3.6551402734e-15)
    (6.7130993868e-20 3.7724215577e-15)
    (7.0170382867e-20 3.8829661006e-15)
    (7.3347381708e-20 3.9761980403e-15)
    (7.6668220745e-20 4.0693393904e-15)
    (8.0139412415e-20 4.1517241920e-15)
    (8.3767764007e-20 4.2223215011e-15)
    (8.7560391014e-20 4.2803374386e-15)
    (9.1524731088e-20 4.3221397275e-15)
    (9.5668558622e-20 4.3538380612e-15)
    (1.0000000000e-19 4.3722045266e-15)
    (1.0452754953e-19 4.3775273428e-15)
    (1.0926008611e-19 4.3654696824e-15)
    (1.1420689063e-19 4.3469981717e-15)
    (1.1937766417e-19 4.3175210459e-15)
    (1.2478254705e-19 4.2780084714e-15)
    (1.3043213867e-19 4.2294950453e-15)
    (1.3633751836e-19 4.1711021853e-15)
    (1.4251026703e-19 4.1079580987e-15)
    (1.4896248996e-19 4.0389435266e-15)
    (1.5570684048e-19 3.9650173412e-15)
    (1.6275654480e-19 3.8870708422e-15)
    (1.7012542799e-19 3.8048300818e-15)
    (1.7782794100e-19 3.7213678085e-15)
    (1.8587918911e-19 3.6360655421e-15)
    (1.9429496147e-19 3.5494986244e-15)
    (2.0309176209e-19 3.4621671038e-15)
    (2.1228684221e-19 3.3745011098e-15)
    (2.2189823415e-19 3.2868670313e-15)
    (2.3194478661e-19 3.1995740471e-15)
    (2.4244620171e-19 3.1109130592e-15)
    (2.5342307358e-19 3.0252570313e-15)
    (2.6489692876e-19 2.9397186681e-15)
    (2.7689026842e-19 2.8562317154e-15)
    (2.8942661247e-19 2.7739578748e-15)
    (3.0253054571e-19 2.6929930422e-15)
    (3.1622776602e-19 2.6126376958e-15)
    (3.3054513476e-19 2.5346027620e-15)
    (3.4551072946e-19 2.4580420360e-15)
    (3.6115389887e-19 2.3795271017e-15)
    (3.7750532053e-19 2.3062286605e-15)
    (3.9459706091e-19 2.2344697610e-15)
    (4.1246263829e-19 2.1642610185e-15)
    (4.3113708854e-19 2.0956075027e-15)
    (4.5065703377e-19 2.0285096596e-15)
    (4.7106075420e-19 1.9635714423e-15)
    (4.9238826317e-19 1.8995603396e-15)
    (5.1468138568e-19 1.8370809725e-15)
    (5.3798384034e-19 1.7761214132e-15)
    (5.6234132519e-19 1.7170198143e-15)
    (5.8780160723e-19 1.6590060135e-15)
    (6.1441461614e-19 1.6024725600e-15)
    (6.4223254222e-19 1.4130113737e-15)
    (6.7130993868e-19 1.3543694813e-15)
    (7.0170382867e-19 1.2988733430e-15)
    (7.3347381708e-19 1.2450274847e-15)
    (7.6668220745e-19 1.1928180121e-15)
    (8.0139412415e-19 1.1432757309e-15)
    (8.3767764007e-19 1.0942202735e-15)
    (8.7560391014e-19 1.0454485280e-15)
    (9.1524731088e-19 9.9972483627e-16)
    (9.5668558622e-19 9.5553830000e-16)
    (1.0000000000e-18 9.1325168115e-16)
    (1.0452754953e-18 8.7199718558e-16)
    (1.0926008611e-18 8.3221015162e-16)
    (1.1420689063e-18 7.9344999814e-16)
    (1.1937766417e-18 7.5654283922e-16)
    (1.2478254705e-18 7.2100320923e-16)
    (1.3043213867e-18 6.8679477431e-16)
    (1.3633751836e-18 6.5302445131e-16)
    (1.4251026703e-18 6.2149567666e-16)
    (1.4896248996e-18 5.9118939683e-16)
    (1.5570684048e-18 5.6283402479e-16)
    (1.6275654480e-18 5.3477266284e-16)
    (1.7012542799e-18 5.0785267049e-16)
    (1.7782794100e-18 4.8202726361e-16)
    (1.8587918911e-18 4.5744202895e-16)
    (1.9429496147e-18 4.3371783069e-16)
    (2.0309176209e-18 4.1099361128e-16)
    (2.1228684221e-18 3.8852941634e-16)
    (2.2189823415e-18 3.6786125643e-16)
    (2.3194478661e-18 3.4808198716e-16)
    (2.4244620171e-18 3.2892827060e-16)
    (2.5342307358e-18 3.1093238778e-16)
    (2.6489692876e-18 2.9401313657e-16)
    (2.7689026842e-18 2.7693509591e-16)
    (2.8942661247e-18 2.6190433836e-16)
    (3.0253054571e-18 2.4714224518e-16)
    (3.1622776602e-18 2.3214939378e-16)
    (3.3054513476e-18 2.1930012295e-16)
    (3.4551072946e-18 2.0594097629e-16)
    (3.6115389887e-18 1.9401136069e-16)
    (3.7750532053e-18 1.8231544178e-16)
    (3.9459706091e-18 1.7121546856e-16)
    (4.1246263829e-18 1.6056487073e-16)
    (4.3113708854e-18 1.5087089567e-16)
    (4.5065703377e-18 1.4122808566e-16)
    (4.7106075420e-18 1.3238349358e-16)
    (4.9238826317e-18 1.2392494458e-16)
    (5.1468138568e-18 1.1589493607e-16)
    (5.3798384034e-18 1.0832191709e-16)
    (5.6234132519e-18 1.0122139617e-16)
    (5.8780160723e-18 9.4445322513e-17)
    (6.1441461614e-18 8.8047695877e-17)
    (6.4223254222e-18 8.2005972124e-17)
    (6.7130993868e-18 7.6302496080e-17)
    (7.0170382867e-18 7.0969685297e-17)
    (7.3347381708e-18 6.5900489054e-17)
    (7.6668220745e-18 6.1280369611e-17)
    (8.0139412415e-18 5.6798293920e-17)
    (8.3767764007e-18 5.2577937958e-17)
    (8.7560391014e-18 4.8433664687e-17)
    (9.1524731088e-18 4.4650155036e-17)
    (9.5668558622e-18 4.1235866856e-17)
    (1.0000000000e-17 3.7793237421e-17)
);
