// k[EI_N2_EXC_N2_C3] [m^3/s] vs reducedE [V m^2]; air_plasma [94c490be646f8872], T_gas = 300.000000 K
(
    (0 0.0000000000e+00)
    (1.0000000000e-22 0.0000000000e+00)
    (1.0452754953e-22 0.0000000000e+00)
    (1.0926008611e-22 0.0000000000e+00)
    (1.1420689063e-22 0.0000000000e+00)
    (1.1937766417e-22 0.0000000000e+00)
    (1.2478254705e-22 0.0000000000e+00)
    (1.3043213867e-22 0.0000000000e+00)
    (1.3633751836e-22 0.0000000000e+00)
    (1.4251026703e-22 0.0000000000e+00)
    (1.4896248996e-22 0.0000000000e+00)
    (1.5570684048e-22 0.0000000000e+00)
    (1.6275654480e-22 0.0000000000e+00)
    (1.7012542799e-22 0.0000000000e+00)
    (1.7782794100e-22 0.0000000000e+00)
    (1.8587918911e-22 0.0000000000e+00)
    (1.9429496147e-22 0.0000000000e+00)
    (2.0309176209e-22 0.0000000000e+00)
    (2.1228684221e-22 0.0000000000e+00)
    (2.2189823415e-22 0.0000000000e+00)
    (2.3194478661e-22 0.0000000000e+00)
    (2.4244620171e-22 0.0000000000e+00)
    (2.5342307358e-22 0.0000000000e+00)
    (2.6489692876e-22 0.0000000000e+00)
    (2.7689026842e-22 0.0000000000e+00)
    (2.8942661247e-22 0.0000000000e+00)
    (3.0253054571e-22 0.0000000000e+00)
    (3.1622776602e-22 0.0000000000e+00)
    (3.3054513476e-22 0.0000000000e+00)
    (3.4551072946e-22 0.0000000000e+00)
    (3.6115389887e-22 0.0000000000e+00)
    (3.7750532053e-22 0.0000000000e+00)
    (3.9459706091e-22 0.0000000000e+00)
    (4.1246263829e-22 0.0000000000e+00)
    (4.3113708854e-22 0.0000000000e+00)
    (4.5065703377e-22 0.0000000000e+00)
    (4.7106075420e-22 0.0000000000e+00)
    (4.9238826317e-22 0.0000000000e+00)
    (5.1468138568e-22 0.0000000000e+00)
    (5.3798384034e-22 0.0000000000e+00)
    (5.6234132519e-22 0.0000000000e+00)
    (5.8780160723e-22 0.0000000000e+00)
    (6.1441461614e-22 0.0000000000e+00)
    (6.4223254222e-22 0.0000000000e+00)
    (6.7130993868e-22 0.0000000000e+00)
    (7.0170382867e-22 0.0000000000e+00)
    (7.3347381708e-22 0.0000000000e+00)
    (7.6668220745e-22 0.0000000000e+00)
    (8.0139412415e-22 0.0000000000e+00)
    (8.3767764007e-22 0.0000000000e+00)
    (8.7560391014e-22 0.0000000000e+00)
    (9.1524731088e-22 0.0000000000e+00)
    (9.5668558622e-22 0.0000000000e+00)
    (1.0000000000e-21 0.0000000000e+00)
    (1.0452754953e-21 0.0000000000e+00)
    (1.0926008611e-21 0.0000000000e+00)
    (1.1420689063e-21 0.0000000000e+00)
    (1.1937766417e-21 0.0000000000e+00)
    (1.2478254705e-21 0.0000000000e+00)
    (1.3043213867e-21 0.0000000000e+00)
    (1.3633751836e-21 0.0000000000e+00)
    (1.4251026703e-21 0.0000000000e+00)
    (1.4896248996e-21 0.0000000000e+00)
    (1.5570684048e-21 0.0000000000e+00)
    (1.6275654480e-21 0.0000000000e+00)
    (1.7012542799e-21 0.0000000000e+00)
    (1.7782794100e-21 0.0000000000e+00)
    (1.8587918911e-21 0.0000000000e+00)
    (1.9429496147e-21 0.0000000000e+00)
    (2.0309176209e-21 0.0000000000e+00)
    (2.1228684221e-21 0.0000000000e+00)
    (2.2189823415e-21 0.0000000000e+00)
    (2.3194478661e-21 0.0000000000e+00)
    (2.4244620171e-21 0.0000000000e+00)
    (2.5342307358e-21 0.0000000000e+00)
    (2.6489692876e-21 0.0000000000e+00)
    (2.7689026842e-21 0.0000000000e+00)
    (2.8942661247e-21 0.0000000000e+00)
    (3.0253054571e-21 0.0000000000e+00)
    (3.1622776602e-21 0.0000000000e+00)
    (3.3054513476e-21 0.0000000000e+00)
    (3.4551072946e-21 0.0000000000e+00)
    (3.6115389887e-21 0.0000000000e+00)
    (3.7750532053e-21 0.0000000000e+00)
    (3.9459706091e-21 0.0000000000e+00)
    (4.1246263829e-21 0.0000000000e+00)
    (4.3113708854e-21 0.0000000000e+00)
    (4.5065703377e-21 0.0000000000e+00)
    (4.7106075420e-21 0.0000000000e+00)
    (4.9238826317e-21 0.0000000000e+00)
    (5.1468138568e-21 0.0000000000e+00)
    (5.3798384034e-21 0.0000000000e+00)
    (5.6234132519e-21 0.0000000000e+00)
    (5.8780160723e-21 0.0000000000e+00)
    (6.1441461614e-21 0.0000000000e+00)
    (6.4223254222e-21 0.0000000000e+00)
    (6.7130993868e-21 0.0000000000e+00)
    (7.0170382867e-21 0.0000000000e+00)
    (7.3347381708e-21 0.0000000000e+00)
    (7.6668220745e-21 0.0000000000e+00)
    (8.0139412415e-21 0.0000000000e+00)
    (8.3767764007e-21 0.0000000000e+00)
    (8.7560391014e-21 0.0000000000e+00)
    (9.1524731088e-21 0.0000000000e+00)
    (9.5668558622e-21 0.0000000000e+00)
    (1.0000000000e-20 0.0000000000e+00)
    (1.0452754953e-20 0.0000000000e+00)
    (1.0926008611e-20 0.0000000000e+00)
    (1.1420689063e-20 0.0000000000e+00)
    (1.1937766417e-20 0.0000000000e+00)
    (1.2478254705e-20 0.0000000000e+00)
    (1.3043213867e-20 0.0000000000e+00)
    (1.3633751836e-20 0.0000000000e+00)
    (1.4251026703e-20 0.0000000000e+00)
    (1.4896248996e-20 0.0000000000e+00)
    (1.5570684048e-20 0.0000000000e+00)
    (1.6275654480e-20 0.0000000000e+00)
    (1.7012542799e-20 0.0000000000e+00)
    (1.7782794100e-20 0.0000000000e+00)
    (1.8587918911e-20 0.0000000000e+00)
    (1.9429496147e-20 0.0000000000e+00)
    (2.0309176209e-20 0.0000000000e+00)
    (2.1228684221e-20 0.0000000000e+00)
    (2.2189823415e-20 0.0000000000e+00)
    (2.3194478661e-20 0.0000000000e+00)
    (2.4244620171e-20 0.0000000000e+00)
    (2.5342307358e-20 0.0000000000e+00)
    (2.6489692876e-20 0.0000000000e+00)
    (2.7689026842e-20 0.0000000000e+00)
    (2.8942661247e-20 0.0000000000e+00)
    (3.0253054571e-20 0.0000000000e+00)
    (3.1622776602e-20 0.0000000000e+00)
    (3.3054513476e-20 4.5932608365e-22)
    (3.4551072946e-20 8.9191747535e-22)
    (3.6115389887e-20 1.6825359497e-21)
    (3.7750532053e-20 3.0890356891e-21)
    (3.9459706091e-20 9.4900883035e-21)
    (4.1246263829e-20 1.7312054268e-20)
    (4.3113708854e-20 3.0820591601e-20)
    (4.5065703377e-20 5.3619826203e-20)
    (4.7106075420e-20 9.1245730122e-20)
    (4.9238826317e-20 1.5044405865e-19)
    (5.1468138568e-20 2.4523117140e-19)
    (5.3798384034e-20 3.9193724486e-19)
    (5.6234132519e-20 6.1453680077e-19)
    (5.8780160723e-20 9.4486458169e-19)
    (6.1441461614e-20 1.4261219626e-18)
    (6.4223254222e-20 2.1147224238e-18)
    (6.7130993868e-20 3.0821901581e-18)
    (7.0170382867e-20 4.4174576672e-18)
    (7.3347381708e-20 6.2421341869e-18)
    (7.6668220745e-20 8.6574209205e-18)
    (8.0139412415e-20 1.1824399567e-17)
    (8.3767764007e-20 1.5911612382e-17)
    (8.7560391014e-20 2.1106278426e-17)
    (9.1524731088e-20 2.7675373612e-17)
    (9.5668558622e-20 3.5715455240e-17)
    (1.0000000000e-19 4.5508765212e-17)
    (1.0452754953e-19 5.7286489036e-17)
    (1.0926008611e-19 7.1308509129e-17)
    (1.1420689063e-19 8.7749153529e-17)
    (1.1937766417e-19 1.0685595018e-16)
    (1.2478254705e-19 1.2883859576e-16)
    (1.3043213867e-19 1.5389191705e-16)
    (1.3633751836e-19 1.8229390130e-16)
    (1.4251026703e-19 2.1398240668e-16)
    (1.4896248996e-19 2.4920527320e-16)
    (1.5570684048e-19 2.8807123455e-16)
    (1.6275654480e-19 3.3066269681e-16)
    (1.7012542799e-19 3.7708331445e-16)
    (1.7782794100e-19 4.2724794429e-16)
    (1.8587918911e-19 4.8121535960e-16)
    (1.9429496147e-19 5.3895284486e-16)
    (2.0309176209e-19 6.0039787037e-16)
    (2.1228684221e-19 6.6545833827e-16)
    (2.2189823415e-19 7.3401317047e-16)
    (2.3194478661e-19 8.0591326591e-16)
    (2.4244620171e-19 8.8089777164e-16)
    (2.5342307358e-19 9.5895513553e-16)
    (2.6489692876e-19 1.0396837601e-15)
    (2.7689026842e-19 1.1230173511e-15)
    (2.8942661247e-19 1.2086146866e-15)
    (3.0253054571e-19 1.2962038865e-15)
    (3.1622776602e-19 1.3854115286e-15)
    (3.3054513476e-19 1.4761122339e-15)
    (3.4551072946e-19 1.5679366487e-15)
    (3.6115389887e-19 1.6611353119e-15)
    (3.7750532053e-19 1.7542659944e-15)
    (3.9459706091e-19 1.8476256799e-15)
    (4.1246263829e-19 1.9409217606e-15)
    (4.3113708854e-19 2.0338675729e-15)
    (4.5065703377e-19 2.1261838362e-15)
    (4.7106075420e-19 2.2169331200e-15)
    (4.9238826317e-19 2.3072032761e-15)
    (5.1468138568e-19 2.3960542222e-15)
    (5.3798384034e-19 2.4832480431e-15)
    (5.6234132519e-19 2.5680786174e-15)
    (5.8780160723e-19 2.6512934196e-15)
    (6.1441461614e-19 2.7321839339e-15)
    (6.4223254222e-19 2.9817855110e-15)
    (6.7130993868e-19 3.0606755732e-15)
    (7.0170382867e-19 3.1361306315e-15)
    (7.3347381708e-19 3.2074582158e-15)
    (7.6668220745e-19 3.2744237668e-15)
    (8.0139412415e-19 3.3364118967e-15)
    (8.3767764007e-19 3.3940624900e-15)
    (8.7560391014e-19 3.4458138167e-15)
    (9.1524731088e-19 3.4935100600e-15)
    (9.5668558622e-19 3.5359885625e-15)
    (1.0000000000e-18 3.5726093906e-15)
    (1.0452754953e-18 3.6043403158e-15)
    (1.0926008611e-18 3.6305843492e-15)
    (1.1420689063e-18 3.6508544094e-15)
    (1.1937766417e-18 3.6659724989e-15)
    (1.2478254705e-18 3.6755262817e-15)
    (1.3043213867e-18 3.6795192975e-15)
    (1.3633751836e-18 3.6768924323e-15)
    (1.4251026703e-18 3.6699688931e-15)
    (1.4896248996e-18 3.6576382780e-15)
    (1.5570684048e-18 3.6389565838e-15)
    (1.6275654480e-18 3.6161809546e-15)
    (1.7012542799e-18 3.5883198938e-15)
    (1.7782794100e-18 3.5554543101e-15)
    (1.8587918911e-18 3.5171385821e-15)
    (1.9429496147e-18 3.4749896564e-15)
    (2.0309176209e-18 3.4283371396e-15)
    (2.1228684221e-18 3.3770624978e-15)
    (2.2189823415e-18 3.3222746936e-15)
    (2.3194478661e-18 3.2635910446e-15)
    (2.4244620171e-18 3.2007234835e-15)
    (2.5342307358e-18 3.1353283269e-15)
    (2.6489692876e-18 3.0659257862e-15)
    (2.7689026842e-18 2.9907080028e-15)
    (2.8942661247e-18 2.9209814441e-15)
    (3.0253054571e-18 2.8441080138e-15)
    (3.1622776602e-18 2.7619940741e-15)
    (3.3054513476e-18 2.6862179912e-15)
    (3.4551072946e-18 2.6020681328e-15)
    (3.6115389887e-18 2.5219378968e-15)
    (3.7750532053e-18 2.4380756173e-15)
    (3.9459706091e-18 2.3501596663e-15)
    (4.1246263829e-18 2.2682083399e-15)
    (4.3113708854e-18 2.1816066365e-15)
    (4.5065703377e-18 2.0983747335e-15)
    (4.7106075420e-18 2.0134504037e-15)
    (4.9238826317e-18 1.9291960040e-15)
    (5.1468138568e-18 1.8447131843e-15)
    (5.3798384034e-18 1.7620201595e-15)
    (5.6234132519e-18 1.6801788447e-15)
    (5.8780160723e-18 1.5997321189e-15)
    (6.1441461614e-18 1.5200207220e-15)
    (6.4223254222e-18 1.4425097516e-15)
    (6.7130993868e-18 1.3665955082e-15)
    (7.0170382867e-18 1.2921738896e-15)
    (7.3347381708e-18 1.2200009851e-15)
    (7.6668220745e-18 1.1467073087e-15)
    (8.0139412415e-18 1.0783687351e-15)
    (8.3767764007e-18 1.0130445347e-15)
    (8.7560391014e-18 9.5144376711e-16)
    (9.1524731088e-18 8.8591700176e-16)
    (9.5668558622e-18 8.3071887755e-16)
    (1.0000000000e-17 7.7053463697e-16)
);
