// k[EI_O2_EXC_O2_4_5EV] [m^3/s] vs mean energy [eV]; air_plasma [94c490be646f8872], T_gas = 300.000000 K
(
    (0 0.0000000000e+00)
    (1.3716749438e-01 0.0000000000e+00)
    (1.4076979314e-01 0.0000000000e+00)
    (1.4397604008e-01 0.0000000000e+00)
    (1.4684113805e-01 0.0000000000e+00)
    (1.4941204783e-01 0.0000000000e+00)
    (1.5172864004e-01 0.0000000000e+00)
    (1.5382482203e-01 0.0000000000e+00)
    (1.5572964088e-01 0.0000000000e+00)
    (1.5746824649e-01 0.0000000000e+00)
    (1.5906268561e-01 0.0000000000e+00)
    (1.6040186980e-01 0.0000000000e+00)
    (1.6189539494e-01 0.0000000000e+00)
    (1.6316727128e-01 0.0000000000e+00)
    (1.6436286366e-01 0.0000000000e+00)
    (1.6549578572e-01 0.0000000000e+00)
    (1.6657873020e-01 0.0000000000e+00)
    (1.6762359287e-01 0.0000000000e+00)
    (1.6865359887e-01 0.0000000000e+00)
    (1.6965539117e-01 0.0000000000e+00)
    (1.7065096866e-01 0.0000000000e+00)
    (1.7163702901e-01 0.0000000000e+00)
    (1.7264762429e-01 0.0000000000e+00)
    (1.7367878080e-01 0.0000000000e+00)
    (1.7473849913e-01 0.0000000000e+00)
    (1.7583432821e-01 0.0000000000e+00)
    (1.7697337833e-01 0.0000000000e+00)
    (1.7816233417e-01 0.0000000000e+00)
    (1.7940746844e-01 0.0000000000e+00)
    (1.8071465956e-01 0.0000000000e+00)
    (1.8208941158e-01 0.0000000000e+00)
    (1.8353687952e-01 0.0000000000e+00)
    (1.8506190021e-01 0.0000000000e+00)
    (1.8666902928e-01 0.0000000000e+00)
    (1.8836258474e-01 0.0000000000e+00)
    (1.9014669747e-01 0.0000000000e+00)
    (1.9202536831e-01 0.0000000000e+00)
    (1.9400253175e-01 0.0000000000e+00)
    (1.9608212573e-01 0.0000000000e+00)
    (1.9826816696e-01 0.0000000000e+00)
    (2.0056483136e-01 0.0000000000e+00)
    (2.0297653896e-01 0.0000000000e+00)
    (2.0550804255e-01 0.0000000000e+00)
    (2.0816451961e-01 0.0000000000e+00)
    (2.1095166654e-01 0.0000000000e+00)
    (2.1387579417e-01 0.0000000000e+00)
    (2.1694256551e-01 0.0000000000e+00)
    (2.2014788174e-01 0.0000000000e+00)
    (2.2353446165e-01 0.0000000000e+00)
    (2.2709477487e-01 0.0000000000e+00)
    (2.3084127841e-01 0.0000000000e+00)
    (2.3479833990e-01 0.0000000000e+00)
    (2.3896131204e-01 0.0000000000e+00)
    (2.4336011410e-01 0.0000000000e+00)
    (2.4801612280e-01 0.0000000000e+00)
    (2.5295360836e-01 0.0000000000e+00)
    (2.5819915170e-01 0.0000000000e+00)
    (2.6378576428e-01 0.0000000000e+00)
    (2.6974626976e-01 0.0000000000e+00)
    (2.7611829297e-01 0.0000000000e+00)
    (2.8294269841e-01 0.0000000000e+00)
    (2.9026321198e-01 0.0000000000e+00)
    (2.9812580887e-01 0.0000000000e+00)
    (3.0657783145e-01 0.0000000000e+00)
    (3.1566682518e-01 0.0000000000e+00)
    (3.2543909275e-01 0.0000000000e+00)
    (3.3590887576e-01 0.0000000000e+00)
    (3.4717223366e-01 0.0000000000e+00)
    (3.5923184525e-01 0.0000000000e+00)
    (3.7211014051e-01 0.0000000000e+00)
    (3.8581860584e-01 0.0000000000e+00)
    (4.0035610545e-01 0.0000000000e+00)
    (4.1570760906e-01 0.0000000000e+00)
    (4.3184344429e-01 0.0000000000e+00)
    (4.4871916534e-01 0.0000000000e+00)
    (4.6627608546e-01 0.0000000000e+00)
    (4.8444246122e-01 0.0000000000e+00)
    (5.0313526437e-01 0.0000000000e+00)
    (5.2226243543e-01 0.0000000000e+00)
    (5.4172546688e-01 0.0000000000e+00)
    (5.6142215538e-01 0.0000000000e+00)
    (5.8124935489e-01 0.0000000000e+00)
    (6.0110557847e-01 0.0000000000e+00)
    (6.2089332763e-01 0.0000000000e+00)
    (6.4052105642e-01 0.0000000000e+00)
    (6.5990472218e-01 0.0000000000e+00)
    (6.7896890624e-01 0.0000000000e+00)
    (6.9764751934e-01 0.0000000000e+00)
    (7.1588412933e-01 0.0000000000e+00)
    (7.3358637930e-01 0.0000000000e+00)
    (7.5079958278e-01 0.0000000000e+00)
    (7.6745534914e-01 0.0000000000e+00)
    (7.8353257443e-01 0.0000000000e+00)
    (7.9901752925e-01 0.0000000000e+00)
    (8.1390306874e-01 0.0000000000e+00)
    (8.2818782881e-01 0.0000000000e+00)
    (8.4187543928e-01 0.0000000000e+00)
    (8.5497377065e-01 0.0000000000e+00)
    (8.6749423532e-01 0.0000000000e+00)
    (8.7945114959e-01 0.0000000000e+00)
    (8.9086116369e-01 0.0000000000e+00)
    (9.0174276209e-01 0.0000000000e+00)
    (9.1211583392e-01 0.0000000000e+00)
    (9.2200131124e-01 0.0000000000e+00)
    (9.3142087166e-01 0.0000000000e+00)
    (9.4039670018e-01 0.0000000000e+00)
    (9.4895130466e-01 0.0000000000e+00)
    (9.5710737851e-01 0.0000000000e+00)
    (9.6488770504e-01 0.0000000000e+00)
    (9.7229590480e-01 0.0000000000e+00)
    (9.7938516806e-01 0.0000000000e+00)
    (9.8616493157e-01 0.0000000000e+00)
    (9.9265725541e-01 0.0000000000e+00)
    (9.9888405066e-01 0.0000000000e+00)
    (1.0048670871e+00 0.0000000000e+00)
    (1.0106280072e+00 0.0000000000e+00)
    (1.0161883436e+00 0.0000000000e+00)
    (1.0215695406e+00 0.0000000000e+00)
    (1.0267929771e+00 0.0000000000e+00)
    (1.0318799906e+00 0.0000000000e+00)
    (1.0368231653e+00 0.0000000000e+00)
    (1.0417033545e+00 0.0000000000e+00)
    (1.0465120906e+00 0.0000000000e+00)
    (1.0510868807e+00 2.3367811895e-21)
    (1.0558591909e+00 4.3578365697e-21)
    (1.0606532018e+00 7.8561002330e-21)
    (1.0655074201e+00 1.3754422984e-20)
    (1.0704684874e+00 2.3449751022e-20)
    (1.0751997678e+00 6.2137728337e-20)
    (1.0804337622e+00 9.9937343804e-20)
    (1.0860944541e+00 1.6026194092e-19)
    (1.0921800386e+00 2.5188635221e-19)
    (1.0986620881e+00 3.9364710077e-19)
    (1.1060807530e+00 5.9491344424e-19)
    (1.1144567565e+00 8.8339117882e-19)
    (1.1240549778e+00 1.2897340543e-18)
    (1.1350476813e+00 1.8671756596e-18)
    (1.1481500998e+00 2.6381660566e-18)
    (1.1636258816e+00 3.6720963980e-18)
    (1.1819885903e+00 5.0377753845e-18)
    (1.2038177970e+00 6.8151707262e-18)
    (1.2301634392e+00 9.1703209930e-18)
    (1.2609969547e+00 1.2066539286e-17)
    (1.2973623011e+00 1.5676549207e-17)
    (1.3400043219e+00 2.0115156683e-17)
    (1.3902463434e+00 2.5592574652e-17)
    (1.4476740790e+00 3.2044422957e-17)
    (1.5134371389e+00 3.9662118469e-17)
    (1.5880617832e+00 4.8538893775e-17)
    (1.6719409936e+00 5.8749009344e-17)
    (1.7660607111e+00 7.0504375783e-17)
    (1.8689224012e+00 8.3495061803e-17)
    (1.9811674971e+00 9.7876361268e-17)
    (2.1024762205e+00 1.1360465826e-16)
    (2.2323544682e+00 1.3060351491e-16)
    (2.3723894733e+00 1.4911139632e-16)
    (2.5173051548e+00 1.6829715833e-16)
    (2.6685098830e+00 1.8835386836e-16)
    (2.8251127850e+00 2.0911047370e-16)
    (2.9864403851e+00 2.3047308009e-16)
    (3.1511716909e+00 2.5207862918e-16)
    (3.3187345269e+00 2.7383811347e-16)
    (3.4884072290e+00 2.9557651872e-16)
    (3.6595680233e+00 3.1712935732e-16)
    (3.8329812664e+00 3.3853329169e-16)
    (4.0054036496e+00 3.5923750592e-16)
    (4.1781426577e+00 3.7935263743e-16)
    (4.3510158693e+00 3.9877459734e-16)
    (4.5239369987e+00 4.1741480176e-16)
    (4.6971621124e+00 4.3526363467e-16)
    (4.8701409956e+00 4.5211510230e-16)
    (5.0433978981e+00 4.6800591866e-16)
    (5.2171246269e+00 4.8289975178e-16)
    (5.3915564385e+00 4.9677043753e-16)
    (5.5669629672e+00 5.0960084773e-16)
    (5.7436400437e+00 5.2138184068e-16)
    (5.9219025873e+00 5.3211129662e-16)
    (6.1010979378e+00 5.4169867734e-16)
    (6.2835570480e+00 5.5034199203e-16)
    (6.4679920424e+00 5.5790996729e-16)
    (6.6560078498e+00 5.6452219586e-16)
    (6.8473428105e+00 5.7014814438e-16)
    (7.0423340173e+00 5.7481197714e-16)
    (7.2409465160e+00 5.7850977836e-16)
    (7.4442081971e+00 5.8132649427e-16)
    (7.6521663603e+00 5.8326530720e-16)
    (7.8676105911e+00 5.8456586351e-16)
    (8.0858487204e+00 5.8481724844e-16)
    (8.3098278045e+00 5.8428705450e-16)
    (8.5398932951e+00 5.8300720678e-16)
    (8.7763949131e+00 5.8100973416e-16)
    (9.0196879697e+00 5.7832659770e-16)
    (9.2670974767e+00 5.7479850384e-16)
    (9.5251096886e+00 5.7085332985e-16)
    (9.7910839770e+00 5.6631531558e-16)
    (1.0065371630e+01 5.6121603170e-16)
    (1.0346344593e+01 5.5547781857e-16)
    (1.0638438926e+01 5.4935549869e-16)
    (1.0940187398e+01 5.4276034556e-16)
    (1.1925355136e+01 5.2412983154e-16)
    (1.2308824412e+01 5.1485657575e-16)
    (1.2709276652e+01 5.0522702778e-16)
    (1.3126439691e+01 4.9518697368e-16)
    (1.3561263285e+01 4.8477310323e-16)
    (1.4012493747e+01 4.7397033246e-16)
    (1.4484291915e+01 4.6293428544e-16)
    (1.4973992379e+01 4.5151687087e-16)
    (1.5487666223e+01 4.4001004101e-16)
    (1.6023909695e+01 4.2831507905e-16)
    (1.6583468512e+01 4.1639280247e-16)
    (1.7168941463e+01 4.0442790290e-16)
    (1.7781023452e+01 3.9237780339e-16)
    (1.8422151615e+01 3.8019950503e-16)
    (1.9092649339e+01 3.6807429099e-16)
    (1.9794733945e+01 3.5595721501e-16)
    (2.0530664058e+01 3.4387462731e-16)
    (2.1299508263e+01 3.3175122113e-16)
    (2.2109288431e+01 3.1982936276e-16)
    (2.2959485968e+01 3.0801743031e-16)
    (2.3850104879e+01 2.9624140420e-16)
    (2.4788921536e+01 2.8472554225e-16)
    (2.5776295005e+01 2.7338146228e-16)
    (2.6817698048e+01 2.6222032312e-16)
    (2.7909067436e+01 2.5121760124e-16)
    (2.9061538888e+01 2.4049497235e-16)
    (3.0279874265e+01 2.2999808880e-16)
    (3.1556757395e+01 2.1972800814e-16)
    (3.2908931845e+01 2.0973913122e-16)
    (3.4342348823e+01 2.0000487331e-16)
    (3.5842127009e+01 1.9047925453e-16)
    (3.7437719791e+01 1.8130639089e-16)
    (3.9117090489e+01 1.7234918085e-16)
    (4.0644106575e+01 1.6348929680e-16)
    (4.2796040127e+01 1.5543114794e-16)
    (4.4789131155e+01 1.4734584208e-16)
    (4.6589221150e+01 1.3932113868e-16)
    (4.9179324484e+01 1.3214825386e-16)
    (5.1201199815e+01 1.2477669958e-16)
    (5.4099126670e+01 1.1805035550e-16)
    (5.6778858337e+01 1.1147631041e-16)
    (5.9117854096e+01 1.0484196017e-16)
    (6.2718461942e+01 9.8943614512e-17)
    (6.5410085846e+01 9.3035567620e-17)
    (6.9496742822e+01 8.7603669882e-17)
    (7.3180976752e+01 8.2317382361e-17)
    (7.7182577491e+01 7.7271028227e-17)
    (8.1420085225e+01 7.2417366752e-17)
    (8.6011788405e+01 6.7846906956e-17)
    (9.0867763137e+01 6.3495038653e-17)
    (9.6165388139e+01 5.9367361952e-17)
    (1.0177823578e+02 5.5405742224e-17)
    (1.0792309375e+02 5.1695846863e-17)
    (1.1458604701e+02 4.8179468018e-17)
    (1.2160542734e+02 4.4842508926e-17)
    (1.2939531717e+02 4.1698288666e-17)
    (1.3542361118e+02 3.8740976860e-17)
    (1.4388362195e+02 3.6049846219e-17)
    (1.5371740495e+02 3.3396697281e-17)
    (1.6736124994e+02 3.0715657673e-17)
    (1.7556818514e+02 2.8482615801e-17)
    (1.9180551086e+02 2.6175823068e-17)
    (2.0148427830e+02 2.4186519607e-17)
);
