// k[EI_O2_EXC_O2_V4] [m^3/s] vs mean energy [eV]; air_plasma [94c490be646f8872], T_gas = 300.000000 K
(
    (0 0.0000000000e+00)
    (1.3716749438e-01 0.0000000000e+00)
    (1.4076979314e-01 0.0000000000e+00)
    (1.4397604008e-01 0.0000000000e+00)
    (1.4684113805e-01 0.0000000000e+00)
    (1.4941204783e-01 0.0000000000e+00)
    (1.5172864004e-01 0.0000000000e+00)
    (1.5382482203e-01 0.0000000000e+00)
    (1.5572964088e-01 0.0000000000e+00)
    (1.5746824649e-01 0.0000000000e+00)
    (1.5906268561e-01 0.0000000000e+00)
    (1.6040186980e-01 0.0000000000e+00)
    (1.6189539494e-01 0.0000000000e+00)
    (1.6316727128e-01 0.0000000000e+00)
    (1.6436286366e-01 0.0000000000e+00)
    (1.6549578572e-01 0.0000000000e+00)
    (1.6657873020e-01 0.0000000000e+00)
    (1.6762359287e-01 0.0000000000e+00)
    (1.6865359887e-01 0.0000000000e+00)
    (1.6965539117e-01 0.0000000000e+00)
    (1.7065096866e-01 0.0000000000e+00)
    (1.7163702901e-01 1.7278292090e-23)
    (1.7264762429e-01 1.6981277299e-23)
    (1.7367878080e-01 1.6675037704e-23)
    (1.7473849913e-01 1.6361618464e-23)
    (1.7583432821e-01 1.6046277926e-23)
    (1.7697337833e-01 1.5738763007e-23)
    (1.7816233417e-01 1.5455372165e-23)
    (1.7940746844e-01 1.5221133220e-23)
    (1.8071465956e-01 1.5074926189e-23)
    (1.8208941158e-01 1.5074878105e-23)
    (1.8353687952e-01 1.5307292546e-23)
    (1.8506190021e-01 1.5899218897e-23)
    (1.8666902928e-01 1.7036311778e-23)
    (1.8836258474e-01 1.8987957860e-23)
    (1.9014669747e-01 2.2142267023e-23)
    (1.9202536831e-01 2.7054285395e-23)
    (1.9400253175e-01 3.4511670737e-23)
    (1.9608212573e-01 4.5623021723e-23)
    (1.9826816696e-01 6.1935039192e-23)
    (2.0056483136e-01 8.5585758873e-23)
    (2.0297653896e-01 1.1950217329e-22)
    (2.0550804255e-01 1.6765138579e-22)
    (2.0816451961e-01 2.3535472404e-22)
    (2.1095166654e-01 3.2967380807e-22)
    (2.1387579417e-01 4.5987620540e-22)
    (2.1694256551e-01 7.5006174958e-22)
    (2.2014788174e-01 1.0959737239e-21)
    (2.2353446165e-01 1.5232046897e-21)
    (2.2709477487e-01 2.1179738463e-21)
    (2.3084127841e-01 2.9406505538e-21)
    (2.3479833990e-01 4.1851974403e-21)
    (2.3896131204e-01 5.7982798198e-21)
    (2.4336011410e-01 8.0018295581e-21)
    (2.4801612280e-01 1.0991865716e-20)
    (2.5295360836e-01 1.5020667432e-20)
    (2.5819915170e-01 2.0486115107e-20)
    (2.6378576428e-01 2.7673352437e-20)
    (2.6974626976e-01 3.7144049646e-20)
    (2.7611829297e-01 4.9519127225e-20)
    (2.8294269841e-01 6.5547956922e-20)
    (2.9026321198e-01 8.6120688663e-20)
    (2.9812580887e-01 1.1227700440e-19)
    (3.0657783145e-01 1.4520940917e-19)
    (3.1566682518e-01 1.8625927759e-19)
    (3.2543909275e-01 2.3690383830e-19)
    (3.3590887576e-01 2.9865490130e-19)
    (3.4717223366e-01 3.7332187163e-19)
    (3.5923184525e-01 4.6253165838e-19)
    (3.7211014051e-01 5.6795060267e-19)
    (3.8581860584e-01 6.9115001216e-19)
    (4.0035610545e-01 8.3353399927e-19)
    (4.1570760906e-01 9.9626614590e-19)
    (4.3184344429e-01 1.1801998081e-18)
    (4.4871916534e-01 1.3858173654e-18)
    (4.6627608546e-01 1.6131832213e-18)
    (4.8444246122e-01 1.8619145581e-18)
    (5.0313526437e-01 2.1311724226e-18)
    (5.2226243543e-01 2.4196742045e-18)
    (5.4172546688e-01 2.7257265472e-18)
    (5.6142215538e-01 3.0472763665e-18)
    (5.8124935489e-01 3.3819761941e-18)
    (6.0110557847e-01 3.7272592330e-18)
    (6.2089332763e-01 4.0804192992e-18)
    (6.4052105642e-01 4.4386907684e-18)
    (6.5990472218e-01 4.7993244217e-18)
    (6.7896890624e-01 5.1596557792e-18)
    (6.9764751934e-01 5.5171635262e-18)
    (7.1588412933e-01 5.8695166160e-18)
    (7.3358637930e-01 6.2139905835e-18)
    (7.5079958278e-01 6.5498508260e-18)
    (7.6745534914e-01 6.8749690314e-18)
    (7.8353257443e-01 7.1880053222e-18)
    (7.9901752925e-01 7.4878783923e-18)
    (8.1390306874e-01 7.7737542170e-18)
    (8.2818782881e-01 8.0450298393e-18)
    (8.4187543928e-01 8.3013137069e-18)
    (8.5497377065e-01 8.5424037900e-18)
    (8.6749423532e-01 8.7682646905e-18)
    (8.7945114959e-01 8.9790045957e-18)
    (8.9086116369e-01 9.1748528449e-18)
    (9.0174276209e-01 9.3561386637e-18)
    (9.1211583392e-01 9.5232714674e-18)
    (9.2200131124e-01 9.6767229927e-18)
    (9.3142087166e-01 9.8170113980e-18)
    (9.4039670018e-01 9.9446873753e-18)
    (9.4895130466e-01 1.0060322235e-17)
    (9.5710737851e-01 1.0164497862e-17)
    (9.6488770504e-01 1.0257798440e-17)
    (9.7229590480e-01 1.0340227892e-17)
    (9.7938516806e-01 1.0413361423e-17)
    (9.8616493157e-01 1.0477285431e-17)
    (9.9265725541e-01 1.0532525514e-17)
    (9.9888405066e-01 1.0579585332e-17)
    (1.0048670871e+00 1.0618944854e-17)
    (1.0106280072e+00 1.0651059227e-17)
    (1.0161883436e+00 1.0676358160e-17)
    (1.0215695406e+00 1.0695245724e-17)
    (1.0267929771e+00 1.0708100530e-17)
    (1.0318799906e+00 1.0715276140e-17)
    (1.0368231653e+00 1.0716891137e-17)
    (1.0417033545e+00 1.0713669555e-17)
    (1.0465120906e+00 1.0705681814e-17)
    (1.0510868807e+00 1.0688389800e-17)
    (1.0558591909e+00 1.0671630918e-17)
    (1.0606532018e+00 1.0650761639e-17)
    (1.0655074201e+00 1.0625942683e-17)
    (1.0704684874e+00 1.0597298819e-17)
    (1.0751997678e+00 1.0569872449e-17)
    (1.0804337622e+00 1.0540537692e-17)
    (1.0860944541e+00 1.0513334815e-17)
    (1.0921800386e+00 1.0489268080e-17)
    (1.0986620881e+00 1.0466917872e-17)
    (1.1060807530e+00 1.0459853018e-17)
    (1.1144567565e+00 1.0468855918e-17)
    (1.1240549778e+00 1.0501394842e-17)
    (1.1350476813e+00 1.0568031496e-17)
    (1.1481500998e+00 1.0680044975e-17)
    (1.1636258816e+00 1.0853109137e-17)
    (1.1819885903e+00 1.1106079718e-17)
    (1.2038177970e+00 1.1461586569e-17)
    (1.2301634392e+00 1.1956474484e-17)
    (1.2609969547e+00 1.2604504366e-17)
    (1.2973623011e+00 1.3447013287e-17)
    (1.3400043219e+00 1.4521674880e-17)
    (1.3902463434e+00 1.5891258952e-17)
    (1.4476740790e+00 1.7554428334e-17)
    (1.5134371389e+00 1.9572790088e-17)
    (1.5880617832e+00 2.1985893652e-17)
    (1.6719409936e+00 2.4829593049e-17)
    (1.7660607111e+00 2.8173516622e-17)
    (1.8689224012e+00 3.1960845659e-17)
    (1.9811674971e+00 3.6244482616e-17)
    (2.1024762205e+00 4.1028074081e-17)
    (2.2323544682e+00 4.6304511623e-17)
    (2.3723894733e+00 5.2150595426e-17)
    (2.5173051548e+00 5.8348655679e-17)
    (2.6685098830e+00 6.4954883191e-17)
    (2.8251127850e+00 7.1923970079e-17)
    (2.9864403851e+00 7.9228759443e-17)
    (3.1511716909e+00 8.6763327303e-17)
    (3.3187345269e+00 9.4495343236e-17)
    (3.4884072290e+00 1.0236571401e-16)
    (3.6595680233e+00 1.1031598211e-16)
    (3.8329812664e+00 1.1834582043e-16)
    (4.0054036496e+00 1.2627747577e-16)
    (4.1781426577e+00 1.3412953498e-16)
    (4.3510158693e+00 1.4185581587e-16)
    (4.5239369987e+00 1.4941428715e-16)
    (4.6971621124e+00 1.5678563749e-16)
    (4.8701409956e+00 1.6389408370e-16)
    (5.0433978981e+00 1.7073480901e-16)
    (5.2171246269e+00 1.7728230000e-16)
    (5.3915564385e+00 1.8351477803e-16)
    (5.5669629672e+00 1.8941398226e-16)
    (5.7436400437e+00 1.9496494832e-16)
    (5.9219025873e+00 2.0015578606e-16)
    (6.1010979378e+00 2.0494204398e-16)
    (6.2835570480e+00 2.0938791182e-16)
    (6.4679920424e+00 2.1343256833e-16)
    (6.6560078498e+00 2.1711755248e-16)
    (6.8473428105e+00 2.2042111399e-16)
    (7.0423340173e+00 2.2334540597e-16)
    (7.2409465160e+00 2.2587926193e-16)
    (7.4442081971e+00 2.2805628999e-16)
    (7.6521663603e+00 2.2986918654e-16)
    (7.8676105911e+00 2.3140402664e-16)
    (8.0858487204e+00 2.3250275997e-16)
    (8.3098278045e+00 2.3326286146e-16)
    (8.5398932951e+00 2.3369389289e-16)
    (8.7763949131e+00 2.3380591654e-16)
    (9.0196879697e+00 2.3360938514e-16)
    (9.2670974767e+00 2.3303812287e-16)
    (9.5251096886e+00 2.3226252203e-16)
    (9.7910839770e+00 2.3121057573e-16)
    (1.0065371630e+01 2.2989394993e-16)
    (1.0346344593e+01 2.2828046081e-16)
    (1.0638438926e+01 2.2647235679e-16)
    (1.0940187398e+01 2.2443324896e-16)
    (1.1925355136e+01 2.1902549621e-16)
    (1.2308824412e+01 2.1580757505e-16)
    (1.2709276652e+01 2.1239838693e-16)
    (1.3126439691e+01 2.0877423270e-16)
    (1.3561263285e+01 2.0495048302e-16)
    (1.4012493747e+01 2.0091978739e-16)
    (1.4484291915e+01 1.9675040381e-16)
    (1.4973992379e+01 1.9238036576e-16)
    (1.5487666223e+01 1.8793105861e-16)
    (1.6023909695e+01 1.8336322071e-16)
    (1.6583468512e+01 1.7865856059e-16)
    (1.7168941463e+01 1.7390211026e-16)
    (1.7781023452e+01 1.6907416805e-16)
    (1.8422151615e+01 1.6415742952e-16)
    (1.9092649339e+01 1.5923105798e-16)
    (1.9794733945e+01 1.5427717828e-16)
    (2.0530664058e+01 1.4930856345e-16)
    (2.1299508263e+01 1.4429250184e-16)
    (2.2109288431e+01 1.3933839272e-16)
    (2.2959485968e+01 1.3440654629e-16)
    (2.3850104879e+01 1.2946523853e-16)
    (2.4788921536e+01 1.2461543380e-16)
    (2.5776295005e+01 1.1981911934e-16)
    (2.6817698048e+01 1.1508257570e-16)
    (2.7909067436e+01 1.1039578519e-16)
    (2.9061538888e+01 1.0581456652e-16)
    (3.0279874265e+01 1.0131584276e-16)
    (3.1556757395e+01 9.6899481364e-17)
    (3.2908931845e+01 9.2594477350e-17)
    (3.4342348823e+01 8.8388227418e-17)
    (3.5842127009e+01 8.4260857916e-17)
    (3.7437719791e+01 8.0278390864e-17)
    (3.9117090489e+01 7.6378196159e-17)
    (4.0644106575e+01 7.2517336105e-17)
    (4.2796040127e+01 6.8995010256e-17)
    (4.4789131155e+01 6.5457985228e-17)
    (4.6589221150e+01 6.1927396167e-17)
    (4.9179324484e+01 5.8789615856e-17)
    (5.1201199815e+01 5.5538126507e-17)
    (5.4099126670e+01 5.2586821146e-17)
    (5.6778858337e+01 4.9679958103e-17)
    (5.9117854096e+01 4.6771275714e-17)
    (6.2718461942e+01 4.4150215160e-17)
    (6.5410085846e+01 4.1544394513e-17)
    (6.9496742822e+01 3.9126881684e-17)
    (7.3180976752e+01 3.6779932317e-17)
    (7.7182577491e+01 3.4539118914e-17)
    (8.1420085225e+01 3.2378412642e-17)
    (8.6011788405e+01 3.0345830690e-17)
    (9.0867763137e+01 2.8407872669e-17)
    (9.6165388139e+01 2.6569513812e-17)
    (1.0177823578e+02 2.4811046178e-17)
    (1.0792309375e+02 2.3155611831e-17)
    (1.1458604701e+02 2.1585638302e-17)
    (1.2160542734e+02 2.0097412069e-17)
    (1.2939531717e+02 1.8691854088e-17)
    (1.3542361118e+02 1.7338718659e-17)
    (1.4388362195e+02 1.6145238257e-17)
    (1.5371740495e+02 1.4960187893e-17)
    (1.6736124994e+02 1.3772642708e-17)
    (1.7556818514e+02 1.2773862239e-17)
    (1.9180551086e+02 1.1735773608e-17)
    (2.0148427830e+02 1.0855411843e-17)
);
