// k[EI_O2_EFF] [m^3/s] vs reducedE [V m^2]; air_plasma [94c490be646f8872], T_gas = 300.000000 K
(
    (0 0.0000000000e+00)
    (1.0000000000e-22 0.0000000000e+00)
    (1.0452754953e-22 0.0000000000e+00)
    (1.0926008611e-22 0.0000000000e+00)
    (1.1420689063e-22 0.0000000000e+00)
    (1.1937766417e-22 0.0000000000e+00)
    (1.2478254705e-22 0.0000000000e+00)
    (1.3043213867e-22 0.0000000000e+00)
    (1.3633751836e-22 0.0000000000e+00)
    (1.4251026703e-22 0.0000000000e+00)
    (1.4896248996e-22 0.0000000000e+00)
    (1.5570684048e-22 0.0000000000e+00)
    (1.6275654480e-22 0.0000000000e+00)
    (1.7012542799e-22 0.0000000000e+00)
    (1.7782794100e-22 0.0000000000e+00)
    (1.8587918911e-22 0.0000000000e+00)
    (1.9429496147e-22 0.0000000000e+00)
    (2.0309176209e-22 0.0000000000e+00)
    (2.1228684221e-22 0.0000000000e+00)
    (2.2189823415e-22 0.0000000000e+00)
    (2.3194478661e-22 0.0000000000e+00)
    (2.4244620171e-22 0.0000000000e+00)
    (2.5342307358e-22 0.0000000000e+00)
    (2.6489692876e-22 0.0000000000e+00)
    (2.7689026842e-22 0.0000000000e+00)
    (2.8942661247e-22 0.0000000000e+00)
    (3.0253054571e-22 0.0000000000e+00)
    (3.1622776602e-22 0.0000000000e+00)
    (3.3054513476e-22 0.0000000000e+00)
    (3.4551072946e-22 0.0000000000e+00)
    (3.6115389887e-22 0.0000000000e+00)
    (3.7750532053e-22 0.0000000000e+00)
    (3.9459706091e-22 0.0000000000e+00)
    (4.1246263829e-22 0.0000000000e+00)
    (4.3113708854e-22 0.0000000000e+00)
    (4.5065703377e-22 0.0000000000e+00)
    (4.7106075420e-22 0.0000000000e+00)
    (4.9238826317e-22 0.0000000000e+00)
    (5.1468138568e-22 0.0000000000e+00)
    (5.3798384034e-22 0.0000000000e+00)
    (5.6234132519e-22 0.0000000000e+00)
    (5.8780160723e-22 0.0000000000e+00)
    (6.1441461614e-22 0.0000000000e+00)
    (6.4223254222e-22 0.0000000000e+00)
    (6.7130993868e-22 0.0000000000e+00)
    (7.0170382867e-22 0.0000000000e+00)
    (7.3347381708e-22 0.0000000000e+00)
    (7.6668220745e-22 0.0000000000e+00)
    (8.0139412415e-22 0.0000000000e+00)
    (8.3767764007e-22 0.0000000000e+00)
    (8.7560391014e-22 0.0000000000e+00)
    (9.1524731088e-22 0.0000000000e+00)
    (9.5668558622e-22 0.0000000000e+00)
    (1.0000000000e-21 0.0000000000e+00)
    (1.0452754953e-21 0.0000000000e+00)
    (1.0926008611e-21 0.0000000000e+00)
    (1.1420689063e-21 0.0000000000e+00)
    (1.1937766417e-21 0.0000000000e+00)
    (1.2478254705e-21 0.0000000000e+00)
    (1.3043213867e-21 0.0000000000e+00)
    (1.3633751836e-21 0.0000000000e+00)
    (1.4251026703e-21 0.0000000000e+00)
    (1.4896248996e-21 0.0000000000e+00)
    (1.5570684048e-21 0.0000000000e+00)
    (1.6275654480e-21 0.0000000000e+00)
    (1.7012542799e-21 0.0000000000e+00)
    (1.7782794100e-21 0.0000000000e+00)
    (1.8587918911e-21 0.0000000000e+00)
    (1.9429496147e-21 0.0000000000e+00)
    (2.0309176209e-21 0.0000000000e+00)
    (2.1228684221e-21 0.0000000000e+00)
    (2.2189823415e-21 0.0000000000e+00)
    (2.3194478661e-21 0.0000000000e+00)
    (2.4244620171e-21 0.0000000000e+00)
    (2.5342307358e-21 0.0000000000e+00)
    (2.6489692876e-21 0.0000000000e+00)
    (2.7689026842e-21 0.0000000000e+00)
    (2.8942661247e-21 0.0000000000e+00)
    (3.0253054571e-21 0.0000000000e+00)
    (3.1622776602e-21 0.0000000000e+00)
    (3.3054513476e-21 0.0000000000e+00)
    (3.4551072946e-21 0.0000000000e+00)
    (3.6115389887e-21 0.0000000000e+00)
    (3.7750532053e-21 0.0000000000e+00)
    (3.9459706091e-21 0.0000000000e+00)
    (4.1246263829e-21 0.0000000000e+00)
    (4.3113708854e-21 0.0000000000e+00)
    (4.5065703377e-21 0.0000000000e+00)
    (4.7106075420e-21 0.0000000000e+00)
    (4.9238826317e-21 0.0000000000e+00)
    (5.1468138568e-21 0.0000000000e+00)
    (5.3798384034e-21 0.0000000000e+00)
    (5.6234132519e-21 0.0000000000e+00)
    (5.8780160723e-21 0.0000000000e+00)
    (6.1441461614e-21 0.0000000000e+00)
    (6.4223254222e-21 0.0000000000e+00)
    (6.7130993868e-21 0.0000000000e+00)
    (7.0170382867e-21 0.0000000000e+00)
    (7.3347381708e-21 0.0000000000e+00)
    (7.6668220745e-21 0.0000000000e+00)
    (8.0139412415e-21 0.0000000000e+00)
    (8.3767764007e-21 0.0000000000e+00)
    (8.7560391014e-21 0.0000000000e+00)
    (9.1524731088e-21 0.0000000000e+00)
    (9.5668558622e-21 0.0000000000e+00)
    (1.0000000000e-20 0.0000000000e+00)
    (1.0452754953e-20 0.0000000000e+00)
    (1.0926008611e-20 0.0000000000e+00)
    (1.1420689063e-20 0.0000000000e+00)
    (1.1937766417e-20 0.0000000000e+00)
    (1.2478254705e-20 0.0000000000e+00)
    (1.3043213867e-20 0.0000000000e+00)
    (1.3633751836e-20 0.0000000000e+00)
    (1.4251026703e-20 0.0000000000e+00)
    (1.4896248996e-20 0.0000000000e+00)
    (1.5570684048e-20 0.0000000000e+00)
    (1.6275654480e-20 0.0000000000e+00)
    (1.7012542799e-20 0.0000000000e+00)
    (1.7782794100e-20 0.0000000000e+00)
    (1.8587918911e-20 0.0000000000e+00)
    (1.9429496147e-20 0.0000000000e+00)
    (2.0309176209e-20 0.0000000000e+00)
    (2.1228684221e-20 0.0000000000e+00)
    (2.2189823415e-20 0.0000000000e+00)
    (2.3194478661e-20 0.0000000000e+00)
    (2.4244620171e-20 0.0000000000e+00)
    (2.5342307358e-20 0.0000000000e+00)
    (2.6489692876e-20 0.0000000000e+00)
    (2.7689026842e-20 0.0000000000e+00)
    (2.8942661247e-20 0.0000000000e+00)
    (3.0253054571e-20 0.0000000000e+00)
    (3.1622776602e-20 0.0000000000e+00)
    (3.3054513476e-20 0.0000000000e+00)
    (3.4551072946e-20 0.0000000000e+00)
    (3.6115389887e-20 0.0000000000e+00)
    (3.7750532053e-20 0.0000000000e+00)
    (3.9459706091e-20 0.0000000000e+00)
    (4.1246263829e-20 0.0000000000e+00)
    (4.3113708854e-20 0.0000000000e+00)
    (4.5065703377e-20 0.0000000000e+00)
    (4.7106075420e-20 0.0000000000e+00)
    (4.9238826317e-20 0.0000000000e+00)
    (5.1468138568e-20 0.0000000000e+00)
    (5.3798384034e-20 0.0000000000e+00)
    (5.6234132519e-20 0.0000000000e+00)
    (5.8780160723e-20 0.0000000000e+00)
    (6.1441461614e-20 0.0000000000e+00)
    (6.4223254222e-20 0.0000000000e+00)
    (6.7130993868e-20 0.0000000000e+00)
    (7.0170382867e-20 0.0000000000e+00)
    (7.3347381708e-20 0.0000000000e+00)
    (7.6668220745e-20 0.0000000000e+00)
    (8.0139412415e-20 0.0000000000e+00)
    (8.3767764007e-20 0.0000000000e+00)
    (8.7560391014e-20 0.0000000000e+00)
    (9.1524731088e-20 0.0000000000e+00)
    (9.5668558622e-20 0.0000000000e+00)
    (1.0000000000e-19 0.0000000000e+00)
    (1.0452754953e-19 0.0000000000e+00)
    (1.0926008611e-19 0.0000000000e+00)
    (1.1420689063e-19 0.0000000000e+00)
    (1.1937766417e-19 0.0000000000e+00)
    (1.2478254705e-19 0.0000000000e+00)
    (1.3043213867e-19 0.0000000000e+00)
    (1.3633751836e-19 0.0000000000e+00)
    (1.4251026703e-19 0.0000000000e+00)
    (1.4896248996e-19 0.0000000000e+00)
    (1.5570684048e-19 0.0000000000e+00)
    (1.6275654480e-19 0.0000000000e+00)
    (1.7012542799e-19 0.0000000000e+00)
    (1.7782794100e-19 0.0000000000e+00)
    (1.8587918911e-19 0.0000000000e+00)
    (1.9429496147e-19 0.0000000000e+00)
    (2.0309176209e-19 0.0000000000e+00)
    (2.1228684221e-19 0.0000000000e+00)
    (2.2189823415e-19 0.0000000000e+00)
    (2.3194478661e-19 0.0000000000e+00)
    (2.4244620171e-19 0.0000000000e+00)
    (2.5342307358e-19 0.0000000000e+00)
    (2.6489692876e-19 0.0000000000e+00)
    (2.7689026842e-19 0.0000000000e+00)
    (2.8942661247e-19 0.0000000000e+00)
    (3.0253054571e-19 0.0000000000e+00)
    (3.1622776602e-19 0.0000000000e+00)
    (3.3054513476e-19 0.0000000000e+00)
    (3.4551072946e-19 0.0000000000e+00)
    (3.6115389887e-19 0.0000000000e+00)
    (3.7750532053e-19 0.0000000000e+00)
    (3.9459706091e-19 0.0000000000e+00)
    (4.1246263829e-19 0.0000000000e+00)
    (4.3113708854e-19 0.0000000000e+00)
    (4.5065703377e-19 0.0000000000e+00)
    (4.7106075420e-19 0.0000000000e+00)
    (4.9238826317e-19 0.0000000000e+00)
    (5.1468138568e-19 0.0000000000e+00)
    (5.3798384034e-19 0.0000000000e+00)
    (5.6234132519e-19 0.0000000000e+00)
    (5.8780160723e-19 0.0000000000e+00)
    (6.1441461614e-19 0.0000000000e+00)
    (6.4223254222e-19 0.0000000000e+00)
    (6.7130993868e-19 0.0000000000e+00)
    (7.0170382867e-19 0.0000000000e+00)
    (7.3347381708e-19 0.0000000000e+00)
    (7.6668220745e-19 0.0000000000e+00)
    (8.0139412415e-19 0.0000000000e+00)
    (8.3767764007e-19 0.0000000000e+00)
    (8.7560391014e-19 0.0000000000e+00)
    (9.1524731088e-19 0.0000000000e+00)
    (9.5668558622e-19 0.0000000000e+00)
    (1.0000000000e-18 0.0000000000e+00)
    (1.0452754953e-18 0.0000000000e+00)
    (1.0926008611e-18 0.0000000000e+00)
    (1.1420689063e-18 0.0000000000e+00)
    (1.1937766417e-18 0.0000000000e+00)
    (1.2478254705e-18 0.0000000000e+00)
    (1.3043213867e-18 0.0000000000e+00)
    (1.3633751836e-18 0.0000000000e+00)
    (1.4251026703e-18 0.0000000000e+00)
    (1.4896248996e-18 0.0000000000e+00)
    (1.5570684048e-18 0.0000000000e+00)
    (1.6275654480e-18 0.0000000000e+00)
    (1.7012542799e-18 0.0000000000e+00)
    (1.7782794100e-18 0.0000000000e+00)
    (1.8587918911e-18 0.0000000000e+00)
    (1.9429496147e-18 0.0000000000e+00)
    (2.0309176209e-18 0.0000000000e+00)
    (2.1228684221e-18 0.0000000000e+00)
    (2.2189823415e-18 0.0000000000e+00)
    (2.3194478661e-18 0.0000000000e+00)
    (2.4244620171e-18 0.0000000000e+00)
    (2.5342307358e-18 0.0000000000e+00)
    (2.6489692876e-18 0.0000000000e+00)
    (2.7689026842e-18 0.0000000000e+00)
    (2.8942661247e-18 0.0000000000e+00)
    (3.0253054571e-18 0.0000000000e+00)
    (3.1622776602e-18 0.0000000000e+00)
    (3.3054513476e-18 0.0000000000e+00)
    (3.4551072946e-18 0.0000000000e+00)
    (3.6115389887e-18 0.0000000000e+00)
    (3.7750532053e-18 0.0000000000e+00)
    (3.9459706091e-18 0.0000000000e+00)
    (4.1246263829e-18 0.0000000000e+00)
    (4.3113708854e-18 0.0000000000e+00)
    (4.5065703377e-18 0.0000000000e+00)
    (4.7106075420e-18 0.0000000000e+00)
    (4.9238826317e-18 0.0000000000e+00)
    (5.1468138568e-18 0.0000000000e+00)
    (5.3798384034e-18 0.0000000000e+00)
    (5.6234132519e-18 0.0000000000e+00)
    (5.8780160723e-18 0.0000000000e+00)
    (6.1441461614e-18 0.0000000000e+00)
    (6.4223254222e-18 0.0000000000e+00)
    (6.7130993868e-18 0.0000000000e+00)
    (7.0170382867e-18 0.0000000000e+00)
    (7.3347381708e-18 0.0000000000e+00)
    (7.6668220745e-18 0.0000000000e+00)
    (8.0139412415e-18 0.0000000000e+00)
    (8.3767764007e-18 0.0000000000e+00)
    (8.7560391014e-18 0.0000000000e+00)
    (9.1524731088e-18 0.0000000000e+00)
    (9.5668558622e-18 0.0000000000e+00)
    (1.0000000000e-17 0.0000000000e+00)
);
