// k[EI_N2_EXC_N2_B3] [m^3/s] vs reducedE [V m^2]; air_plasma [94c490be646f8872], T_gas = 300.000000 K
(
    (0 0.0000000000e+00)
    (1.0000000000e-22 0.0000000000e+00)
    (1.0452754953e-22 0.0000000000e+00)
    (1.0926008611e-22 0.0000000000e+00)
    (1.1420689063e-22 0.0000000000e+00)
    (1.1937766417e-22 0.0000000000e+00)
    (1.2478254705e-22 0.0000000000e+00)
    (1.3043213867e-22 0.0000000000e+00)
    (1.3633751836e-22 0.0000000000e+00)
    (1.4251026703e-22 0.0000000000e+00)
    (1.4896248996e-22 0.0000000000e+00)
    (1.5570684048e-22 0.0000000000e+00)
    (1.6275654480e-22 0.0000000000e+00)
    (1.7012542799e-22 0.0000000000e+00)
    (1.7782794100e-22 0.0000000000e+00)
    (1.8587918911e-22 0.0000000000e+00)
    (1.9429496147e-22 0.0000000000e+00)
    (2.0309176209e-22 0.0000000000e+00)
    (2.1228684221e-22 0.0000000000e+00)
    (2.2189823415e-22 0.0000000000e+00)
    (2.3194478661e-22 0.0000000000e+00)
    (2.4244620171e-22 0.0000000000e+00)
    (2.5342307358e-22 0.0000000000e+00)
    (2.6489692876e-22 0.0000000000e+00)
    (2.7689026842e-22 0.0000000000e+00)
    (2.8942661247e-22 0.0000000000e+00)
    (3.0253054571e-22 0.0000000000e+00)
    (3.1622776602e-22 0.0000000000e+00)
    (3.3054513476e-22 0.0000000000e+00)
    (3.4551072946e-22 0.0000000000e+00)
    (3.6115389887e-22 0.0000000000e+00)
    (3.7750532053e-22 0.0000000000e+00)
    (3.9459706091e-22 0.0000000000e+00)
    (4.1246263829e-22 0.0000000000e+00)
    (4.3113708854e-22 0.0000000000e+00)
    (4.5065703377e-22 0.0000000000e+00)
    (4.7106075420e-22 0.0000000000e+00)
    (4.9238826317e-22 0.0000000000e+00)
    (5.1468138568e-22 0.0000000000e+00)
    (5.3798384034e-22 0.0000000000e+00)
    (5.6234132519e-22 0.0000000000e+00)
    (5.8780160723e-22 0.0000000000e+00)
    (6.1441461614e-22 0.0000000000e+00)
    (6.4223254222e-22 0.0000000000e+00)
    (6.7130993868e-22 0.0000000000e+00)
    (7.0170382867e-22 0.0000000000e+00)
    (7.3347381708e-22 0.0000000000e+00)
    (7.6668220745e-22 0.0000000000e+00)
    (8.0139412415e-22 0.0000000000e+00)
    (8.3767764007e-22 0.0000000000e+00)
    (8.7560391014e-22 0.0000000000e+00)
    (9.1524731088e-22 0.0000000000e+00)
    (9.5668558622e-22 0.0000000000e+00)
    (1.0000000000e-21 0.0000000000e+00)
    (1.0452754953e-21 0.0000000000e+00)
    (1.0926008611e-21 0.0000000000e+00)
    (1.1420689063e-21 0.0000000000e+00)
    (1.1937766417e-21 0.0000000000e+00)
    (1.2478254705e-21 0.0000000000e+00)
    (1.3043213867e-21 0.0000000000e+00)
    (1.3633751836e-21 0.0000000000e+00)
    (1.4251026703e-21 0.0000000000e+00)
    (1.4896248996e-21 0.0000000000e+00)
    (1.5570684048e-21 0.0000000000e+00)
    (1.6275654480e-21 0.0000000000e+00)
    (1.7012542799e-21 0.0000000000e+00)
    (1.7782794100e-21 0.0000000000e+00)
    (1.8587918911e-21 0.0000000000e+00)
    (1.9429496147e-21 0.0000000000e+00)
    (2.0309176209e-21 0.0000000000e+00)
    (2.1228684221e-21 0.0000000000e+00)
    (2.2189823415e-21 0.0000000000e+00)
    (2.3194478661e-21 0.0000000000e+00)
    (2.4244620171e-21 0.0000000000e+00)
    (2.5342307358e-21 0.0000000000e+00)
    (2.6489692876e-21 0.0000000000e+00)
    (2.7689026842e-21 0.0000000000e+00)
    (2.8942661247e-21 0.0000000000e+00)
    (3.0253054571e-21 0.0000000000e+00)
    (3.1622776602e-21 0.0000000000e+00)
    (3.3054513476e-21 0.0000000000e+00)
    (3.4551072946e-21 0.0000000000e+00)
    (3.6115389887e-21 0.0000000000e+00)
    (3.7750532053e-21 0.0000000000e+00)
    (3.9459706091e-21 0.0000000000e+00)
    (4.1246263829e-21 0.0000000000e+00)
    (4.3113708854e-21 0.0000000000e+00)
    (4.5065703377e-21 0.0000000000e+00)
    (4.7106075420e-21 0.0000000000e+00)
    (4.9238826317e-21 0.0000000000e+00)
    (5.1468138568e-21 0.0000000000e+00)
    (5.3798384034e-21 0.0000000000e+00)
    (5.6234132519e-21 0.0000000000e+00)
    (5.8780160723e-21 0.0000000000e+00)
    (6.1441461614e-21 0.0000000000e+00)
    (6.4223254222e-21 0.0000000000e+00)
    (6.7130993868e-21 0.0000000000e+00)
    (7.0170382867e-21 0.0000000000e+00)
    (7.3347381708e-21 0.0000000000e+00)
    (7.6668220745e-21 0.0000000000e+00)
    (8.0139412415e-21 0.0000000000e+00)
    (8.3767764007e-21 0.0000000000e+00)
    (8.7560391014e-21 0.0000000000e+00)
    (9.1524731088e-21 0.0000000000e+00)
    (9.5668558622e-21 0.0000000000e+00)
    (1.0000000000e-20 0.0000000000e+00)
    (1.0452754953e-20 0.0000000000e+00)
    (1.0926008611e-20 0.0000000000e+00)
    (1.1420689063e-20 0.0000000000e+00)
    (1.1937766417e-20 0.0000000000e+00)
    (1.2478254705e-20 0.0000000000e+00)
    (1.3043213867e-20 0.0000000000e+00)
    (1.3633751836e-20 0.0000000000e+00)
    (1.4251026703e-20 0.0000000000e+00)
    (1.4896248996e-20 0.0000000000e+00)
    (1.5570684048e-20 0.0000000000e+00)
    (1.6275654480e-20 0.0000000000e+00)
    (1.7012542799e-20 0.0000000000e+00)
    (1.7782794100e-20 0.0000000000e+00)
    (1.8587918911e-20 0.0000000000e+00)
    (1.9429496147e-20 0.0000000000e+00)
    (2.0309176209e-20 0.0000000000e+00)
    (2.1228684221e-20 0.0000000000e+00)
    (2.2189823415e-20 0.0000000000e+00)
    (2.3194478661e-20 0.0000000000e+00)
    (2.4244620171e-20 0.0000000000e+00)
    (2.5342307358e-20 0.0000000000e+00)
    (2.6489692876e-20 0.0000000000e+00)
    (2.7689026842e-20 8.0237432592e-21)
    (2.8942661247e-20 1.4343940400e-20)
    (3.0253054571e-20 2.4740259914e-20)
    (3.1622776602e-20 4.1758712228e-20)
    (3.3054513476e-20 6.9654088491e-20)
    (3.4551072946e-20 1.1275109637e-19)
    (3.6115389887e-20 1.7908929827e-19)
    (3.7750532053e-20 2.7933865383e-19)
    (3.9459706091e-20 4.2976389372e-19)
    (4.1246263829e-20 6.4673062773e-19)
    (4.3113708854e-20 9.5765875505e-19)
    (4.5065703377e-20 1.3961478296e-18)
    (4.7106075420e-20 2.0049560123e-18)
    (4.9238826317e-20 2.8593616478e-18)
    (5.1468138568e-20 3.9852998283e-18)
    (5.3798384034e-20 5.4788845824e-18)
    (5.6234132519e-20 7.4320616988e-18)
    (5.8780160723e-20 9.9864187085e-18)
    (6.1441461614e-20 1.3194325597e-17)
    (6.4223254222e-20 1.7217093308e-17)
    (6.7130993868e-20 2.2194371298e-17)
    (7.0170382867e-20 2.8271710101e-17)
    (7.3347381708e-20 3.5678812325e-17)
    (7.6668220745e-20 4.4395301767e-17)
    (8.0139412415e-20 5.4638013014e-17)
    (8.3767764007e-20 6.6530905716e-17)
    (8.7560391014e-20 8.0181178469e-17)
    (9.1524731088e-20 9.5897157982e-17)
    (9.5668558622e-20 1.1330616141e-16)
    (1.0000000000e-19 1.3266192460e-16)
    (1.0452754953e-19 1.5398099753e-16)
    (1.0926008611e-19 1.7731885691e-16)
    (1.1420689063e-19 2.0252222148e-16)
    (1.1937766417e-19 2.2960979997e-16)
    (1.2478254705e-19 2.5852057052e-16)
    (1.3043213867e-19 2.8918086831e-16)
    (1.3633751836e-19 3.2168432154e-16)
    (1.4251026703e-19 3.5555377361e-16)
    (1.4896248996e-19 3.9090341390e-16)
    (1.5570684048e-19 4.2763427638e-16)
    (1.6275654480e-19 4.6564518569e-16)
    (1.7012542799e-19 5.0490267847e-16)
    (1.7782794100e-19 5.4514917809e-16)
    (1.8587918911e-19 5.8636976245e-16)
    (1.9429496147e-19 6.2846189287e-16)
    (2.0309176209e-19 6.7132336120e-16)
    (2.1228684221e-19 7.1485237462e-16)
    (2.2189823415e-19 7.5894760862e-16)
    (2.3194478661e-19 8.0350826283e-16)
    (2.4244620171e-19 8.4830376531e-16)
    (2.5342307358e-19 8.9349996176e-16)
    (2.6489692876e-19 9.3877586798e-16)
    (2.7689026842e-19 9.8421664115e-16)
    (2.8942661247e-19 1.0296376445e-15)
    (3.0253054571e-19 1.0749456937e-15)
    (3.1622776602e-19 1.1199789074e-15)
    (3.3054513476e-19 1.1647796008e-15)
    (3.4551072946e-19 1.2092012809e-15)
    (3.6115389887e-19 1.2535965684e-15)
    (3.7750532053e-19 1.2969707776e-15)
    (3.9459706091e-19 1.3397236089e-15)
    (4.1246263829e-19 1.3817789364e-15)
    (4.3113708854e-19 1.4230634550e-15)
    (4.5065703377e-19 1.4635066550e-15)
    (4.7106075420e-19 1.5025593286e-15)
    (4.9238826317e-19 1.5411397516e-15)
    (5.1468138568e-19 1.5786798843e-15)
    (5.3798384034e-19 1.6151217950e-15)
    (5.6234132519e-19 1.6501035242e-15)
    (5.8780160723e-19 1.6841944624e-15)
    (6.1441461614e-19 1.7170174830e-15)
    (6.4223254222e-19 1.8220468632e-15)
    (6.7130993868e-19 1.8527920080e-15)
    (7.0170382867e-19 1.8819813136e-15)
    (7.3347381708e-19 1.9092515859e-15)
    (7.6668220745e-19 1.9345290987e-15)
    (8.0139412415e-19 1.9575094615e-15)
    (8.3767764007e-19 1.9786198207e-15)
    (8.7560391014e-19 1.9970201865e-15)
    (9.1524731088e-19 2.0137620464e-15)
    (9.5668558622e-19 2.0282269579e-15)
    (1.0000000000e-18 2.0400449184e-15)
    (1.0452754953e-18 2.0498396727e-15)
    (1.0926008611e-18 2.0572507202e-15)
    (1.1420689063e-18 2.0619714895e-15)
    (1.1937766417e-18 2.0645378933e-15)
    (1.2478254705e-18 2.0646705171e-15)
    (1.3043213867e-18 2.0623590378e-15)
    (1.3633751836e-18 2.0569852691e-15)
    (1.4251026703e-18 2.0498505675e-15)
    (1.4896248996e-18 2.0402971507e-15)
    (1.5570684048e-18 2.0277679383e-15)
    (1.6275654480e-18 2.0135027760e-15)
    (1.7012542799e-18 1.9969105252e-15)
    (1.7782794100e-18 1.9780038341e-15)
    (1.8587918911e-18 1.9564981787e-15)
    (1.9429496147e-18 1.9332578284e-15)
    (2.0309176209e-18 1.9078753640e-15)
    (2.1228684221e-18 1.8802346607e-15)
    (2.2189823415e-18 1.8509379663e-15)
    (2.3194478661e-18 1.8197269766e-15)
    (2.4244620171e-18 1.7864055279e-15)
    (2.5342307358e-18 1.7518542215e-15)
    (2.6489692876e-18 1.7151922495e-15)
    (2.7689026842e-18 1.6752650673e-15)
    (2.8942661247e-18 1.6388148761e-15)
    (3.0253054571e-18 1.5982708152e-15)
    (3.1622776602e-18 1.5547961954e-15)
    (3.3054513476e-18 1.5149081389e-15)
    (3.4551072946e-18 1.4702754492e-15)
    (3.6115389887e-18 1.4278447192e-15)
    (3.7750532053e-18 1.3832592176e-15)
    (3.9459706091e-18 1.3362678998e-15)
    (4.1246263829e-18 1.2926003918e-15)
    (4.3113708854e-18 1.2461126887e-15)
    (4.5065703377e-18 1.2014448310e-15)
    (4.7106075420e-18 1.1555830995e-15)
    (4.9238826317e-18 1.1099885743e-15)
    (5.1468138568e-18 1.0641497141e-15)
    (5.3798384034e-18 1.0190702268e-15)
    (5.6234132519e-18 9.7419068853e-16)
    (5.8780160723e-18 9.3000946278e-16)
    (6.1441461614e-18 8.8609265674e-16)
    (6.4223254222e-18 8.4317425736e-16)
    (6.7130993868e-18 8.0096558439e-16)
    (7.0170382867e-18 7.5949213330e-16)
    (7.3347381708e-18 7.1901704459e-16)
    (7.6668220745e-18 6.7790299260e-16)
    (8.0139412415e-18 6.3943726736e-16)
    (8.3767764007e-18 6.0229155445e-16)
    (8.7560391014e-18 5.6668546854e-16)
    (9.1524731088e-18 5.2975872500e-16)
    (9.5668558622e-18 4.9740931931e-16)
    (1.0000000000e-17 4.6310866395e-16)
);
