// k[EI_N2_EXC_N2_V5] [m^3/s] vs reducedE [V m^2]; air_plasma [94c490be646f8872], T_gas = 300.000000 K
(
    (0 0.0000000000e+00)
    (1.0000000000e-22 0.0000000000e+00)
    (1.0452754953e-22 0.0000000000e+00)
    (1.0926008611e-22 0.0000000000e+00)
    (1.1420689063e-22 0.0000000000e+00)
    (1.1937766417e-22 0.0000000000e+00)
    (1.2478254705e-22 0.0000000000e+00)
    (1.3043213867e-22 0.0000000000e+00)
    (1.3633751836e-22 0.0000000000e+00)
    (1.4251026703e-22 0.0000000000e+00)
    (1.4896248996e-22 0.0000000000e+00)
    (1.5570684048e-22 0.0000000000e+00)
    (1.6275654480e-22 0.0000000000e+00)
    (1.7012542799e-22 0.0000000000e+00)
    (1.7782794100e-22 0.0000000000e+00)
    (1.8587918911e-22 0.0000000000e+00)
    (1.9429496147e-22 0.0000000000e+00)
    (2.0309176209e-22 0.0000000000e+00)
    (2.1228684221e-22 0.0000000000e+00)
    (2.2189823415e-22 0.0000000000e+00)
    (2.3194478661e-22 0.0000000000e+00)
    (2.4244620171e-22 0.0000000000e+00)
    (2.5342307358e-22 0.0000000000e+00)
    (2.6489692876e-22 0.0000000000e+00)
    (2.7689026842e-22 0.0000000000e+00)
    (2.8942661247e-22 0.0000000000e+00)
    (3.0253054571e-22 0.0000000000e+00)
    (3.1622776602e-22 0.0000000000e+00)
    (3.3054513476e-22 0.0000000000e+00)
    (3.4551072946e-22 0.0000000000e+00)
    (3.6115389887e-22 0.0000000000e+00)
    (3.7750532053e-22 0.0000000000e+00)
    (3.9459706091e-22 0.0000000000e+00)
    (4.1246263829e-22 0.0000000000e+00)
    (4.3113708854e-22 0.0000000000e+00)
    (4.5065703377e-22 0.0000000000e+00)
    (4.7106075420e-22 0.0000000000e+00)
    (4.9238826317e-22 0.0000000000e+00)
    (5.1468138568e-22 0.0000000000e+00)
    (5.3798384034e-22 0.0000000000e+00)
    (5.6234132519e-22 0.0000000000e+00)
    (5.8780160723e-22 0.0000000000e+00)
    (6.1441461614e-22 0.0000000000e+00)
    (6.4223254222e-22 0.0000000000e+00)
    (6.7130993868e-22 0.0000000000e+00)
    (7.0170382867e-22 0.0000000000e+00)
    (7.3347381708e-22 0.0000000000e+00)
    (7.6668220745e-22 0.0000000000e+00)
    (8.0139412415e-22 0.0000000000e+00)
    (8.3767764007e-22 0.0000000000e+00)
    (8.7560391014e-22 0.0000000000e+00)
    (9.1524731088e-22 0.0000000000e+00)
    (9.5668558622e-22 0.0000000000e+00)
    (1.0000000000e-21 0.0000000000e+00)
    (1.0452754953e-21 0.0000000000e+00)
    (1.0926008611e-21 0.0000000000e+00)
    (1.1420689063e-21 0.0000000000e+00)
    (1.1937766417e-21 0.0000000000e+00)
    (1.2478254705e-21 0.0000000000e+00)
    (1.3043213867e-21 0.0000000000e+00)
    (1.3633751836e-21 0.0000000000e+00)
    (1.4251026703e-21 0.0000000000e+00)
    (1.4896248996e-21 0.0000000000e+00)
    (1.5570684048e-21 0.0000000000e+00)
    (1.6275654480e-21 0.0000000000e+00)
    (1.7012542799e-21 0.0000000000e+00)
    (1.7782794100e-21 0.0000000000e+00)
    (1.8587918911e-21 0.0000000000e+00)
    (1.9429496147e-21 0.0000000000e+00)
    (2.0309176209e-21 0.0000000000e+00)
    (2.1228684221e-21 0.0000000000e+00)
    (2.2189823415e-21 0.0000000000e+00)
    (2.3194478661e-21 0.0000000000e+00)
    (2.4244620171e-21 0.0000000000e+00)
    (2.5342307358e-21 0.0000000000e+00)
    (2.6489692876e-21 0.0000000000e+00)
    (2.7689026842e-21 0.0000000000e+00)
    (2.8942661247e-21 0.0000000000e+00)
    (3.0253054571e-21 0.0000000000e+00)
    (3.1622776602e-21 0.0000000000e+00)
    (3.3054513476e-21 0.0000000000e+00)
    (3.4551072946e-21 0.0000000000e+00)
    (3.6115389887e-21 0.0000000000e+00)
    (3.7750532053e-21 0.0000000000e+00)
    (3.9459706091e-21 0.0000000000e+00)
    (4.1246263829e-21 0.0000000000e+00)
    (4.3113708854e-21 0.0000000000e+00)
    (4.5065703377e-21 0.0000000000e+00)
    (4.7106075420e-21 0.0000000000e+00)
    (4.9238826317e-21 2.4095782727e-22)
    (5.1468138568e-21 4.2204714655e-22)
    (5.3798384034e-21 7.3028550200e-22)
    (5.6234132519e-21 1.2451880368e-21)
    (5.8780160723e-21 2.0913692241e-21)
    (6.1441461614e-21 3.4549004610e-21)
    (6.4223254222e-21 5.6083811334e-21)
    (6.7130993868e-21 8.9500428754e-21)
    (7.0170382867e-21 1.4047480119e-20)
    (7.3347381708e-21 2.1695261894e-20)
    (7.6668220745e-21 3.2987080424e-20)
    (8.0139412415e-21 4.9404066995e-20)
    (8.3767764007e-21 7.2920980572e-20)
    (8.7560391014e-21 1.0613157564e-19)
    (9.1524731088e-21 1.5239395252e-19)
    (9.5668558622e-21 2.1599603564e-19)
    (1.0000000000e-20 3.0234051761e-19)
    (1.0452754953e-20 4.1814766261e-19)
    (1.0926008611e-20 5.7167335638e-19)
    (1.1420689063e-20 7.7293829517e-19)
    (1.1937766417e-20 1.0265436171e-18)
    (1.2478254705e-20 1.3593005626e-18)
    (1.3043213867e-20 1.7828989689e-18)
    (1.3633751836e-20 2.3173385173e-18)
    (1.4251026703e-20 2.9858893861e-18)
    (1.4896248996e-20 3.8154082861e-18)
    (1.5570684048e-20 4.8366497072e-18)
    (1.6275654480e-20 6.0845659988e-18)
    (1.7012542799e-20 7.5985893848e-18)
    (1.7782794100e-20 9.4228881537e-18)
    (1.8587918911e-20 1.1606590248e-17)
    (1.9429496147e-20 1.4203061423e-17)
    (2.0309176209e-20 1.7270593860e-17)
    (2.1228684221e-20 2.0874826029e-17)
    (2.2189823415e-20 2.5223724517e-17)
    (2.3194478661e-20 3.0122581104e-17)
    (2.4244620171e-20 3.5782627122e-17)
    (2.5342307358e-20 4.2288770695e-17)
    (2.6489692876e-20 4.9730419518e-17)
    (2.7689026842e-20 5.8469416249e-17)
    (2.8942661247e-20 6.8219309629e-17)
    (3.0253054571e-20 7.9040795726e-17)
    (3.1622776602e-20 9.1183977272e-17)
    (3.3054513476e-20 1.0494938766e-16)
    (3.4551072946e-20 1.2003568769e-16)
    (3.6115389887e-20 1.3673474728e-16)
    (3.7750532053e-20 1.5513311834e-16)
    (3.9459706091e-20 1.7522321374e-16)
    (4.1246263829e-20 1.9721406715e-16)
    (4.3113708854e-20 2.2108301719e-16)
    (4.5065703377e-20 2.4684693218e-16)
    (4.7106075420e-20 2.7449200438e-16)
    (4.9238826317e-20 3.0459627892e-16)
    (5.1468138568e-20 3.3579922841e-16)
    (5.3798384034e-20 3.6859460980e-16)
    (5.6234132519e-20 4.0279011994e-16)
    (5.8780160723e-20 4.3794117436e-16)
    (6.1441461614e-20 4.7414141418e-16)
    (6.4223254222e-20 5.1084863123e-16)
    (6.7130993868e-20 5.4766989381e-16)
    (7.0170382867e-20 5.8417865856e-16)
    (7.3347381708e-20 6.1973268020e-16)
    (7.6668220745e-20 6.5421113353e-16)
    (8.0139412415e-20 6.8704451452e-16)
    (8.3767764007e-20 7.1782149778e-16)
    (8.7560391014e-20 7.4617453387e-16)
    (9.1524731088e-20 7.7182021483e-16)
    (9.5668558622e-20 7.9443055555e-16)
    (1.0000000000e-19 8.1389407823e-16)
    (1.0452754953e-19 8.3011395789e-16)
    (1.0926008611e-19 8.4269074491e-16)
    (1.1420689063e-19 8.5246646214e-16)
    (1.1937766417e-19 8.5910596858e-16)
    (1.2478254705e-19 8.6275482553e-16)
    (1.3043213867e-19 8.6359578876e-16)
    (1.3633751836e-19 8.6208012278e-16)
    (1.4251026703e-19 8.5791567605e-16)
    (1.4896248996e-19 8.5162061159e-16)
    (1.5570684048e-19 8.4342790576e-16)
    (1.6275654480e-19 8.3356534244e-16)
    (1.7012542799e-19 8.2194788131e-16)
    (1.7782794100e-19 8.0941408400e-16)
    (1.8587918911e-19 7.9582246234e-16)
    (1.9429496147e-19 7.8134698497e-16)
    (2.0309176209e-19 7.6614524071e-16)
    (2.1228684221e-19 7.5035862435e-16)
    (2.2189823415e-19 7.3411295167e-16)
    (2.3194478661e-19 7.1751936679e-16)
    (2.4244620171e-19 7.0041430753e-16)
    (2.5342307358e-19 6.8343602793e-16)
    (2.6489692876e-19 6.6663126511e-16)
    (2.7689026842e-19 6.4950137766e-16)
    (2.8942661247e-19 6.3239821229e-16)
    (3.0253054571e-19 6.1536951762e-16)
    (3.1622776602e-19 5.9835096680e-16)
    (3.3054513476e-19 5.8160863497e-16)
    (3.4551072946e-19 5.6504319123e-16)
    (3.6115389887e-19 5.4794927349e-16)
    (3.7750532053e-19 5.3184659923e-16)
    (3.9459706091e-19 5.1598595255e-16)
    (4.1246263829e-19 5.0038237838e-16)
    (4.3113708854e-19 4.8504838984e-16)
    (4.5065703377e-19 4.6999428956e-16)
    (4.7106075420e-19 4.5546807547e-16)
    (4.9238826317e-19 4.4098379057e-16)
    (5.1468138568e-19 4.2679977274e-16)
    (5.3798384034e-19 4.1291971712e-16)
    (5.6234132519e-19 3.9912048383e-16)
    (5.8780160723e-19 3.8587453330e-16)
    (6.1441461614e-19 3.7293585408e-16)
    (6.4223254222e-19 3.2904219087e-16)
    (6.7130993868e-19 3.1579326773e-16)
    (7.0170382867e-19 3.0296044925e-16)
    (7.3347381708e-19 2.9049352796e-16)
    (7.6668220745e-19 2.7839177229e-16)
    (8.0139412415e-19 2.6694543125e-16)
    (8.3767764007e-19 2.5554584868e-16)
    (8.7560391014e-19 2.4422780497e-16)
    (9.1524731088e-19 2.3358631889e-16)
    (9.5668558622e-19 2.2329615386e-16)
    (1.0000000000e-18 2.1334107145e-16)
    (1.0452754953e-18 2.0373427527e-16)
    (1.0926008611e-18 1.9446461496e-16)
    (1.1420689063e-18 1.8568401127e-16)
    (1.1937766417e-18 1.7704686113e-16)
    (1.2478254705e-18 1.6872913677e-16)
    (1.3043213867e-18 1.6072251215e-16)
    (1.3633751836e-18 1.5268846602e-16)
    (1.4251026703e-18 1.4532544905e-16)
    (1.4896248996e-18 1.3824633757e-16)
    (1.5570684048e-18 1.3159786239e-16)
    (1.6275654480e-18 1.2504406759e-16)
    (1.7012542799e-18 1.1875568595e-16)
    (1.7782794100e-18 1.1272199453e-16)
    (1.8587918911e-18 1.0703563492e-16)
    (1.9429496147e-18 1.0148263838e-16)
    (2.0309176209e-18 9.6163859056e-17)
    (2.1228684221e-18 9.0929863738e-17)
    (2.2189823415e-18 8.6089153586e-17)
    (2.3194478661e-18 8.1457049739e-17)
    (2.4244620171e-18 7.6958441227e-17)
    (2.5342307358e-18 7.2747083467e-17)
    (2.6489692876e-18 6.8778828255e-17)
    (2.7689026842e-18 6.4795326691e-17)
    (2.8942661247e-18 6.1267942207e-17)
    (3.0253054571e-18 5.7816496906e-17)
    (3.1622776602e-18 5.4335001769e-17)
    (3.3054513476e-18 5.1302187303e-17)
    (3.4551072946e-18 4.8196144039e-17)
    (3.6115389887e-18 4.5384691996e-17)
    (3.7750532053e-18 4.2648266576e-17)
    (3.9459706091e-18 4.0062772848e-17)
    (4.1246263829e-18 3.7560108786e-17)
    (4.3113708854e-18 3.5300508981e-17)
    (4.5065703377e-18 3.3036435803e-17)
    (4.7106075420e-18 3.0968646258e-17)
    (4.9238826317e-18 2.8989675354e-17)
    (5.1468138568e-18 2.7114532686e-17)
    (5.3798384034e-18 2.5342205407e-17)
    (5.6234132519e-18 2.3681678903e-17)
    (5.8780160723e-18 2.2095890821e-17)
    (6.1441461614e-18 2.0598236000e-17)
    (6.4223254222e-18 1.9184570848e-17)
    (6.7130993868e-18 1.7850088902e-17)
    (7.0170382867e-18 1.6601232910e-17)
    (7.3347381708e-18 1.5415422593e-17)
    (7.6668220745e-18 1.4334488685e-17)
    (8.0139412415e-18 1.3286057292e-17)
    (8.3767764007e-18 1.2298846458e-17)
    (8.7560391014e-18 1.1329432620e-17)
    (9.1524731088e-18 1.0444407340e-17)
    (9.5668558622e-18 9.6457490488e-18)
    (1.0000000000e-17 8.8404612706e-18)
);
