// k[EI_N2_EXC_N2_V1] [m^3/s] vs mean energy [eV]; air_plasma [94c490be646f8872], T_gas = 300.000000 K
(
    (0 8.3978961866e-20)
    (1.3716749438e-01 8.3978961866e-20)
    (1.4076979314e-01 9.4014663380e-20)
    (1.4397604008e-01 1.0452497902e-19)
    (1.4684113805e-01 1.1555212875e-19)
    (1.4941204783e-01 1.2714040738e-19)
    (1.5172864004e-01 1.3933511585e-19)
    (1.5382482203e-01 1.5218209784e-19)
    (1.5572964088e-01 1.6572760224e-19)
    (1.5746824649e-01 1.8001827015e-19)
    (1.5906268561e-01 1.9510116435e-19)
    (1.6040186980e-01 2.1625580498e-19)
    (1.6189539494e-01 2.2783418133e-19)
    (1.6316727128e-01 2.4558088508e-19)
    (1.6436286366e-01 2.6431312906e-19)
    (1.6549578572e-01 2.8408094182e-19)
    (1.6657873020e-01 3.0493538084e-19)
    (1.6762359287e-01 3.2692882504e-19)
    (1.6865359887e-01 3.5054612674e-19)
    (1.6965539117e-01 3.7499138674e-19)
    (1.7065096866e-01 4.0075092076e-19)
    (1.7163702901e-01 4.2838303849e-19)
    (1.7264762429e-01 4.5692125819e-19)
    (1.7367878080e-01 4.8697174200e-19)
    (1.7473849913e-01 5.1861035544e-19)
    (1.7583432821e-01 5.5191817373e-19)
    (1.7697337833e-01 5.8698183502e-19)
    (1.7816233417e-01 6.2389384639e-19)
    (1.7940746844e-01 6.6275280555e-19)
    (1.8071465956e-01 7.0366365250e-19)
    (1.8208941158e-01 7.4673782207e-19)
    (1.8353687952e-01 7.9209342182e-19)
    (1.8506190021e-01 8.3985540990e-19)
    (1.8666902928e-01 8.9015580046e-19)
    (1.8836258474e-01 9.4313391862e-19)
    (1.9014669747e-01 9.9893672800e-19)
    (1.9202536831e-01 1.0577192562e-18)
    (1.9400253175e-01 1.1196451456e-18)
    (1.9608212573e-01 1.1848873599e-18)
    (1.9826816696e-01 1.2536290811e-18)
    (2.0056483136e-01 1.3260648341e-18)
    (2.0297653896e-01 1.4024018798e-18)
    (2.0550804255e-01 1.4828619181e-18)
    (2.0816451961e-01 1.5676831383e-18)
    (2.1095166654e-01 1.6571226477e-18)
    (2.1387579417e-01 1.7514592890e-18)
    (2.1694256551e-01 1.8513400069e-18)
    (2.2014788174e-01 1.9570587838e-18)
    (2.2353446165e-01 2.0686872953e-18)
    (2.2709477487e-01 2.1870171786e-18)
    (2.3084127841e-01 2.3126915427e-18)
    (2.3479833990e-01 2.4478013801e-18)
    (2.3896131204e-01 2.5911726542e-18)
    (2.4336011410e-01 2.7451537672e-18)
    (2.4801612280e-01 2.9113865395e-18)
    (2.5295360836e-01 3.0919466893e-18)
    (2.5819915170e-01 3.2901161423e-18)
    (2.6378576428e-01 3.5079881893e-18)
    (2.6974626976e-01 3.7503474139e-18)
    (2.7611829297e-01 4.0224097764e-18)
    (2.8294269841e-01 4.3306231571e-18)
    (2.9026321198e-01 4.6828723736e-18)
    (2.9812580887e-01 5.0886802709e-18)
    (3.0657783145e-01 5.5593868200e-18)
    (3.1566682518e-01 6.1082859977e-18)
    (3.2543909275e-01 6.7506954685e-18)
    (3.3590887576e-01 7.5036357200e-18)
    (3.4717223366e-01 8.3873848339e-18)
    (3.5923184525e-01 9.4221512116e-18)
    (3.7211014051e-01 1.0629894909e-17)
    (3.8581860584e-01 1.2033114257e-17)
    (4.0035610545e-01 1.3654091463e-17)
    (4.1570760906e-01 1.5514016256e-17)
    (4.3184344429e-01 1.7632029364e-17)
    (4.4871916534e-01 2.0024244359e-17)
    (4.6627608546e-01 2.2702813167e-17)
    (4.8444246122e-01 2.5675103871e-17)
    (5.0313526437e-01 2.8943053464e-17)
    (5.2226243543e-01 3.2502748086e-17)
    (5.4172546688e-01 3.6344262134e-17)
    (5.6142215538e-01 4.0451769957e-17)
    (5.8124935489e-01 4.4803920096e-17)
    (6.0110557847e-01 4.9374442492e-17)
    (6.2089332763e-01 5.4132945248e-17)
    (6.4052105642e-01 5.9045844447e-17)
    (6.5990472218e-01 6.4077369528e-17)
    (6.7896890624e-01 6.9190586074e-17)
    (6.9764751934e-01 7.4348384316e-17)
    (7.1588412933e-01 7.9514390373e-17)
    (7.3358637930e-01 8.4642265077e-17)
    (7.5079958278e-01 8.9720270592e-17)
    (7.6745534914e-01 9.4708489049e-17)
    (7.8353257443e-01 9.9579913654e-17)
    (7.9901752925e-01 1.0431085164e-16)
    (8.1390306874e-01 1.0888103977e-16)
    (8.2818782881e-01 1.1327364903e-16)
    (8.4187543928e-01 1.1747519667e-16)
    (8.5497377065e-01 1.2147538291e-16)
    (8.6749423532e-01 1.2526687198e-16)
    (8.7945114959e-01 1.2884503344e-16)
    (8.9086116369e-01 1.3220765970e-16)
    (9.0174276209e-01 1.3535467287e-16)
    (9.1211583392e-01 1.3828783225e-16)
    (9.2200131124e-01 1.4101045116e-16)
    (9.3142087166e-01 1.4352712994e-16)
    (9.4039670018e-01 1.4584350965e-16)
    (9.4895130466e-01 1.4796604962e-16)
    (9.5710737851e-01 1.4990182994e-16)
    (9.6488770504e-01 1.5165837967e-16)
    (9.7229590480e-01 1.5323210151e-16)
    (9.7938516806e-01 1.5465153505e-16)
    (9.8616493157e-01 1.5591501054e-16)
    (9.9265725541e-01 1.5703037112e-16)
    (9.9888405066e-01 1.5800533242e-16)
    (1.0048670871e+00 1.5884742389e-16)
    (1.0106280072e+00 1.5956394281e-16)
    (1.0161883436e+00 1.6016191911e-16)
    (1.0215695406e+00 1.6064808954e-16)
    (1.0267929771e+00 1.6102888012e-16)
    (1.0318799906e+00 1.6131039440e-16)
    (1.0368231653e+00 1.6149863174e-16)
    (1.0417033545e+00 1.6159850073e-16)
    (1.0465120906e+00 1.6161538153e-16)
    (1.0510868807e+00 1.6148111672e-16)
    (1.0558591909e+00 1.6135048732e-16)
    (1.0606532018e+00 1.6115197953e-16)
    (1.0655074201e+00 1.6089043905e-16)
    (1.0704684874e+00 1.6057093589e-16)
    (1.0751997678e+00 1.6012621293e-16)
    (1.0804337622e+00 1.5964162345e-16)
    (1.0860944541e+00 1.5918202139e-16)
    (1.0921800386e+00 1.5868910842e-16)
    (1.0986620881e+00 1.5809508866e-16)
    (1.1060807530e+00 1.5757043460e-16)
    (1.1144567565e+00 1.5704769622e-16)
    (1.1240549778e+00 1.5654419799e-16)
    (1.1350476813e+00 1.5609706920e-16)
    (1.1481500998e+00 1.5570014362e-16)
    (1.1636258816e+00 1.5539913834e-16)
    (1.1819885903e+00 1.5522907212e-16)
    (1.2038177970e+00 1.5523008361e-16)
    (1.2301634392e+00 1.5536539562e-16)
    (1.2609969547e+00 1.5586074279e-16)
    (1.2973623011e+00 1.5667550846e-16)
    (1.3400043219e+00 1.5786545757e-16)
    (1.3902463434e+00 1.5947576731e-16)
    (1.4476740790e+00 1.6158984764e-16)
    (1.5134371389e+00 1.6424283445e-16)
    (1.5880617832e+00 1.6748061782e-16)
    (1.6719409936e+00 1.7134071008e-16)
    (1.7660607111e+00 1.7583528219e-16)
    (1.8689224012e+00 1.8101506202e-16)
    (1.9811674971e+00 1.8685737639e-16)
    (2.1024762205e+00 1.9334950315e-16)
    (2.2323544682e+00 2.0046527998e-16)
    (2.3723894733e+00 2.0828731918e-16)
    (2.5173051548e+00 2.1652549058e-16)
    (2.6685098830e+00 2.2524233099e-16)
    (2.8251127850e+00 2.3437653382e-16)
    (2.9864403851e+00 2.4384522121e-16)
    (3.1511716909e+00 2.5362520079e-16)
    (3.3187345269e+00 2.6363613982e-16)
    (3.4884072290e+00 2.7382325146e-16)
    (3.6595680233e+00 2.8413838506e-16)
    (3.8329812664e+00 2.9458211056e-16)
    (4.0054036496e+00 3.0502572338e-16)
    (4.1781426577e+00 3.1550192455e-16)
    (4.3510158693e+00 3.2599525578e-16)
    (4.5239369987e+00 3.3649794860e-16)
    (4.6971621124e+00 3.4700013366e-16)
    (4.8701409956e+00 3.5752047450e-16)
    (5.0433978981e+00 3.6806604897e-16)
    (5.2171246269e+00 3.7865154062e-16)
    (5.3915564385e+00 3.8929475284e-16)
    (5.5669629672e+00 4.0001556538e-16)
    (5.7436400437e+00 4.1083491036e-16)
    (5.9219025873e+00 4.2177378999e-16)
    (6.1010979378e+00 4.3278868406e-16)
    (6.2835570480e+00 4.4402491484e-16)
    (6.4679920424e+00 4.5538754266e-16)
    (6.6560078498e+00 4.6698555912e-16)
    (6.8473428105e+00 4.7877944224e-16)
    (7.0423340173e+00 4.9077404360e-16)
    (7.2409465160e+00 5.0292793600e-16)
    (7.4442081971e+00 5.1531981613e-16)
    (7.6521663603e+00 5.2790074416e-16)
    (7.8676105911e+00 5.4078976981e-16)
    (8.0858487204e+00 5.5369298627e-16)
    (8.3098278045e+00 5.6673309632e-16)
    (8.5398932951e+00 5.7988431157e-16)
    (8.7763949131e+00 5.9311743144e-16)
    (9.0196879697e+00 6.0640028278e-16)
    (9.2670974767e+00 6.1951586355e-16)
    (9.5251096886e+00 6.3279891905e-16)
    (9.7910839770e+00 6.4602080806e-16)
    (1.0065371630e+01 6.5914243034e-16)
    (1.0346344593e+01 6.7200448634e-16)
    (1.0638438926e+01 6.8480743740e-16)
    (1.0940187398e+01 6.9738627899e-16)
    (1.1925355136e+01 7.3645885535e-16)
    (1.2308824412e+01 7.4916257176e-16)
    (1.2709276652e+01 7.6146475643e-16)
    (1.3126439691e+01 7.7320331230e-16)
    (1.3561263285e+01 7.8432051218e-16)
    (1.4012493747e+01 7.9465746891e-16)
    (1.4484291915e+01 8.0437867938e-16)
    (1.4973992379e+01 8.1313034466e-16)
    (1.5487666223e+01 8.2126404215e-16)
    (1.6023909695e+01 8.2852975151e-16)
    (1.6583468512e+01 8.3474455337e-16)
    (1.7168941463e+01 8.4015850506e-16)
    (1.7781023452e+01 8.4459244456e-16)
    (1.8422151615e+01 8.4789918488e-16)
    (1.9092649339e+01 8.5028236826e-16)
    (1.9794733945e+01 8.5160819203e-16)
    (2.0530664058e+01 8.5185669932e-16)
    (2.1299508263e+01 8.5080257698e-16)
    (2.2109288431e+01 8.4887563577e-16)
    (2.2959485968e+01 8.4584422905e-16)
    (2.3850104879e+01 8.4147792706e-16)
    (2.4788921536e+01 8.3626167996e-16)
    (2.5776295005e+01 8.2995599818e-16)
    (2.6817698048e+01 8.2256137332e-16)
    (2.7909067436e+01 8.1396203943e-16)
    (2.9061538888e+01 8.0450816913e-16)
    (3.0279874265e+01 7.9403367226e-16)
    (3.1556757395e+01 7.8250073851e-16)
    (3.2908931845e+01 7.7014968782e-16)
    (3.4342348823e+01 7.5688305287e-16)
    (3.5842127009e+01 7.4264913484e-16)
    (3.7437719791e+01 7.2777435788e-16)
    (3.9117090489e+01 7.1193478517e-16)
    (4.0644106575e+01 6.9475233497e-16)
    (4.2796040127e+01 6.7870990090e-16)
    (4.4789131155e+01 6.6102482960e-16)
    (4.6589221150e+01 6.4224519203e-16)
    (4.9179324484e+01 6.2452537540e-16)
    (5.1201199815e+01 6.0515841629e-16)
    (5.4099126670e+01 5.8636603349e-16)
    (5.6778858337e+01 5.6684193455e-16)
    (5.9117854096e+01 5.4644006256e-16)
    (6.2718461942e+01 5.2719174662e-16)
    (6.5410085846e+01 5.0698419854e-16)
    (6.9496742822e+01 4.8740534277e-16)
    (7.3180976752e+01 4.6746662686e-16)
    (7.7182577491e+01 4.4768487068e-16)
    (8.1420085225e+01 4.2789267923e-16)
    (8.6011788405e+01 4.0845348651e-16)
    (9.0867763137e+01 3.8916903287e-16)
    (9.6165388139e+01 3.7026045537e-16)
    (1.0177823578e+02 3.5155881590e-16)
    (1.0792309375e+02 3.3334532706e-16)
    (1.1458604701e+02 3.1551646309e-16)
    (1.2160542734e+02 2.9808574496e-16)
    (1.2939531717e+02 2.8115585570e-16)
    (1.3542361118e+02 2.6423411716e-16)
    (1.4388362195e+02 2.4838297538e-16)
    (1.5371740495e+02 2.3306437586e-16)
    (1.6736124994e+02 2.1825277596e-16)
    (1.7556818514e+02 2.0315654613e-16)
    (1.9180551086e+02 1.9015830759e-16)
    (2.0148427830e+02 1.7609134932e-16)
);
