// k[EI_N2_EXC_N2_W3] [m^3/s] vs reducedE [V m^2]; air_plasma [94c490be646f8872], T_gas = 300.000000 K
(
    (0 0.0000000000e+00)
    (1.0000000000e-22 0.0000000000e+00)
    (1.0452754953e-22 0.0000000000e+00)
    (1.0926008611e-22 0.0000000000e+00)
    (1.1420689063e-22 0.0000000000e+00)
    (1.1937766417e-22 0.0000000000e+00)
    (1.2478254705e-22 0.0000000000e+00)
    (1.3043213867e-22 0.0000000000e+00)
    (1.3633751836e-22 0.0000000000e+00)
    (1.4251026703e-22 0.0000000000e+00)
    (1.4896248996e-22 0.0000000000e+00)
    (1.5570684048e-22 0.0000000000e+00)
    (1.6275654480e-22 0.0000000000e+00)
    (1.7012542799e-22 0.0000000000e+00)
    (1.7782794100e-22 0.0000000000e+00)
    (1.8587918911e-22 0.0000000000e+00)
    (1.9429496147e-22 0.0000000000e+00)
    (2.0309176209e-22 0.0000000000e+00)
    (2.1228684221e-22 0.0000000000e+00)
    (2.2189823415e-22 0.0000000000e+00)
    (2.3194478661e-22 0.0000000000e+00)
    (2.4244620171e-22 0.0000000000e+00)
    (2.5342307358e-22 0.0000000000e+00)
    (2.6489692876e-22 0.0000000000e+00)
    (2.7689026842e-22 0.0000000000e+00)
    (2.8942661247e-22 0.0000000000e+00)
    (3.0253054571e-22 0.0000000000e+00)
    (3.1622776602e-22 0.0000000000e+00)
    (3.3054513476e-22 0.0000000000e+00)
    (3.4551072946e-22 0.0000000000e+00)
    (3.6115389887e-22 0.0000000000e+00)
    (3.7750532053e-22 0.0000000000e+00)
    (3.9459706091e-22 0.0000000000e+00)
    (4.1246263829e-22 0.0000000000e+00)
    (4.3113708854e-22 0.0000000000e+00)
    (4.5065703377e-22 0.0000000000e+00)
    (4.7106075420e-22 0.0000000000e+00)
    (4.9238826317e-22 0.0000000000e+00)
    (5.1468138568e-22 0.0000000000e+00)
    (5.3798384034e-22 0.0000000000e+00)
    (5.6234132519e-22 0.0000000000e+00)
    (5.8780160723e-22 0.0000000000e+00)
    (6.1441461614e-22 0.0000000000e+00)
    (6.4223254222e-22 0.0000000000e+00)
    (6.7130993868e-22 0.0000000000e+00)
    (7.0170382867e-22 0.0000000000e+00)
    (7.3347381708e-22 0.0000000000e+00)
    (7.6668220745e-22 0.0000000000e+00)
    (8.0139412415e-22 0.0000000000e+00)
    (8.3767764007e-22 0.0000000000e+00)
    (8.7560391014e-22 0.0000000000e+00)
    (9.1524731088e-22 0.0000000000e+00)
    (9.5668558622e-22 0.0000000000e+00)
    (1.0000000000e-21 0.0000000000e+00)
    (1.0452754953e-21 0.0000000000e+00)
    (1.0926008611e-21 0.0000000000e+00)
    (1.1420689063e-21 0.0000000000e+00)
    (1.1937766417e-21 0.0000000000e+00)
    (1.2478254705e-21 0.0000000000e+00)
    (1.3043213867e-21 0.0000000000e+00)
    (1.3633751836e-21 0.0000000000e+00)
    (1.4251026703e-21 0.0000000000e+00)
    (1.4896248996e-21 0.0000000000e+00)
    (1.5570684048e-21 0.0000000000e+00)
    (1.6275654480e-21 0.0000000000e+00)
    (1.7012542799e-21 0.0000000000e+00)
    (1.7782794100e-21 0.0000000000e+00)
    (1.8587918911e-21 0.0000000000e+00)
    (1.9429496147e-21 0.0000000000e+00)
    (2.0309176209e-21 0.0000000000e+00)
    (2.1228684221e-21 0.0000000000e+00)
    (2.2189823415e-21 0.0000000000e+00)
    (2.3194478661e-21 0.0000000000e+00)
    (2.4244620171e-21 0.0000000000e+00)
    (2.5342307358e-21 0.0000000000e+00)
    (2.6489692876e-21 0.0000000000e+00)
    (2.7689026842e-21 0.0000000000e+00)
    (2.8942661247e-21 0.0000000000e+00)
    (3.0253054571e-21 0.0000000000e+00)
    (3.1622776602e-21 0.0000000000e+00)
    (3.3054513476e-21 0.0000000000e+00)
    (3.4551072946e-21 0.0000000000e+00)
    (3.6115389887e-21 0.0000000000e+00)
    (3.7750532053e-21 0.0000000000e+00)
    (3.9459706091e-21 0.0000000000e+00)
    (4.1246263829e-21 0.0000000000e+00)
    (4.3113708854e-21 0.0000000000e+00)
    (4.5065703377e-21 0.0000000000e+00)
    (4.7106075420e-21 0.0000000000e+00)
    (4.9238826317e-21 0.0000000000e+00)
    (5.1468138568e-21 0.0000000000e+00)
    (5.3798384034e-21 0.0000000000e+00)
    (5.6234132519e-21 0.0000000000e+00)
    (5.8780160723e-21 0.0000000000e+00)
    (6.1441461614e-21 0.0000000000e+00)
    (6.4223254222e-21 0.0000000000e+00)
    (6.7130993868e-21 0.0000000000e+00)
    (7.0170382867e-21 0.0000000000e+00)
    (7.3347381708e-21 0.0000000000e+00)
    (7.6668220745e-21 0.0000000000e+00)
    (8.0139412415e-21 0.0000000000e+00)
    (8.3767764007e-21 0.0000000000e+00)
    (8.7560391014e-21 0.0000000000e+00)
    (9.1524731088e-21 0.0000000000e+00)
    (9.5668558622e-21 0.0000000000e+00)
    (1.0000000000e-20 0.0000000000e+00)
    (1.0452754953e-20 0.0000000000e+00)
    (1.0926008611e-20 0.0000000000e+00)
    (1.1420689063e-20 0.0000000000e+00)
    (1.1937766417e-20 0.0000000000e+00)
    (1.2478254705e-20 0.0000000000e+00)
    (1.3043213867e-20 0.0000000000e+00)
    (1.3633751836e-20 0.0000000000e+00)
    (1.4251026703e-20 0.0000000000e+00)
    (1.4896248996e-20 0.0000000000e+00)
    (1.5570684048e-20 0.0000000000e+00)
    (1.6275654480e-20 0.0000000000e+00)
    (1.7012542799e-20 0.0000000000e+00)
    (1.7782794100e-20 0.0000000000e+00)
    (1.8587918911e-20 0.0000000000e+00)
    (1.9429496147e-20 0.0000000000e+00)
    (2.0309176209e-20 0.0000000000e+00)
    (2.1228684221e-20 0.0000000000e+00)
    (2.2189823415e-20 0.0000000000e+00)
    (2.3194478661e-20 0.0000000000e+00)
    (2.4244620171e-20 0.0000000000e+00)
    (2.5342307358e-20 0.0000000000e+00)
    (2.6489692876e-20 0.0000000000e+00)
    (2.7689026842e-20 2.7852023708e-21)
    (2.8942661247e-20 5.3616065268e-21)
    (3.0253054571e-20 9.4206589641e-21)
    (3.1622776602e-20 1.6186829301e-20)
    (3.3054513476e-20 2.7722921095e-20)
    (3.4551072946e-20 4.5711039229e-20)
    (3.6115389887e-20 7.3915632604e-20)
    (3.7750532053e-20 1.1731024860e-19)
    (3.9459706091e-20 1.8373284086e-19)
    (4.1246263829e-20 2.8120554774e-19)
    (4.3113708854e-20 4.2335668045e-19)
    (4.5065703377e-20 6.2732080983e-19)
    (4.7106075420e-20 9.1539285548e-19)
    (4.9238826317e-20 1.3264886862e-18)
    (5.1468138568e-20 1.8780511121e-18)
    (5.3798384034e-20 2.6223633390e-18)
    (5.6234132519e-20 3.6126253095e-18)
    (5.8780160723e-20 4.9290265209e-18)
    (6.1441461614e-20 6.6131647711e-18)
    (6.4223254222e-20 8.7630731012e-18)
    (6.7130993868e-20 1.1471820876e-17)
    (7.0170382867e-20 1.4841133052e-17)
    (7.3347381708e-20 1.9022373376e-17)
    (7.6668220745e-20 2.4043625140e-17)
    (8.0139412415e-20 3.0062858827e-17)
    (8.3767764007e-20 3.7196658661e-17)
    (8.7560391014e-20 4.5559416602e-17)
    (9.1524731088e-20 5.5387353563e-17)
    (9.5668558622e-20 6.6535367962e-17)
    (1.0000000000e-19 7.9219050019e-17)
    (1.0452754953e-19 9.3524414404e-17)
    (1.0926008611e-19 1.0956654703e-16)
    (1.1420689063e-19 1.2733350887e-16)
    (1.1937766417e-19 1.4692180490e-16)
    (1.2478254705e-19 1.6837909520e-16)
    (1.3043213867e-19 1.9174416306e-16)
    (1.3633751836e-19 2.1716851018e-16)
    (1.4251026703e-19 2.4441149794e-16)
    (1.4896248996e-19 2.7362830267e-16)
    (1.5570684048e-19 3.0482497629e-16)
    (1.6275654480e-19 3.3799904940e-16)
    (1.7012542799e-19 3.7318983212e-16)
    (1.7782794100e-19 4.1026197058e-16)
    (1.8587918911e-19 4.4924895086e-16)
    (1.9429496147e-19 4.9010922651e-16)
    (2.0309176209e-19 5.3278999015e-16)
    (2.1228684221e-19 5.7722671559e-16)
    (2.2189823415e-19 6.2334283948e-16)
    (2.3194478661e-19 6.7104962690e-16)
    (2.4244620171e-19 7.2015144255e-16)
    (2.5342307358e-19 7.7073190175e-16)
    (2.6489692876e-19 8.2250067183e-16)
    (2.7689026842e-19 8.7546737767e-16)
    (2.8942661247e-19 9.2942069425e-16)
    (3.0253054571e-19 9.8421100980e-16)
    (3.1622776602e-19 1.0396178025e-15)
    (3.3054513476e-19 1.0955994509e-15)
    (3.4551072946e-19 1.1519375408e-15)
    (3.6115389887e-19 1.2088782879e-15)
    (3.7750532053e-19 1.2653914904e-15)
    (3.9459706091e-19 1.3217589680e-15)
    (4.1246263829e-19 1.3778144954e-15)
    (4.3113708854e-19 1.4333945039e-15)
    (4.5065703377e-19 1.4883390177e-15)
    (4.7106075420e-19 1.5420152981e-15)
    (4.9238826317e-19 1.5952417989e-15)
    (5.1468138568e-19 1.6473772923e-15)
    (5.3798384034e-19 1.6982848311e-15)
    (5.6234132519e-19 1.7475149467e-15)
    (5.8780160723e-19 1.7955864195e-15)
    (6.1441461614e-19 1.8420449672e-15)
    (6.4223254222e-19 1.9863951257e-15)
    (6.7130993868e-19 2.0304733293e-15)
    (7.0170382867e-19 2.0722706871e-15)
    (7.3347381708e-19 2.1113540845e-15)
    (7.6668220745e-19 2.1475938923e-15)
    (8.0139412415e-19 2.1806159968e-15)
    (8.3767764007e-19 2.2108568375e-15)
    (8.7560391014e-19 2.2373477833e-15)
    (9.1524731088e-19 2.2612684386e-15)
    (9.5668558622e-19 2.2819084802e-15)
    (1.0000000000e-18 2.2988647841e-15)
    (1.0452754953e-18 2.3128167555e-15)
    (1.0926008611e-18 2.3233875476e-15)
    (1.1420689063e-18 2.3302688763e-15)
    (1.1937766417e-18 2.3340547989e-15)
    (1.2478254705e-18 2.3344828654e-15)
    (1.3043213867e-18 2.3315788905e-15)
    (1.3633751836e-18 2.3246933202e-15)
    (1.4251026703e-18 2.3153274930e-15)
    (1.4896248996e-18 2.3027956660e-15)
    (1.5570684048e-18 2.2865244439e-15)
    (1.6275654480e-18 2.2679581418e-15)
    (1.7012542799e-18 2.2464881302e-15)
    (1.7782794100e-18 2.2221820472e-15)
    (1.8587918911e-18 2.1947831742e-15)
    (1.9429496147e-18 2.1653021213e-15)
    (2.0309176209e-18 2.1333371939e-15)
    (2.1228684221e-18 2.0988342689e-15)
    (2.2189823415e-18 2.0624648817e-15)
    (2.3194478661e-18 2.0240061876e-15)
    (2.4244620171e-18 1.9832640815e-15)
    (2.5342307358e-18 1.9412933336e-15)
    (2.6489692876e-18 1.8971364175e-15)
    (2.7689026842e-18 1.8495614669e-15)
    (2.8942661247e-18 1.8059661495e-15)
    (3.0253054571e-18 1.7581091226e-15)
    (3.1622776602e-18 1.7072673275e-15)
    (3.3054513476e-18 1.6605420326e-15)
    (3.4551072946e-18 1.6089067376e-15)
    (3.6115389887e-18 1.5598736445e-15)
    (3.7750532053e-18 1.5087626254e-15)
    (3.9459706091e-18 1.4552579108e-15)
    (4.1246263829e-18 1.4056665996e-15)
    (4.3113708854e-18 1.3532134111e-15)
    (4.5065703377e-18 1.3030028212e-15)
    (4.7106075420e-18 1.2517246986e-15)
    (4.9238826317e-18 1.2009238622e-15)
    (5.1468138568e-18 1.1500626757e-15)
    (5.3798384034e-18 1.1002095577e-15)
    (5.6234132519e-18 1.0507460631e-15)
    (5.8780160723e-18 1.0022033872e-15)
    (6.1441461614e-18 9.5407286505e-16)
    (6.4223254222e-18 9.0718310552e-16)
    (6.7130993868e-18 8.6118260402e-16)
    (7.0170382867e-18 8.1608336811e-16)
    (7.3347381708e-18 7.7216247498e-16)
    (7.6668220745e-18 7.2753673931e-16)
    (8.0139412415e-18 6.8570874861e-16)
    (8.3767764007e-18 6.4564626774e-16)
    (8.7560391014e-18 6.0755058987e-16)
    (9.1524731088e-18 5.6741170122e-16)
    (9.5668558622e-18 5.3306020918e-16)
    (1.0000000000e-17 4.9582190792e-16)
);
