// k[EI_N2_EXC_N2_ROT] [m^3/s] vs reducedE [V m^2]; air_plasma [94c490be646f8872], T_gas = 300.000000 K
(
    (0 5.1211414473e-17)
    (1.0000000000e-22 5.1211414473e-17)
    (1.0452754953e-22 5.2099389191e-17)
    (1.0926008611e-22 5.2877082111e-17)
    (1.1420689063e-22 5.3560870853e-17)
    (1.1937766417e-22 5.4164516841e-17)
    (1.2478254705e-22 5.4699513092e-17)
    (1.3043213867e-22 5.5175471768e-17)
    (1.3633751836e-22 5.5600481695e-17)
    (1.4251026703e-22 5.5981412351e-17)
    (1.4896248996e-22 5.6324161693e-17)
    (1.5570684048e-22 5.6483648259e-17)
    (1.6275654480e-22 5.6914991725e-17)
    (1.7012542799e-22 5.7171581765e-17)
    (1.7782794100e-22 5.7407222659e-17)
    (1.8587918911e-22 5.7625179247e-17)
    (1.9429496147e-22 5.7828437149e-17)
    (2.0309176209e-22 5.8019744950e-17)
    (2.1228684221e-22 5.8201831200e-17)
    (2.2189823415e-22 5.8376728034e-17)
    (2.3194478661e-22 5.8546796937e-17)
    (2.4244620171e-22 5.8704945142e-17)
    (2.5342307358e-22 5.8871477118e-17)
    (2.6489692876e-22 5.9038929470e-17)
    (2.7689026842e-22 5.9208970276e-17)
    (2.8942661247e-22 5.9383148916e-17)
    (3.0253054571e-22 5.9562899475e-17)
    (3.1622776602e-22 5.9749543668e-17)
    (3.3054513476e-22 5.9944293557e-17)
    (3.4551072946e-22 6.0148254729e-17)
    (3.6115389887e-22 6.0362429766e-17)
    (3.7750532053e-22 6.0587722619e-17)
    (3.9459706091e-22 6.0824943924e-17)
    (4.1246263829e-22 6.1074817448e-17)
    (4.3113708854e-22 6.1337987737e-17)
    (4.5065703377e-22 6.1615029006e-17)
    (4.7106075420e-22 6.1906455270e-17)
    (4.9238826317e-22 6.2212731643e-17)
    (5.1468138568e-22 6.2534286736e-17)
    (5.3798384034e-22 6.2871526050e-17)
    (5.6234132519e-22 6.3224846259e-17)
    (5.8780160723e-22 6.3594650296e-17)
    (6.1441461614e-22 6.3981363164e-17)
    (6.4223254222e-22 6.4385448395e-17)
    (6.7130993868e-22 6.4807425119e-17)
    (7.0170382867e-22 6.5247885652e-17)
    (7.3347381708e-22 6.5705591210e-17)
    (7.6668220745e-22 6.6181450368e-17)
    (8.0139412415e-22 6.6683726000e-17)
    (8.3767764007e-22 6.7208912527e-17)
    (8.7560391014e-22 6.7758710286e-17)
    (9.1524731088e-22 6.8333625223e-17)
    (9.5668558622e-22 6.8939450312e-17)
    (1.0000000000e-21 6.9577741258e-17)
    (1.0452754953e-21 7.0252291805e-17)
    (1.0926008611e-21 7.0967678724e-17)
    (1.1420689063e-21 7.1725610687e-17)
    (1.1937766417e-21 7.2540526119e-17)
    (1.2478254705e-21 7.3416109564e-17)
    (1.3043213867e-21 7.4361416631e-17)
    (1.3633751836e-21 7.5386922301e-17)
    (1.4251026703e-21 7.6504599507e-17)
    (1.4896248996e-21 7.7727956737e-17)
    (1.5570684048e-21 7.9072019219e-17)
    (1.6275654480e-21 8.0553242335e-17)
    (1.7012542799e-21 8.2189345707e-17)
    (1.7782794100e-21 8.3991254654e-17)
    (1.8587918911e-21 8.5994198397e-17)
    (1.9429496147e-21 8.8210003016e-17)
    (2.0309176209e-21 9.0658262010e-17)
    (2.1228684221e-21 9.3357899365e-17)
    (2.2189823415e-21 9.6326663903e-17)
    (2.3194478661e-21 9.9580645281e-17)
    (2.4244620171e-21 1.0313386907e-16)
    (2.5342307358e-21 1.0699795956e-16)
    (2.6489692876e-21 1.1118196604e-16)
    (2.7689026842e-21 1.1569232212e-16)
    (2.8942661247e-21 1.2053295228e-16)
    (3.0253054571e-21 1.2570552690e-16)
    (3.1622776602e-21 1.3120983997e-16)
    (3.3054513476e-21 1.3704428338e-16)
    (3.4551072946e-21 1.4320638206e-16)
    (3.6115389887e-21 1.4969335280e-16)
    (3.7750532053e-21 1.5650265566e-16)
    (3.9459706091e-21 1.6363250564e-16)
    (4.1246263829e-21 1.7108232663e-16)
    (4.3113708854e-21 1.7885313394e-16)
    (4.5065703377e-21 1.8694784104e-16)
    (4.7106075420e-21 1.9537149294e-16)
    (4.9238826317e-21 2.0404276238e-16)
    (5.1468138568e-21 2.1311508940e-16)
    (5.3798384034e-21 2.2253380401e-16)
    (5.6234132519e-21 2.3231018848e-16)
    (5.8780160723e-21 2.4245734594e-16)
    (6.1441461614e-21 2.5299013597e-16)
    (6.4223254222e-21 2.6392512375e-16)
    (6.7130993868e-21 2.7528055877e-16)
    (7.0170382867e-21 2.8707636811e-16)
    (7.3347381708e-21 2.9933418542e-16)
    (7.6668220745e-21 3.1207741535e-16)
    (8.0139412415e-21 3.2533133580e-16)
    (8.3767764007e-21 3.3912323919e-16)
    (8.7560391014e-21 3.5348261263e-16)
    (9.1524731088e-21 3.6844135614e-16)
    (9.5668558622e-21 3.8403403695e-16)
    (1.0000000000e-20 4.0029817708e-16)
    (1.0452754953e-20 4.1727457014e-16)
    (1.0926008611e-20 4.3500762218e-16)
    (1.1420689063e-20 4.5354571101e-16)
    (1.1937766417e-20 4.7287977646e-16)
    (1.2478254705e-20 4.9316354164e-16)
    (1.3043213867e-20 5.1441502952e-16)
    (1.3633751836e-20 5.3669912440e-16)
    (1.4251026703e-20 5.6008582823e-16)
    (1.4896248996e-20 5.8465050626e-16)
    (1.5570684048e-20 6.1047411084e-16)
    (1.6275654480e-20 6.3764338212e-16)
    (1.7012542799e-20 6.6625102513e-16)
    (1.7782794100e-20 6.9639586462e-16)
    (1.8587918911e-20 7.2818297542e-16)
    (1.9429496147e-20 7.6156970086e-16)
    (2.0309176209e-20 7.9697343973e-16)
    (2.1228684221e-20 8.3437075181e-16)
    (2.2189823415e-20 8.7309351830e-16)
    (2.3194478661e-20 9.1489091398e-16)
    (2.4244620171e-20 9.5909600841e-16)
    (2.5342307358e-20 1.0058590823e-15)
    (2.6489692876e-20 1.0553363967e-15)
    (2.7689026842e-20 1.1059963772e-15)
    (2.8942661247e-20 1.1607320863e-15)
    (3.0253054571e-20 1.2193744665e-15)
    (3.1622776602e-20 1.2813919461e-15)
    (3.3054513476e-20 1.3460139358e-15)
    (3.4551072946e-20 1.4152750713e-15)
    (3.6115389887e-20 1.4883557571e-15)
    (3.7750532053e-20 1.5653635032e-15)
    (3.9459706091e-20 1.6434771838e-15)
    (4.1246263829e-20 1.7285869956e-15)
    (4.3113708854e-20 1.8176779814e-15)
    (4.5065703377e-20 1.9106319336e-15)
    (4.7106075420e-20 2.0072366807e-15)
    (4.9238826317e-20 2.1069008912e-15)
    (5.1468138568e-20 2.2096978352e-15)
    (5.3798384034e-20 2.3147896037e-15)
    (5.6234132519e-20 2.4214513405e-15)
    (5.8780160723e-20 2.5276351915e-15)
    (6.1441461614e-20 2.6347905121e-15)
    (6.4223254222e-20 2.7405190570e-15)
    (6.7130993868e-20 2.8436097695e-15)
    (7.0170382867e-20 2.9427958301e-15)
    (7.3347381708e-20 3.0316265456e-15)
    (7.6668220745e-20 3.1193408944e-15)
    (8.0139412415e-20 3.1994926309e-15)
    (8.3767764007e-20 3.2710549487e-15)
    (8.7560391014e-20 3.3331730388e-15)
    (9.1524731088e-20 3.3834783978e-15)
    (9.5668558622e-20 3.4250263733e-15)
    (1.0000000000e-19 3.4558510948e-15)
    (1.0452754953e-19 3.4759763443e-15)
    (1.0926008611e-19 3.4823190373e-15)
    (1.1420689063e-19 3.4822858285e-15)
    (1.1937766417e-19 3.4727106282e-15)
    (1.2478254705e-19 3.4542648025e-15)
    (1.3043213867e-19 3.4276994759e-15)
    (1.3633751836e-19 3.3931152851e-15)
    (1.4251026703e-19 3.3527846238e-15)
    (1.4896248996e-19 3.3067667510e-15)
    (1.5570684048e-19 3.2558406919e-15)
    (1.6275654480e-19 3.2007454997e-15)
    (1.7012542799e-19 3.1408660372e-15)
    (1.7782794100e-19 3.0795931763e-15)
    (1.8587918911e-19 3.0160295181e-15)
    (1.9429496147e-19 2.9506888166e-15)
    (2.0309176209e-19 2.8840263768e-15)
    (2.1228684221e-19 2.8164419120e-15)
    (2.2189823415e-19 2.7482833612e-15)
    (2.3194478661e-19 2.6798512648e-15)
    (2.4244620171e-19 2.6103650720e-15)
    (2.5342307358e-19 2.5422455464e-15)
    (2.6489692876e-19 2.4742969834e-15)
    (2.7689026842e-19 2.4071067664e-15)
    (2.8942661247e-19 2.3405774509e-15)
    (3.0253054571e-19 2.2748208541e-15)
    (3.1622776602e-19 2.2093126442e-15)
    (3.3054513476e-19 2.1454531101e-15)
    (3.4551072946e-19 2.0825861479e-15)
    (3.6115389887e-19 2.0180972060e-15)
    (3.7750532053e-19 1.9575167849e-15)
    (3.9459706091e-19 1.8980519488e-15)
    (4.1246263829e-19 1.8397292011e-15)
    (4.3113708854e-19 1.7825689076e-15)
    (4.5065703377e-19 1.7265861700e-15)
    (4.7106075420e-19 1.6724864675e-15)
    (4.9238826317e-19 1.6188552874e-15)
    (5.1468138568e-19 1.5664210259e-15)
    (5.3798384034e-19 1.5151835451e-15)
    (5.6234132519e-19 1.4650829719e-15)
    (5.8780160723e-19 1.4162193646e-15)
    (6.1441461614e-19 1.3685409913e-15)
    (6.4223254222e-19 1.2081340263e-15)
    (6.7130993868e-19 1.1586853218e-15)
    (7.0170382867e-19 1.1116243256e-15)
    (7.3347381708e-19 1.0659196781e-15)
    (7.6668220745e-19 1.0215647258e-15)
    (8.0139412415e-19 9.7950092576e-16)
    (8.3767764007e-19 9.3775082955e-16)
    (8.7560391014e-19 8.9630452177e-16)
    (9.1524731088e-19 8.5732414413e-16)
    (9.5668558622e-19 8.1963113384e-16)
    (1.0000000000e-18 7.8334535390e-16)
    (1.0452754953e-18 7.4813764260e-16)
    (1.0926008611e-18 7.1416292770e-16)
    (1.1420689063e-18 6.8135184957e-16)
    (1.1937766417e-18 6.4976508317e-16)
    (1.2478254705e-18 6.1933737172e-16)
    (1.3043213867e-18 5.9003903265e-16)
    (1.3633751836e-18 5.6105197544e-16)
    (1.4251026703e-18 5.3403786267e-16)
    (1.4896248996e-18 5.0806269663e-16)
    (1.5570684048e-18 4.8363671459e-16)
    (1.6275654480e-18 4.5958764298e-16)
    (1.7012542799e-18 4.3650916437e-16)
    (1.7782794100e-18 4.1436223635e-16)
    (1.8587918911e-18 3.9333945348e-16)
    (1.9429496147e-18 3.7297302143e-16)
    (2.0309176209e-18 3.5346106449e-16)
    (2.1228684221e-18 3.3421778923e-16)
    (2.2189823415e-18 3.1645695915e-16)
    (2.3194478661e-18 2.9945778206e-16)
    (2.4244620171e-18 2.8300201693e-16)
    (2.5342307358e-18 2.6753132659e-16)
    (2.6489692876e-18 2.5295370417e-16)
    (2.7689026842e-18 2.3828071220e-16)
    (2.8942661247e-18 2.2535172087e-16)
    (3.0253054571e-18 2.1265172765e-16)
    (3.1622776602e-18 1.9977804059e-16)
    (3.3054513476e-18 1.8871119706e-16)
    (3.4551072946e-18 1.7723268611e-16)
    (3.6115389887e-18 1.6696634978e-16)
    (3.7750532053e-18 1.5691141390e-16)
    (3.9459706091e-18 1.4736098648e-16)
    (4.1246263829e-18 1.3819449179e-16)
    (4.3113708854e-18 1.2985402542e-16)
    (4.5065703377e-18 1.2155658806e-16)
    (4.7106075420e-18 1.1394284795e-16)
    (4.9238826317e-18 1.0666423550e-16)
    (5.1468138568e-18 9.9753947730e-17)
    (5.3798384034e-18 9.3236651858e-17)
    (5.6234132519e-18 8.7126867479e-17)
    (5.8780160723e-18 8.1294829399e-17)
    (6.1441461614e-18 7.5787471412e-17)
    (6.4223254222e-18 7.0587439499e-17)
    (6.7130993868e-18 6.5678466710e-17)
    (7.0170382867e-18 6.1087251080e-17)
    (7.3347381708e-18 5.6724268840e-17)
    (7.6668220745e-18 5.2750266166e-17)
    (8.0139412415e-18 4.8892086342e-17)
    (8.3767764007e-18 4.5259195389e-17)
    (8.7560391014e-18 4.1691796572e-17)
    (9.1524731088e-18 3.8434943808e-17)
    (9.5668558622e-18 3.5495917634e-17)
    (1.0000000000e-17 3.2532495249e-17)
);
