// k[EI_N2_EXC_N2_A1] [m^3/s] vs reducedE [V m^2]; air_plasma [94c490be646f8872], T_gas = 300.000000 K
(
    (0 0.0000000000e+00)
    (1.0000000000e-22 0.0000000000e+00)
    (1.0452754953e-22 0.0000000000e+00)
    (1.0926008611e-22 0.0000000000e+00)
    (1.1420689063e-22 0.0000000000e+00)
    (1.1937766417e-22 0.0000000000e+00)
    (1.2478254705e-22 0.0000000000e+00)
    (1.3043213867e-22 0.0000000000e+00)
    (1.3633751836e-22 0.0000000000e+00)
    (1.4251026703e-22 0.0000000000e+00)
    (1.4896248996e-22 0.0000000000e+00)
    (1.5570684048e-22 0.0000000000e+00)
    (1.6275654480e-22 0.0000000000e+00)
    (1.7012542799e-22 0.0000000000e+00)
    (1.7782794100e-22 0.0000000000e+00)
    (1.8587918911e-22 0.0000000000e+00)
    (1.9429496147e-22 0.0000000000e+00)
    (2.0309176209e-22 0.0000000000e+00)
    (2.1228684221e-22 0.0000000000e+00)
    (2.2189823415e-22 0.0000000000e+00)
    (2.3194478661e-22 0.0000000000e+00)
    (2.4244620171e-22 0.0000000000e+00)
    (2.5342307358e-22 0.0000000000e+00)
    (2.6489692876e-22 0.0000000000e+00)
    (2.7689026842e-22 0.0000000000e+00)
    (2.8942661247e-22 0.0000000000e+00)
    (3.0253054571e-22 0.0000000000e+00)
    (3.1622776602e-22 0.0000000000e+00)
    (3.3054513476e-22 0.0000000000e+00)
    (3.4551072946e-22 0.0000000000e+00)
    (3.6115389887e-22 0.0000000000e+00)
    (3.7750532053e-22 0.0000000000e+00)
    (3.9459706091e-22 0.0000000000e+00)
    (4.1246263829e-22 0.0000000000e+00)
    (4.3113708854e-22 0.0000000000e+00)
    (4.5065703377e-22 0.0000000000e+00)
    (4.7106075420e-22 0.0000000000e+00)
    (4.9238826317e-22 0.0000000000e+00)
    (5.1468138568e-22 0.0000000000e+00)
    (5.3798384034e-22 0.0000000000e+00)
    (5.6234132519e-22 0.0000000000e+00)
    (5.8780160723e-22 0.0000000000e+00)
    (6.1441461614e-22 0.0000000000e+00)
    (6.4223254222e-22 0.0000000000e+00)
    (6.7130993868e-22 0.0000000000e+00)
    (7.0170382867e-22 0.0000000000e+00)
    (7.3347381708e-22 0.0000000000e+00)
    (7.6668220745e-22 0.0000000000e+00)
    (8.0139412415e-22 0.0000000000e+00)
    (8.3767764007e-22 0.0000000000e+00)
    (8.7560391014e-22 0.0000000000e+00)
    (9.1524731088e-22 0.0000000000e+00)
    (9.5668558622e-22 0.0000000000e+00)
    (1.0000000000e-21 0.0000000000e+00)
    (1.0452754953e-21 0.0000000000e+00)
    (1.0926008611e-21 0.0000000000e+00)
    (1.1420689063e-21 0.0000000000e+00)
    (1.1937766417e-21 0.0000000000e+00)
    (1.2478254705e-21 0.0000000000e+00)
    (1.3043213867e-21 0.0000000000e+00)
    (1.3633751836e-21 0.0000000000e+00)
    (1.4251026703e-21 0.0000000000e+00)
    (1.4896248996e-21 0.0000000000e+00)
    (1.5570684048e-21 0.0000000000e+00)
    (1.6275654480e-21 0.0000000000e+00)
    (1.7012542799e-21 0.0000000000e+00)
    (1.7782794100e-21 0.0000000000e+00)
    (1.8587918911e-21 0.0000000000e+00)
    (1.9429496147e-21 0.0000000000e+00)
    (2.0309176209e-21 0.0000000000e+00)
    (2.1228684221e-21 0.0000000000e+00)
    (2.2189823415e-21 0.0000000000e+00)
    (2.3194478661e-21 0.0000000000e+00)
    (2.4244620171e-21 0.0000000000e+00)
    (2.5342307358e-21 0.0000000000e+00)
    (2.6489692876e-21 0.0000000000e+00)
    (2.7689026842e-21 0.0000000000e+00)
    (2.8942661247e-21 0.0000000000e+00)
    (3.0253054571e-21 0.0000000000e+00)
    (3.1622776602e-21 0.0000000000e+00)
    (3.3054513476e-21 0.0000000000e+00)
    (3.4551072946e-21 0.0000000000e+00)
    (3.6115389887e-21 0.0000000000e+00)
    (3.7750532053e-21 0.0000000000e+00)
    (3.9459706091e-21 0.0000000000e+00)
    (4.1246263829e-21 0.0000000000e+00)
    (4.3113708854e-21 0.0000000000e+00)
    (4.5065703377e-21 0.0000000000e+00)
    (4.7106075420e-21 0.0000000000e+00)
    (4.9238826317e-21 0.0000000000e+00)
    (5.1468138568e-21 0.0000000000e+00)
    (5.3798384034e-21 0.0000000000e+00)
    (5.6234132519e-21 0.0000000000e+00)
    (5.8780160723e-21 0.0000000000e+00)
    (6.1441461614e-21 0.0000000000e+00)
    (6.4223254222e-21 0.0000000000e+00)
    (6.7130993868e-21 0.0000000000e+00)
    (7.0170382867e-21 0.0000000000e+00)
    (7.3347381708e-21 0.0000000000e+00)
    (7.6668220745e-21 0.0000000000e+00)
    (8.0139412415e-21 0.0000000000e+00)
    (8.3767764007e-21 0.0000000000e+00)
    (8.7560391014e-21 0.0000000000e+00)
    (9.1524731088e-21 0.0000000000e+00)
    (9.5668558622e-21 0.0000000000e+00)
    (1.0000000000e-20 0.0000000000e+00)
    (1.0452754953e-20 0.0000000000e+00)
    (1.0926008611e-20 0.0000000000e+00)
    (1.1420689063e-20 0.0000000000e+00)
    (1.1937766417e-20 0.0000000000e+00)
    (1.2478254705e-20 0.0000000000e+00)
    (1.3043213867e-20 0.0000000000e+00)
    (1.3633751836e-20 0.0000000000e+00)
    (1.4251026703e-20 0.0000000000e+00)
    (1.4896248996e-20 0.0000000000e+00)
    (1.5570684048e-20 0.0000000000e+00)
    (1.6275654480e-20 0.0000000000e+00)
    (1.7012542799e-20 0.0000000000e+00)
    (1.7782794100e-20 0.0000000000e+00)
    (1.8587918911e-20 0.0000000000e+00)
    (1.9429496147e-20 0.0000000000e+00)
    (2.0309176209e-20 0.0000000000e+00)
    (2.1228684221e-20 0.0000000000e+00)
    (2.2189823415e-20 0.0000000000e+00)
    (2.3194478661e-20 0.0000000000e+00)
    (2.4244620171e-20 0.0000000000e+00)
    (2.5342307358e-20 0.0000000000e+00)
    (2.6489692876e-20 0.0000000000e+00)
    (2.7689026842e-20 4.9343054393e-22)
    (2.8942661247e-20 1.4215544345e-21)
    (3.0253054571e-20 2.5771548753e-21)
    (3.1622776602e-20 4.5632920125e-21)
    (3.3054513476e-20 8.3199903066e-21)
    (3.4551072946e-20 1.4175378152e-20)
    (3.6115389887e-20 2.3657138275e-20)
    (3.7750532053e-20 3.8705833489e-20)
    (3.9459706091e-20 6.2401064293e-20)
    (4.1246263829e-20 9.8284657268e-20)
    (4.3113708854e-20 1.5212387957e-19)
    (4.5065703377e-20 2.3152513450e-19)
    (4.7106075420e-20 3.4668523413e-19)
    (4.9238826317e-20 5.1495060717e-19)
    (5.1468138568e-20 7.4686990016e-19)
    (5.3798384034e-20 1.0674660532e-18)
    (5.6234132519e-20 1.5040753589e-18)
    (5.8780160723e-20 2.0972766897e-18)
    (6.1441461614e-20 2.8738608344e-18)
    (6.4223254222e-20 3.8866893595e-18)
    (6.7130993868e-20 5.1896962685e-18)
    (7.0170382867e-20 6.8437730650e-18)
    (7.3347381708e-20 8.9365847241e-18)
    (7.6668220745e-20 1.1500800701e-17)
    (8.0139412415e-20 1.4633664180e-17)
    (8.3767764007e-20 1.8416510084e-17)
    (8.7560391014e-20 2.2932965892e-17)
    (9.1524731088e-20 2.8331954381e-17)
    (9.5668558622e-20 3.4572150786e-17)
    (1.0000000000e-19 4.1796882878e-17)
    (1.0452754953e-19 5.0086779570e-17)
    (1.0926008611e-19 5.9540486818e-17)
    (1.1420689063e-19 7.0190417384e-17)
    (1.1937766417e-19 8.2128899624e-17)
    (1.2478254705e-19 9.5423697554e-17)
    (1.3043213867e-19 1.1013916201e-16)
    (1.3633751836e-19 1.2640634308e-16)
    (1.4251026703e-19 1.4413086234e-16)
    (1.4896248996e-19 1.6344808084e-16)
    (1.5570684048e-19 1.8440874092e-16)
    (1.6275654480e-19 2.0705971365e-16)
    (1.7012542799e-19 2.3147532142e-16)
    (1.7782794100e-19 2.5762159954e-16)
    (1.8587918911e-19 2.8557122226e-16)
    (1.9429496147e-19 3.1535091968e-16)
    (2.0309176209e-19 3.4698091290e-16)
    (2.1228684221e-19 3.8047431915e-16)
    (2.2189823415e-19 4.1583658607e-16)
    (2.3194478661e-19 4.5306501101e-16)
    (2.4244620171e-19 4.9207735236e-16)
    (2.5342307358e-19 5.3299582121e-16)
    (2.6489692876e-19 5.7567493640e-16)
    (2.7689026842e-19 6.2017164339e-16)
    (2.8942661247e-19 6.6639672599e-16)
    (3.0253054571e-19 7.1429552411e-16)
    (3.1622776602e-19 7.6375959676e-16)
    (3.3054513476e-19 8.1480431603e-16)
    (3.4551072946e-19 8.6731913483e-16)
    (3.6115389887e-19 9.2157261592e-16)
    (3.7750532053e-19 9.7676006028e-16)
    (3.9459706091e-19 1.0331606668e-15)
    (4.1246263829e-19 1.0906804056e-15)
    (4.3113708854e-19 1.1492222122e-15)
    (4.5065703377e-19 1.2086866032e-15)
    (4.7106075420e-19 1.2685564048e-15)
    (4.9238826317e-19 1.3295651810e-15)
    (5.1468138568e-19 1.3911895063e-15)
    (5.3798384034e-19 1.4533239679e-15)
    (5.6234132519e-19 1.5155788208e-15)
    (5.8780160723e-19 1.5784197874e-15)
    (6.1441461614e-19 1.6414561624e-15)
    (6.4223254222e-19 1.8395932774e-15)
    (6.7130993868e-19 1.9100936215e-15)
    (7.0170382867e-19 1.9805543925e-15)
    (7.3347381708e-19 2.0505828204e-15)
    (7.6668220745e-19 2.1200176738e-15)
    (8.0139412415e-19 2.1883995855e-15)
    (8.3767764007e-19 2.2561199310e-15)
    (8.7560391014e-19 2.3221787082e-15)
    (9.1524731088e-19 2.3876064669e-15)
    (9.5668558622e-19 2.4516406895e-15)
    (1.0000000000e-18 2.5137876167e-15)
    (1.0452754953e-18 2.5745942615e-15)
    (1.0926008611e-18 2.6335714448e-15)
    (1.1420689063e-18 2.6903375407e-15)
    (1.1937766417e-18 2.7452438820e-15)
    (1.2478254705e-18 2.7979318567e-15)
    (1.3043213867e-18 2.8482855649e-15)
    (1.3633751836e-18 2.8953831712e-15)
    (1.4251026703e-18 2.9407822205e-15)
    (1.4896248996e-18 2.9835304817e-15)
    (1.5570684048e-18 3.0227402707e-15)
    (1.6275654480e-18 3.0599722693e-15)
    (1.7012542799e-18 3.0943092685e-15)
    (1.7782794100e-18 3.1256783967e-15)
    (1.8587918911e-18 3.1534413213e-15)
    (1.9429496147e-18 3.1787719123e-15)
    (2.0309176209e-18 3.2009890385e-15)
    (2.1228684221e-18 3.2195908061e-15)
    (2.2189823415e-18 3.2355755715e-15)
    (2.3194478661e-18 3.2483791879e-15)
    (2.4244620171e-18 3.2573790534e-15)
    (2.5342307358e-18 3.2639764275e-15)
    (2.6489692876e-18 3.2664783307e-15)
    (2.7689026842e-18 3.2603646418e-15)
    (2.8942661247e-18 3.2643455101e-15)
    (3.0253054571e-18 3.2578637031e-15)
    (3.1622776602e-18 3.2432244090e-15)
    (3.3054513476e-18 3.2378808173e-15)
    (3.4551072946e-18 3.2186564055e-15)
    (3.6115389887e-18 3.2058895324e-15)
    (3.7750532053e-18 3.1852086694e-15)
    (3.9459706091e-18 3.1567632139e-15)
    (4.1246263829e-18 3.1373750672e-15)
    (4.3113708854e-18 3.1060373643e-15)
    (4.5065703377e-18 3.0805543348e-15)
    (4.7106075420e-18 3.0478695694e-15)
    (4.9238826317e-18 3.0139111243e-15)
    (5.1468138568e-18 2.9769838010e-15)
    (5.3798384034e-18 2.9390457796e-15)
    (5.6234132519e-18 2.8983134095e-15)
    (5.8780160723e-18 2.8568104674e-15)
    (6.1441461614e-18 2.8128510663e-15)
    (6.4223254222e-18 2.7681591579e-15)
    (6.7130993868e-18 2.7219250741e-15)
    (7.0170382867e-18 2.6735795833e-15)
    (7.3347381708e-18 2.6248148678e-15)
    (7.6668220745e-18 2.5692872129e-15)
    (8.0139412415e-18 2.5165886313e-15)
    (8.3767764007e-18 2.4656863575e-15)
    (8.7560391014e-18 2.4179175441e-15)
    (9.1524731088e-18 2.3579775109e-15)
    (9.5668558622e-18 2.3099120746e-15)
    (1.0000000000e-17 2.2489808041e-15)
);
