// k[EI_N2_EXC_N2_V5] [m^3/s] vs mean energy [eV]; air_plasma [94c490be646f8872], T_gas = 300.000000 K
(
    (0 0.0000000000e+00)
    (1.3716736877e-01 0.0000000000e+00)
    (1.4076967004e-01 0.0000000000e+00)
    (1.4397591983e-01 0.0000000000e+00)
    (1.4684102077e-01 0.0000000000e+00)
    (1.4941193350e-01 0.0000000000e+00)
    (1.5172852860e-01 0.0000000000e+00)
    (1.5382471337e-01 0.0000000000e+00)
    (1.5572953486e-01 0.0000000000e+00)
    (1.5746814299e-01 0.0000000000e+00)
    (1.5906258451e-01 0.0000000000e+00)
    (1.6040177321e-01 0.0000000000e+00)
    (1.6189529828e-01 0.0000000000e+00)
    (1.6316717670e-01 0.0000000000e+00)
    (1.6436277106e-01 0.0000000000e+00)
    (1.6549569504e-01 0.0000000000e+00)
    (1.6657864137e-01 0.0000000000e+00)
    (1.6762350584e-01 0.0000000000e+00)
    (1.6865351356e-01 0.0000000000e+00)
    (1.6965530759e-01 0.0000000000e+00)
    (1.7065088677e-01 0.0000000000e+00)
    (1.7163694874e-01 0.0000000000e+00)
    (1.7264754568e-01 0.0000000000e+00)
    (1.7367870384e-01 0.0000000000e+00)
    (1.7473842382e-01 0.0000000000e+00)
    (1.7583425455e-01 0.0000000000e+00)
    (1.7697330632e-01 0.0000000000e+00)
    (1.7816226381e-01 0.0000000000e+00)
    (1.7940739973e-01 0.0000000000e+00)
    (1.8071459251e-01 0.0000000000e+00)
    (1.8208934620e-01 0.0000000000e+00)
    (1.8353681581e-01 0.0000000000e+00)
    (1.8506183817e-01 0.0000000000e+00)
    (1.8666896889e-01 0.0000000000e+00)
    (1.8836252602e-01 0.0000000000e+00)
    (1.9014664040e-01 0.0000000000e+00)
    (1.9202531289e-01 0.0000000000e+00)
    (1.9400247796e-01 0.0000000000e+00)
    (1.9608207355e-01 0.0000000000e+00)
    (1.9826811637e-01 0.0000000000e+00)
    (2.0056478234e-01 0.0000000000e+00)
    (2.0297649148e-01 0.0000000000e+00)
    (2.0550799658e-01 0.0000000000e+00)
    (2.0816447512e-01 0.0000000000e+00)
    (2.1095162348e-01 0.0000000000e+00)
    (2.1387575250e-01 0.0000000000e+00)
    (2.1694252519e-01 0.0000000000e+00)
    (2.2014784268e-01 0.0000000000e+00)
    (2.2353442384e-01 0.0000000000e+00)
    (2.2709473824e-01 0.0000000000e+00)
    (2.3084124291e-01 0.0000000000e+00)
    (2.3479830546e-01 0.0000000000e+00)
    (2.3896127860e-01 0.0000000000e+00)
    (2.4336008158e-01 0.0000000000e+00)
    (2.4801609114e-01 0.0000000000e+00)
    (2.5295357748e-01 0.0000000000e+00)
    (2.5819912151e-01 0.0000000000e+00)
    (2.6378573470e-01 0.0000000000e+00)
    (2.6974624072e-01 0.0000000000e+00)
    (2.7611826438e-01 0.0000000000e+00)
    (2.8294267020e-01 0.0000000000e+00)
    (2.9026318406e-01 0.0000000000e+00)
    (2.9812578117e-01 0.0000000000e+00)
    (3.0657780390e-01 0.0000000000e+00)
    (3.1566679772e-01 0.0000000000e+00)
    (3.2543906532e-01 0.0000000000e+00)
    (3.3590884834e-01 0.0000000000e+00)
    (3.4717220621e-01 0.0000000000e+00)
    (3.5923181777e-01 0.0000000000e+00)
    (3.7211011301e-01 0.0000000000e+00)
    (3.8581857835e-01 0.0000000000e+00)
    (4.0035607801e-01 0.0000000000e+00)
    (4.1570758173e-01 0.0000000000e+00)
    (4.3184341715e-01 0.0000000000e+00)
    (4.4871913847e-01 0.0000000000e+00)
    (4.6627605897e-01 0.0000000000e+00)
    (4.8444243519e-01 0.0000000000e+00)
    (5.0313523891e-01 0.0000000000e+00)
    (5.2226241062e-01 0.0000000000e+00)
    (5.4172544282e-01 0.0000000000e+00)
    (5.6142213216e-01 0.0000000000e+00)
    (5.8124933256e-01 0.0000000000e+00)
    (6.0110555710e-01 0.0000000000e+00)
    (6.2089330726e-01 0.0000000000e+00)
    (6.4052103707e-01 0.0000000000e+00)
    (6.5990470387e-01 0.0000000000e+00)
    (6.7896888897e-01 0.0000000000e+00)
    (6.9764750311e-01 0.0000000000e+00)
    (7.1588411412e-01 0.0000000000e+00)
    (7.3358636508e-01 2.4095782727e-22)
    (7.5079956951e-01 4.2204714655e-22)
    (7.6745533679e-01 7.3028550200e-22)
    (7.8353256295e-01 1.2451880368e-21)
    (7.9901751861e-01 2.0913692241e-21)
    (8.1390305888e-01 3.4549004610e-21)
    (8.2818781969e-01 5.6083811334e-21)
    (8.4187543085e-01 8.9500428754e-21)
    (8.5497376287e-01 1.4047480119e-20)
    (8.6749422815e-01 2.1695261894e-20)
    (8.7945114297e-01 3.2987080424e-20)
    (8.9086115759e-01 4.9404066995e-20)
    (9.0174275648e-01 7.2920980572e-20)
    (9.1211582875e-01 1.0613157564e-19)
    (9.2200130648e-01 1.5239395252e-19)
    (9.3142086729e-01 2.1599603564e-19)
    (9.4039669615e-01 3.0234051761e-19)
    (9.4895130096e-01 4.1814766261e-19)
    (9.5710737510e-01 5.7167335638e-19)
    (9.6488770191e-01 7.7293829517e-19)
    (9.7229590192e-01 1.0265436171e-18)
    (9.7938516542e-01 1.3593005626e-18)
    (9.8616492913e-01 1.7828989689e-18)
    (9.9265725317e-01 2.3173385173e-18)
    (9.9888404860e-01 2.9858893861e-18)
    (1.0048670852e+00 3.8154082861e-18)
    (1.0106280054e+00 4.8366497072e-18)
    (1.0161883420e+00 6.0845659988e-18)
    (1.0215695391e+00 7.5985893848e-18)
    (1.0267929757e+00 9.4228881537e-18)
    (1.0318799893e+00 1.1606590248e-17)
    (1.0368231641e+00 1.4203061423e-17)
    (1.0417033534e+00 1.7270593860e-17)
    (1.0465120896e+00 2.0874826029e-17)
    (1.0510868798e+00 2.5223724517e-17)
    (1.0558591901e+00 3.0122581104e-17)
    (1.0606532011e+00 3.5782627122e-17)
    (1.0655074194e+00 4.2288770695e-17)
    (1.0704684867e+00 4.9730419518e-17)
    (1.0751997672e+00 5.8469416249e-17)
    (1.0804337616e+00 6.8219309629e-17)
    (1.0860944535e+00 7.9040795726e-17)
    (1.0921800381e+00 9.1183977272e-17)
    (1.0986620877e+00 1.0494938766e-16)
    (1.1060807526e+00 1.2003568769e-16)
    (1.1144567561e+00 1.3673474728e-16)
    (1.1240549775e+00 1.5513311834e-16)
    (1.1350476809e+00 1.7522321374e-16)
    (1.1481500995e+00 1.9721406715e-16)
    (1.1636258812e+00 2.2108301719e-16)
    (1.1819885899e+00 2.4684693218e-16)
    (1.2038177966e+00 2.7449200438e-16)
    (1.2301634388e+00 3.0459627892e-16)
    (1.2609969543e+00 3.3579922841e-16)
    (1.2973623006e+00 3.6859460980e-16)
    (1.3400043215e+00 4.0279011994e-16)
    (1.3902463429e+00 4.3794117436e-16)
    (1.4476740785e+00 4.7414141418e-16)
    (1.5134371384e+00 5.1084863123e-16)
    (1.5880617826e+00 5.4766989381e-16)
    (1.6719409929e+00 5.8417865856e-16)
    (1.7660607105e+00 6.1973268020e-16)
    (1.8689224005e+00 6.5421113353e-16)
    (1.9811674964e+00 6.8704451452e-16)
    (2.1024762198e+00 7.1782149778e-16)
    (2.2323544675e+00 7.4617453387e-16)
    (2.3723894726e+00 7.7182021483e-16)
    (2.5173051541e+00 7.9443055555e-16)
    (2.6685098823e+00 8.1389407823e-16)
    (2.8251127843e+00 8.3011395789e-16)
    (2.9864403845e+00 8.4269074491e-16)
    (3.1511716903e+00 8.5246646214e-16)
    (3.3187345263e+00 8.5910596858e-16)
    (3.4884072284e+00 8.6275482553e-16)
    (3.6595680228e+00 8.6359578876e-16)
    (3.8329812660e+00 8.6208012278e-16)
    (4.0054036492e+00 8.5791567605e-16)
    (4.1781426573e+00 8.5162061159e-16)
    (4.3510158689e+00 8.4342790576e-16)
    (4.5239369983e+00 8.3356534244e-16)
    (4.6971621121e+00 8.2194788131e-16)
    (4.8701409953e+00 8.0941408400e-16)
    (5.0433978978e+00 7.9582246234e-16)
    (5.2171246267e+00 7.8134698497e-16)
    (5.3915564382e+00 7.6614524071e-16)
    (5.5669629670e+00 7.5035862435e-16)
    (5.7436400435e+00 7.3411295167e-16)
    (5.9219025871e+00 7.1751936679e-16)
    (6.1010979376e+00 7.0041430753e-16)
    (6.2835570479e+00 6.8343602793e-16)
    (6.4679920423e+00 6.6663126511e-16)
    (6.6560078497e+00 6.4950137766e-16)
    (6.8473428104e+00 6.3239821229e-16)
    (7.0423340172e+00 6.1536951762e-16)
    (7.2409465159e+00 5.9835096680e-16)
    (7.4442081970e+00 5.8160863497e-16)
    (7.6521663603e+00 5.6504319123e-16)
    (7.8676105910e+00 5.4794927349e-16)
    (8.0858487204e+00 5.3184659923e-16)
    (8.3098278044e+00 5.1598595255e-16)
    (8.5398932950e+00 5.0038237838e-16)
    (8.7763949131e+00 4.8504838984e-16)
    (9.0196879697e+00 4.6999428956e-16)
    (9.2670974766e+00 4.5546807547e-16)
    (9.5251096885e+00 4.4098379057e-16)
    (9.7910839770e+00 4.2679977274e-16)
    (1.0065371630e+01 4.1291971712e-16)
    (1.0346344593e+01 3.9912048383e-16)
    (1.0638438926e+01 3.8587453330e-16)
    (1.0940187398e+01 3.7293585408e-16)
    (1.1925355136e+01 3.2904219087e-16)
    (1.2308824412e+01 3.1579326773e-16)
    (1.2709276652e+01 3.0296044925e-16)
    (1.3126439691e+01 2.9049352796e-16)
    (1.3561263285e+01 2.7839177229e-16)
    (1.4012493747e+01 2.6694543125e-16)
    (1.4484291915e+01 2.5554584868e-16)
    (1.4973992379e+01 2.4422780497e-16)
    (1.5487666223e+01 2.3358631889e-16)
    (1.6023909695e+01 2.2329615386e-16)
    (1.6583468512e+01 2.1334107145e-16)
    (1.7168941463e+01 2.0373427527e-16)
    (1.7781023451e+01 1.9446461496e-16)
    (1.8422151615e+01 1.8568401127e-16)
    (1.9092649339e+01 1.7704686113e-16)
    (1.9794733945e+01 1.6872913677e-16)
    (2.0530664058e+01 1.6072251215e-16)
    (2.1299508263e+01 1.5268846602e-16)
    (2.2109288431e+01 1.4532544905e-16)
    (2.2959485968e+01 1.3824633757e-16)
    (2.3850104879e+01 1.3159786239e-16)
    (2.4788921536e+01 1.2504406759e-16)
    (2.5776295005e+01 1.1875568595e-16)
    (2.6817698048e+01 1.1272199453e-16)
    (2.7909067436e+01 1.0703563492e-16)
    (2.9061538888e+01 1.0148263838e-16)
    (3.0279874265e+01 9.6163859056e-17)
    (3.1556757395e+01 9.0929863738e-17)
    (3.2908931845e+01 8.6089153586e-17)
    (3.4342348823e+01 8.1457049739e-17)
    (3.5842127009e+01 7.6958441227e-17)
    (3.7437719791e+01 7.2747083467e-17)
    (3.9117090489e+01 6.8778828255e-17)
    (4.0644106575e+01 6.4795326691e-17)
    (4.2796040127e+01 6.1267942207e-17)
    (4.4789131155e+01 5.7816496906e-17)
    (4.6589221150e+01 5.4335001769e-17)
    (4.9179324484e+01 5.1302187303e-17)
    (5.1201199815e+01 4.8196144039e-17)
    (5.4099126670e+01 4.5384691996e-17)
    (5.6778858337e+01 4.2648266576e-17)
    (5.9117854096e+01 4.0062772848e-17)
    (6.2718461942e+01 3.7560108786e-17)
    (6.5410085846e+01 3.5300508981e-17)
    (6.9496742822e+01 3.3036435803e-17)
    (7.3180976752e+01 3.0968646258e-17)
    (7.7182577491e+01 2.8989675354e-17)
    (8.1420085225e+01 2.7114532686e-17)
    (8.6011788405e+01 2.5342205407e-17)
    (9.0867763137e+01 2.3681678903e-17)
    (9.6165388139e+01 2.2095890821e-17)
    (1.0177823578e+02 2.0598236000e-17)
    (1.0792309375e+02 1.9184570848e-17)
    (1.1458604701e+02 1.7850088902e-17)
    (1.2160542734e+02 1.6601232910e-17)
    (1.2939531717e+02 1.5415422593e-17)
    (1.3542361118e+02 1.4334488685e-17)
    (1.4388362195e+02 1.3286057292e-17)
    (1.5371740495e+02 1.2298846458e-17)
    (1.6736124994e+02 1.1329432620e-17)
    (1.7556818514e+02 1.0444407340e-17)
    (1.9180551086e+02 9.6457490488e-18)
    (2.0148427830e+02 8.8404612706e-18)
);
