// k[EI_N_EXC_N_2D] [m^3/s] vs mean energy [eV]; air_plasma [94c490be646f8872], T_gas = 300.000000 K
(
    (0 0.0000000000e+00)
    (1.3716749438e-01 0.0000000000e+00)
    (1.4076979314e-01 0.0000000000e+00)
    (1.4397604008e-01 0.0000000000e+00)
    (1.4684113805e-01 0.0000000000e+00)
    (1.4941204783e-01 0.0000000000e+00)
    (1.5172864004e-01 0.0000000000e+00)
    (1.5382482203e-01 0.0000000000e+00)
    (1.5572964088e-01 0.0000000000e+00)
    (1.5746824649e-01 0.0000000000e+00)
    (1.5906268561e-01 0.0000000000e+00)
    (1.6040186980e-01 0.0000000000e+00)
    (1.6189539494e-01 0.0000000000e+00)
    (1.6316727128e-01 0.0000000000e+00)
    (1.6436286366e-01 0.0000000000e+00)
    (1.6549578572e-01 0.0000000000e+00)
    (1.6657873020e-01 0.0000000000e+00)
    (1.6762359287e-01 0.0000000000e+00)
    (1.6865359887e-01 0.0000000000e+00)
    (1.6965539117e-01 0.0000000000e+00)
    (1.7065096866e-01 0.0000000000e+00)
    (1.7163702901e-01 0.0000000000e+00)
    (1.7264762429e-01 0.0000000000e+00)
    (1.7367878080e-01 0.0000000000e+00)
    (1.7473849913e-01 0.0000000000e+00)
    (1.7583432821e-01 0.0000000000e+00)
    (1.7697337833e-01 0.0000000000e+00)
    (1.7816233417e-01 0.0000000000e+00)
    (1.7940746844e-01 0.0000000000e+00)
    (1.8071465956e-01 0.0000000000e+00)
    (1.8208941158e-01 0.0000000000e+00)
    (1.8353687952e-01 0.0000000000e+00)
    (1.8506190021e-01 0.0000000000e+00)
    (1.8666902928e-01 0.0000000000e+00)
    (1.8836258474e-01 0.0000000000e+00)
    (1.9014669747e-01 0.0000000000e+00)
    (1.9202536831e-01 0.0000000000e+00)
    (1.9400253175e-01 0.0000000000e+00)
    (1.9608212573e-01 0.0000000000e+00)
    (1.9826816696e-01 0.0000000000e+00)
    (2.0056483136e-01 0.0000000000e+00)
    (2.0297653896e-01 0.0000000000e+00)
    (2.0550804255e-01 0.0000000000e+00)
    (2.0816451961e-01 0.0000000000e+00)
    (2.1095166654e-01 0.0000000000e+00)
    (2.1387579417e-01 0.0000000000e+00)
    (2.1694256551e-01 0.0000000000e+00)
    (2.2014788174e-01 0.0000000000e+00)
    (2.2353446165e-01 0.0000000000e+00)
    (2.2709477487e-01 0.0000000000e+00)
    (2.3084127841e-01 0.0000000000e+00)
    (2.3479833990e-01 0.0000000000e+00)
    (2.3896131204e-01 0.0000000000e+00)
    (2.4336011410e-01 0.0000000000e+00)
    (2.4801612280e-01 0.0000000000e+00)
    (2.5295360836e-01 0.0000000000e+00)
    (2.5819915170e-01 0.0000000000e+00)
    (2.6378576428e-01 0.0000000000e+00)
    (2.6974626976e-01 0.0000000000e+00)
    (2.7611829297e-01 0.0000000000e+00)
    (2.8294269841e-01 0.0000000000e+00)
    (2.9026321198e-01 0.0000000000e+00)
    (2.9812580887e-01 0.0000000000e+00)
    (3.0657783145e-01 0.0000000000e+00)
    (3.1566682518e-01 0.0000000000e+00)
    (3.2543909275e-01 0.0000000000e+00)
    (3.3590887576e-01 0.0000000000e+00)
    (3.4717223366e-01 0.0000000000e+00)
    (3.5923184525e-01 0.0000000000e+00)
    (3.7211014051e-01 0.0000000000e+00)
    (3.8581860584e-01 0.0000000000e+00)
    (4.0035610545e-01 0.0000000000e+00)
    (4.1570760906e-01 0.0000000000e+00)
    (4.3184344429e-01 0.0000000000e+00)
    (4.4871916534e-01 0.0000000000e+00)
    (4.6627608546e-01 0.0000000000e+00)
    (4.8444246122e-01 0.0000000000e+00)
    (5.0313526437e-01 0.0000000000e+00)
    (5.2226243543e-01 0.0000000000e+00)
    (5.4172546688e-01 0.0000000000e+00)
    (5.6142215538e-01 0.0000000000e+00)
    (5.8124935489e-01 0.0000000000e+00)
    (6.0110557847e-01 0.0000000000e+00)
    (6.2089332763e-01 0.0000000000e+00)
    (6.4052105642e-01 0.0000000000e+00)
    (6.5990472218e-01 0.0000000000e+00)
    (6.7896890624e-01 0.0000000000e+00)
    (6.9764751934e-01 0.0000000000e+00)
    (7.1588412933e-01 0.0000000000e+00)
    (7.3358637930e-01 0.0000000000e+00)
    (7.5079958278e-01 0.0000000000e+00)
    (7.6745534914e-01 0.0000000000e+00)
    (7.8353257443e-01 0.0000000000e+00)
    (7.9901752925e-01 0.0000000000e+00)
    (8.1390306874e-01 0.0000000000e+00)
    (8.2818782881e-01 0.0000000000e+00)
    (8.4187543928e-01 0.0000000000e+00)
    (8.5497377065e-01 0.0000000000e+00)
    (8.6749423532e-01 0.0000000000e+00)
    (8.7945114959e-01 0.0000000000e+00)
    (8.9086116369e-01 0.0000000000e+00)
    (9.0174276209e-01 0.0000000000e+00)
    (9.1211583392e-01 0.0000000000e+00)
    (9.2200131124e-01 0.0000000000e+00)
    (9.3142087166e-01 0.0000000000e+00)
    (9.4039670018e-01 0.0000000000e+00)
    (9.4895130466e-01 0.0000000000e+00)
    (9.5710737851e-01 0.0000000000e+00)
    (9.6488770504e-01 0.0000000000e+00)
    (9.7229590480e-01 3.7124549660e-22)
    (9.7938516806e-01 6.3993226472e-22)
    (9.8616493157e-01 1.0812344661e-21)
    (9.9265725541e-01 1.7924277103e-21)
    (9.9888405066e-01 2.9176798466e-21)
    (1.0048670871e+00 4.6665811636e-21)
    (1.0106280072e+00 7.3381704209e-21)
    (1.0161883436e+00 1.1351379394e-20)
    (1.0215695406e+00 1.7282748008e-20)
    (1.0267929771e+00 2.5911953426e-20)
    (1.0318799906e+00 3.8275777089e-20)
    (1.0368231653e+00 6.7383481396e-20)
    (1.0417033545e+00 9.9538289574e-20)
    (1.0465120906e+00 1.4536671731e-19)
    (1.0510868807e+00 3.5256243233e-19)
    (1.0558591909e+00 5.5504174127e-19)
    (1.0606532018e+00 8.6896430851e-19)
    (1.0655074201e+00 1.3511977608e-18)
    (1.0704684874e+00 2.0838936300e-18)
    (1.0751997678e+00 2.9492107468e-18)
    (1.0804337622e+00 4.4319477210e-18)
    (1.0860944541e+00 6.5342214636e-18)
    (1.0921800386e+00 9.5277345322e-18)
    (1.0986620881e+00 1.3923080218e-17)
    (1.1060807530e+00 1.9811376036e-17)
    (1.1144567565e+00 2.7853476434e-17)
    (1.1240549778e+00 3.8687688226e-17)
    (1.1350476813e+00 5.3462174979e-17)
    (1.1481500998e+00 7.2416737237e-17)
    (1.1636258816e+00 9.6927612200e-17)
    (1.1819885903e+00 1.2820880053e-16)
    (1.2038177970e+00 1.6761222926e-16)
    (1.2301634392e+00 2.1835095683e-16)
    (1.2609969547e+00 2.7871650847e-16)
    (1.2973623011e+00 3.5182576629e-16)
    (1.3400043219e+00 4.3925159075e-16)
    (1.3902463434e+00 5.4442503386e-16)
    (1.4476740790e+00 6.6489718012e-16)
    (1.5134371389e+00 8.0355351729e-16)
    (1.5880617832e+00 9.6114505077e-16)
    (1.6719409936e+00 1.1380292815e-15)
    (1.7660607111e+00 1.3371846722e-15)
    (1.8689224012e+00 1.5517083845e-15)
    (1.9811674971e+00 1.7837481323e-15)
    (2.1024762205e+00 2.0317857965e-15)
    (2.2323544682e+00 2.2938893187e-15)
    (2.3723894733e+00 2.5736091907e-15)
    (2.5173051548e+00 2.8565830715e-15)
    (2.6685098830e+00 3.1461245108e-15)
    (2.8251127850e+00 3.4395321308e-15)
    (2.9864403851e+00 3.7356445563e-15)
    (3.1511716909e+00 4.0288688966e-15)
    (3.3187345269e+00 4.3185110047e-15)
    (3.4884072290e+00 4.6025242495e-15)
    (3.6595680233e+00 4.8791463237e-15)
    (3.8329812664e+00 5.1498905388e-15)
    (4.0054036496e+00 5.4069959201e-15)
    (4.1781426577e+00 5.6532517571e-15)
    (4.3510158693e+00 5.8880218204e-15)
    (4.5239369987e+00 6.1108967666e-15)
    (4.6971621124e+00 6.3226436886e-15)
    (4.8701409956e+00 6.5209940034e-15)
    (5.0433978981e+00 6.7073164814e-15)
    (5.2171246269e+00 6.8818044262e-15)
    (5.3915564385e+00 7.0447346702e-15)
    (5.5669629672e+00 7.1964458744e-15)
    (5.7436400437e+00 7.3373199881e-15)
    (5.9219025873e+00 7.4677667110e-15)
    (6.1010979378e+00 7.5870340362e-15)
    (6.2835570480e+00 7.6979141592e-15)
    (6.4679920424e+00 7.7988785124e-15)
    (6.6560078498e+00 7.8918897691e-15)
    (6.8473428105e+00 7.9765706606e-15)
    (7.0423340173e+00 8.0533054712e-15)
    (7.2409465160e+00 8.1224383617e-15)
    (7.4442081971e+00 8.1842707854e-15)
    (7.6521663603e+00 8.2391910707e-15)
    (7.8676105911e+00 8.2900404978e-15)
    (8.0858487204e+00 8.3316963941e-15)
    (8.3098278045e+00 8.3673008890e-15)
    (8.5398932951e+00 8.3970854047e-15)
    (8.7763949131e+00 8.4212629589e-15)
    (9.0196879697e+00 8.4400292305e-15)
    (9.2670974767e+00 8.4511112948e-15)
    (9.5251096886e+00 8.4597345126e-15)
    (9.7910839770e+00 8.4634253823e-15)
    (1.0065371630e+01 8.4623306437e-15)
    (1.0346344593e+01 8.4548723342e-15)
    (1.0638438926e+01 8.4446869994e-15)
    (1.0940187398e+01 8.4300552217e-15)
    (1.1925355136e+01 8.3877968722e-15)
    (1.2308824412e+01 8.3518656788e-15)
    (1.2709276652e+01 8.3122400252e-15)
    (1.3126439691e+01 8.2675284089e-15)
    (1.3561263285e+01 8.2178032340e-15)
    (1.4012493747e+01 8.1623917540e-15)
    (1.4484291915e+01 8.1030120880e-15)
    (1.4973992379e+01 8.0365605014e-15)
    (1.5487666223e+01 7.9680155595e-15)
    (1.6023909695e+01 7.8949177586e-15)
    (1.6583468512e+01 7.8162393993e-15)
    (1.7168941463e+01 7.7343397986e-15)
    (1.7781023452e+01 7.6481975322e-15)
    (1.8422151615e+01 7.5566550359e-15)
    (1.9092649339e+01 7.4623426950e-15)
    (1.9794733945e+01 7.3641416471e-15)
    (2.0530664058e+01 7.2621493498e-15)
    (2.1299508263e+01 7.1544135521e-15)
    (2.2109288431e+01 7.0454337239e-15)
    (2.2959485968e+01 6.9330575361e-15)
    (2.3850104879e+01 6.8154198848e-15)
    (2.4788921536e+01 6.6968810369e-15)
    (2.5776295005e+01 6.5753979929e-15)
    (2.6817698048e+01 6.4510175213e-15)
    (2.7909067436e+01 6.3229173369e-15)
    (2.9061538888e+01 6.1937182237e-15)
    (3.0279874265e+01 6.0621286500e-15)
    (3.1556757395e+01 5.9278591956e-15)
    (3.2908931845e+01 5.7925293431e-15)
    (3.4342348823e+01 5.6553454268e-15)
    (3.5842127009e+01 5.5154760388e-15)
    (3.7437719791e+01 5.3758663350e-15)
    (3.9117090489e+01 5.2333854944e-15)
    (4.0644106575e+01 5.0847976346e-15)
    (4.2796040127e+01 4.9500243466e-15)
    (4.4789131155e+01 4.8061769632e-15)
    (4.6589221150e+01 4.6557152702e-15)
    (4.9179324484e+01 4.5207796858e-15)
    (5.1201199815e+01 4.3727061138e-15)
    (5.4099126670e+01 4.2352398552e-15)
    (5.6778858337e+01 4.0934084730e-15)
    (5.9117854096e+01 3.9453426387e-15)
    (6.2718461942e+01 3.8106556469e-15)
    (6.5410085846e+01 3.6686212720e-15)
    (6.9496742822e+01 3.5344579594e-15)
    (7.3180976752e+01 3.3980417131e-15)
    (7.7182577491e+01 3.2635851897e-15)
    (8.1420085225e+01 3.1293342961e-15)
    (8.6011788405e+01 2.9986275609e-15)
    (9.0867763137e+01 2.8693292641e-15)
    (9.6165388139e+01 2.7428326788e-15)
    (1.0177823578e+02 2.6176551614e-15)
    (1.0792309375e+02 2.4958708826e-15)
    (1.1458604701e+02 2.3764715034e-15)
    (1.2160542734e+02 2.2593715249e-15)
    (1.2939531717e+02 2.1453198616e-15)
    (1.3542361118e+02 2.0313326868e-15)
    (1.4388362195e+02 1.9232528220e-15)
    (1.5371740495e+02 1.8183591103e-15)
    (1.6736124994e+02 1.7160324785e-15)
    (1.7556818514e+02 1.6130729702e-15)
    (1.9180551086e+02 1.5201647173e-15)
    (2.0148427830e+02 1.4232778473e-15)
);
