// k[EI_N2_EXC_N2_V6] [m^3/s] vs mean energy [eV]; air_plasma [94c490be646f8872], T_gas = 300.000000 K
(
    (0 0.0000000000e+00)
    (1.3716749438e-01 0.0000000000e+00)
    (1.4076979314e-01 0.0000000000e+00)
    (1.4397604008e-01 0.0000000000e+00)
    (1.4684113805e-01 0.0000000000e+00)
    (1.4941204783e-01 0.0000000000e+00)
    (1.5172864004e-01 0.0000000000e+00)
    (1.5382482203e-01 0.0000000000e+00)
    (1.5572964088e-01 0.0000000000e+00)
    (1.5746824649e-01 0.0000000000e+00)
    (1.5906268561e-01 0.0000000000e+00)
    (1.6040186980e-01 0.0000000000e+00)
    (1.6189539494e-01 0.0000000000e+00)
    (1.6316727128e-01 0.0000000000e+00)
    (1.6436286366e-01 0.0000000000e+00)
    (1.6549578572e-01 0.0000000000e+00)
    (1.6657873020e-01 0.0000000000e+00)
    (1.6762359287e-01 0.0000000000e+00)
    (1.6865359887e-01 0.0000000000e+00)
    (1.6965539117e-01 0.0000000000e+00)
    (1.7065096866e-01 0.0000000000e+00)
    (1.7163702901e-01 0.0000000000e+00)
    (1.7264762429e-01 0.0000000000e+00)
    (1.7367878080e-01 0.0000000000e+00)
    (1.7473849913e-01 0.0000000000e+00)
    (1.7583432821e-01 0.0000000000e+00)
    (1.7697337833e-01 0.0000000000e+00)
    (1.7816233417e-01 0.0000000000e+00)
    (1.7940746844e-01 0.0000000000e+00)
    (1.8071465956e-01 0.0000000000e+00)
    (1.8208941158e-01 0.0000000000e+00)
    (1.8353687952e-01 0.0000000000e+00)
    (1.8506190021e-01 0.0000000000e+00)
    (1.8666902928e-01 0.0000000000e+00)
    (1.8836258474e-01 0.0000000000e+00)
    (1.9014669747e-01 0.0000000000e+00)
    (1.9202536831e-01 0.0000000000e+00)
    (1.9400253175e-01 0.0000000000e+00)
    (1.9608212573e-01 0.0000000000e+00)
    (1.9826816696e-01 0.0000000000e+00)
    (2.0056483136e-01 0.0000000000e+00)
    (2.0297653896e-01 0.0000000000e+00)
    (2.0550804255e-01 0.0000000000e+00)
    (2.0816451961e-01 0.0000000000e+00)
    (2.1095166654e-01 0.0000000000e+00)
    (2.1387579417e-01 0.0000000000e+00)
    (2.1694256551e-01 0.0000000000e+00)
    (2.2014788174e-01 0.0000000000e+00)
    (2.2353446165e-01 0.0000000000e+00)
    (2.2709477487e-01 0.0000000000e+00)
    (2.3084127841e-01 0.0000000000e+00)
    (2.3479833990e-01 0.0000000000e+00)
    (2.3896131204e-01 0.0000000000e+00)
    (2.4336011410e-01 0.0000000000e+00)
    (2.4801612280e-01 0.0000000000e+00)
    (2.5295360836e-01 0.0000000000e+00)
    (2.5819915170e-01 0.0000000000e+00)
    (2.6378576428e-01 0.0000000000e+00)
    (2.6974626976e-01 0.0000000000e+00)
    (2.7611829297e-01 0.0000000000e+00)
    (2.8294269841e-01 0.0000000000e+00)
    (2.9026321198e-01 0.0000000000e+00)
    (2.9812580887e-01 0.0000000000e+00)
    (3.0657783145e-01 0.0000000000e+00)
    (3.1566682518e-01 0.0000000000e+00)
    (3.2543909275e-01 0.0000000000e+00)
    (3.3590887576e-01 0.0000000000e+00)
    (3.4717223366e-01 0.0000000000e+00)
    (3.5923184525e-01 0.0000000000e+00)
    (3.7211014051e-01 0.0000000000e+00)
    (3.8581860584e-01 0.0000000000e+00)
    (4.0035610545e-01 0.0000000000e+00)
    (4.1570760906e-01 0.0000000000e+00)
    (4.3184344429e-01 0.0000000000e+00)
    (4.4871916534e-01 0.0000000000e+00)
    (4.6627608546e-01 0.0000000000e+00)
    (4.8444246122e-01 0.0000000000e+00)
    (5.0313526437e-01 0.0000000000e+00)
    (5.2226243543e-01 0.0000000000e+00)
    (5.4172546688e-01 0.0000000000e+00)
    (5.6142215538e-01 0.0000000000e+00)
    (5.8124935489e-01 0.0000000000e+00)
    (6.0110557847e-01 0.0000000000e+00)
    (6.2089332763e-01 0.0000000000e+00)
    (6.4052105642e-01 0.0000000000e+00)
    (6.5990472218e-01 0.0000000000e+00)
    (6.7896890624e-01 0.0000000000e+00)
    (6.9764751934e-01 0.0000000000e+00)
    (7.1588412933e-01 0.0000000000e+00)
    (7.3358637930e-01 2.8266127823e-26)
    (7.5079958278e-01 5.5245708924e-26)
    (7.6745534914e-01 1.0960557544e-25)
    (7.8353257443e-01 2.2119723585e-25)
    (7.9901752925e-01 7.8251624836e-25)
    (8.1390306874e-01 2.3563013305e-24)
    (8.2818782881e-01 5.2500702414e-24)
    (8.4187543928e-01 1.0547128746e-23)
    (8.5497377065e-01 2.0129450054e-23)
    (8.6749423532e-01 3.7153970910e-23)
    (8.7945114959e-01 6.6789441735e-23)
    (8.9086116369e-01 1.1728130060e-22)
    (9.0174276209e-01 2.0145323929e-22)
    (9.1211583392e-01 3.3876266176e-22)
    (9.2200131124e-01 5.5803334292e-22)
    (9.3142087166e-01 9.0098517313e-22)
    (9.4039670018e-01 1.4266650684e-21)
    (9.4895130466e-01 2.2168531732e-21)
    (9.5710737851e-01 3.3824767815e-21)
    (9.6488770504e-01 5.0709825201e-21)
    (9.7229590480e-01 3.0916605912e-20)
    (9.7938516806e-01 4.8078187628e-20)
    (9.8616493157e-01 7.3600923378e-20)
    (9.9265725541e-01 1.1098160068e-19)
    (9.9888405066e-01 1.6492948190e-19)
    (1.0048670871e+00 2.4169358381e-19)
    (1.0106280072e+00 3.4944890533e-19)
    (1.0161883436e+00 4.9874430034e-19)
    (1.0215695406e+00 7.0301280494e-19)
    (1.0267929771e+00 9.7914181040e-19)
    (1.0318799906e+00 1.3480999657e-18)
    (1.0368231653e+00 1.8114065619e-18)
    (1.0417033545e+00 2.4350365439e-18)
    (1.0465120906e+00 3.2395801935e-18)
    (1.0510868807e+00 4.3261131689e-18)
    (1.0558591909e+00 5.6327818533e-18)
    (1.0606532018e+00 7.2677719424e-18)
    (1.0655074201e+00 9.2953836478e-18)
    (1.0704684874e+00 1.1788254344e-17)
    (1.0751997678e+00 1.5017489703e-17)
    (1.0804337622e+00 1.8825462374e-17)
    (1.0860944541e+00 2.3259468150e-17)
    (1.0921800386e+00 2.8531003217e-17)
    (1.0986620881e+00 3.4948207320e-17)
    (1.1060807530e+00 4.2249639826e-17)
    (1.1144567565e+00 5.0737909189e-17)
    (1.1240549778e+00 6.0534973139e-17)
    (1.1350476813e+00 7.1870303446e-17)
    (1.1481500998e+00 8.4633760691e-17)
    (1.1636258816e+00 9.9044114851e-17)
    (1.1819885903e+00 1.1519103344e-16)
    (1.2038177970e+00 1.3314317661e-16)
    (1.2301634392e+00 1.5367425175e-16)
    (1.2609969547e+00 1.7534415306e-16)
    (1.2973623011e+00 1.9882902766e-16)
    (1.3400043219e+00 2.2404882106e-16)
    (1.3902463434e+00 2.5104098278e-16)
    (1.4476740790e+00 2.7926848267e-16)
    (1.5134371389e+00 3.0867601197e-16)
    (1.5880617832e+00 3.3897404402e-16)
    (1.6719409936e+00 3.6982761901e-16)
    (1.7660607111e+00 4.0107022590e-16)
    (1.8689224012e+00 4.3182954680e-16)
    (1.9811674971e+00 4.6197488368e-16)
    (2.1024762205e+00 4.9110739021e-16)
    (2.2323544682e+00 5.1884865892e-16)
    (2.3723894733e+00 5.4529708593e-16)
    (2.5173051548e+00 5.6921698495e-16)
    (2.6685098830e+00 5.9086445511e-16)
    (2.8251127850e+00 6.1005925753e-16)
    (2.9864403851e+00 6.2672838401e-16)
    (3.1511716909e+00 6.4073032245e-16)
    (3.3187345269e+00 6.5210183201e-16)
    (3.4884072290e+00 6.6089129124e-16)
    (3.6595680233e+00 6.6718898420e-16)
    (3.8329812664e+00 6.7168219321e-16)
    (4.0054036496e+00 6.7332501905e-16)
    (4.1781426577e+00 6.7292358638e-16)
    (4.3510158693e+00 6.7065209411e-16)
    (4.5239369987e+00 6.6668858651e-16)
    (4.6971621124e+00 6.6099096286e-16)
    (4.8701409956e+00 6.5417853641e-16)
    (5.0433978981e+00 6.4618849715e-16)
    (5.2171246269e+00 6.3717479642e-16)
    (5.3915564385e+00 6.2728046912e-16)
    (5.5669629672e+00 6.1663699610e-16)
    (5.7436400437e+00 6.0536414738e-16)
    (5.9219025873e+00 5.9357018691e-16)
    (6.1010979378e+00 5.8126165921e-16)
    (6.2835570480e+00 5.6871885106e-16)
    (6.4679920424e+00 5.5611676211e-16)
    (6.6560078498e+00 5.4309708329e-16)
    (6.8473428105e+00 5.2994668672e-16)
    (7.0423340173e+00 5.1671865407e-16)
    (7.2409465160e+00 5.0351761444e-16)
    (7.4442081971e+00 4.9027001726e-16)
    (7.6521663603e+00 4.7706687904e-16)
    (7.8676105911e+00 4.6337160419e-16)
    (8.0858487204e+00 4.5037070481e-16)
    (8.3098278045e+00 4.3749695116e-16)
    (8.5398932951e+00 4.2477046394e-16)
    (8.7763949131e+00 4.1220861764e-16)
    (9.0196879697e+00 3.9982634767e-16)
    (9.2670974767e+00 3.8786382049e-16)
    (9.5251096886e+00 3.7586417862e-16)
    (9.7910839770e+00 3.6407709096e-16)
    (1.0065371630e+01 3.5250997171e-16)
    (1.0346344593e+01 3.4107560473e-16)
    (1.0638438926e+01 3.2996993181e-16)
    (1.0940187398e+01 3.1909911293e-16)
    (1.1925355136e+01 2.8192724662e-16)
    (1.2308824412e+01 2.7077597637e-16)
    (1.2709276652e+01 2.5990252375e-16)
    (1.3126439691e+01 2.4932461282e-16)
    (1.3561263285e+01 2.3904345526e-16)
    (1.4012493747e+01 2.2918531804e-16)
    (1.4484291915e+01 2.1949573550e-16)
    (1.4973992379e+01 2.1005926988e-16)
    (1.5487666223e+01 2.0096738471e-16)
    (1.6023909695e+01 1.9216886798e-16)
    (1.6583468512e+01 1.8348460944e-16)
    (1.7168941463e+01 1.7528048237e-16)
    (1.7781023452e+01 1.6735734432e-16)
    (1.8422151615e+01 1.5997121845e-16)
    (1.9092649339e+01 1.5256012981e-16)
    (1.9794733945e+01 1.4541974706e-16)
    (2.0530664058e+01 1.3854336867e-16)
    (2.1299508263e+01 1.3162229377e-16)
    (2.2109288431e+01 1.2529661657e-16)
    (2.2959485968e+01 1.1921213673e-16)
    (2.3850104879e+01 1.1347431830e-16)
    (2.4788921536e+01 1.0783969413e-16)
    (2.5776295005e+01 1.0243117430e-16)
    (2.6817698048e+01 9.7239845033e-17)
    (2.7909067436e+01 9.2366769414e-17)
    (2.9061538888e+01 8.7582776537e-17)
    (3.0279874265e+01 8.2999565925e-17)
    (3.1556757395e+01 7.8505378919e-17)
    (3.2908931845e+01 7.4329833847e-17)
    (3.4342348823e+01 7.0333759177e-17)
    (3.5842127009e+01 6.6455780227e-17)
    (3.7437719791e+01 6.2821606502e-17)
    (3.9117090489e+01 5.9385079224e-17)
    (4.0644106575e+01 5.5951412040e-17)
    (4.2796040127e+01 5.2905436529e-17)
    (4.4789131155e+01 4.9926867376e-17)
    (4.6589221150e+01 4.6928772404e-17)
    (4.9179324484e+01 4.4305082083e-17)
    (5.1201199815e+01 4.1627867379e-17)
    (5.4099126670e+01 3.9198334169e-17)
    (5.6778858337e+01 3.6836186795e-17)
    (5.9117854096e+01 3.4609052458e-17)
    (6.2718461942e+01 3.2442087694e-17)
    (6.5410085846e+01 3.0494879535e-17)
    (6.9496742822e+01 2.8535718738e-17)
    (7.3180976752e+01 2.6749247143e-17)
    (7.7182577491e+01 2.5040243226e-17)
    (8.1420085225e+01 2.3421356658e-17)
    (8.6011788405e+01 2.1890570877e-17)
    (9.0867763137e+01 2.0458268166e-17)
    (9.6165388139e+01 1.9088205020e-17)
    (1.0177823578e+02 1.7793780770e-17)
    (1.0792309375e+02 1.6572561226e-17)
    (1.1458604701e+02 1.5419749574e-17)
    (1.2160542734e+02 1.4340764412e-17)
    (1.2939531717e+02 1.3316417215e-17)
    (1.3542361118e+02 1.2382666174e-17)
    (1.4388362195e+02 1.1476992018e-17)
    (1.5371740495e+02 1.0624202465e-17)
    (1.6736124994e+02 9.7867866205e-18)
    (1.7556818514e+02 9.0222687614e-18)
    (1.9180551086e+02 8.3323579299e-18)
    (2.0148427830e+02 7.6367203002e-18)
);
