// k[EI_N2_EXC_N2_B3] [m^3/s] vs mean energy [eV]; air_plasma [94c490be646f8872], T_gas = 300.000000 K
(
    (0 0.0000000000e+00)
    (1.3716749438e-01 0.0000000000e+00)
    (1.4076979314e-01 0.0000000000e+00)
    (1.4397604008e-01 0.0000000000e+00)
    (1.4684113805e-01 0.0000000000e+00)
    (1.4941204783e-01 0.0000000000e+00)
    (1.5172864004e-01 0.0000000000e+00)
    (1.5382482203e-01 0.0000000000e+00)
    (1.5572964088e-01 0.0000000000e+00)
    (1.5746824649e-01 0.0000000000e+00)
    (1.5906268561e-01 0.0000000000e+00)
    (1.6040186980e-01 0.0000000000e+00)
    (1.6189539494e-01 0.0000000000e+00)
    (1.6316727128e-01 0.0000000000e+00)
    (1.6436286366e-01 0.0000000000e+00)
    (1.6549578572e-01 0.0000000000e+00)
    (1.6657873020e-01 0.0000000000e+00)
    (1.6762359287e-01 0.0000000000e+00)
    (1.6865359887e-01 0.0000000000e+00)
    (1.6965539117e-01 0.0000000000e+00)
    (1.7065096866e-01 0.0000000000e+00)
    (1.7163702901e-01 0.0000000000e+00)
    (1.7264762429e-01 0.0000000000e+00)
    (1.7367878080e-01 0.0000000000e+00)
    (1.7473849913e-01 0.0000000000e+00)
    (1.7583432821e-01 0.0000000000e+00)
    (1.7697337833e-01 0.0000000000e+00)
    (1.7816233417e-01 0.0000000000e+00)
    (1.7940746844e-01 0.0000000000e+00)
    (1.8071465956e-01 0.0000000000e+00)
    (1.8208941158e-01 0.0000000000e+00)
    (1.8353687952e-01 0.0000000000e+00)
    (1.8506190021e-01 0.0000000000e+00)
    (1.8666902928e-01 0.0000000000e+00)
    (1.8836258474e-01 0.0000000000e+00)
    (1.9014669747e-01 0.0000000000e+00)
    (1.9202536831e-01 0.0000000000e+00)
    (1.9400253175e-01 0.0000000000e+00)
    (1.9608212573e-01 0.0000000000e+00)
    (1.9826816696e-01 0.0000000000e+00)
    (2.0056483136e-01 0.0000000000e+00)
    (2.0297653896e-01 0.0000000000e+00)
    (2.0550804255e-01 0.0000000000e+00)
    (2.0816451961e-01 0.0000000000e+00)
    (2.1095166654e-01 0.0000000000e+00)
    (2.1387579417e-01 0.0000000000e+00)
    (2.1694256551e-01 0.0000000000e+00)
    (2.2014788174e-01 0.0000000000e+00)
    (2.2353446165e-01 0.0000000000e+00)
    (2.2709477487e-01 0.0000000000e+00)
    (2.3084127841e-01 0.0000000000e+00)
    (2.3479833990e-01 0.0000000000e+00)
    (2.3896131204e-01 0.0000000000e+00)
    (2.4336011410e-01 0.0000000000e+00)
    (2.4801612280e-01 0.0000000000e+00)
    (2.5295360836e-01 0.0000000000e+00)
    (2.5819915170e-01 0.0000000000e+00)
    (2.6378576428e-01 0.0000000000e+00)
    (2.6974626976e-01 0.0000000000e+00)
    (2.7611829297e-01 0.0000000000e+00)
    (2.8294269841e-01 0.0000000000e+00)
    (2.9026321198e-01 0.0000000000e+00)
    (2.9812580887e-01 0.0000000000e+00)
    (3.0657783145e-01 0.0000000000e+00)
    (3.1566682518e-01 0.0000000000e+00)
    (3.2543909275e-01 0.0000000000e+00)
    (3.3590887576e-01 0.0000000000e+00)
    (3.4717223366e-01 0.0000000000e+00)
    (3.5923184525e-01 0.0000000000e+00)
    (3.7211014051e-01 0.0000000000e+00)
    (3.8581860584e-01 0.0000000000e+00)
    (4.0035610545e-01 0.0000000000e+00)
    (4.1570760906e-01 0.0000000000e+00)
    (4.3184344429e-01 0.0000000000e+00)
    (4.4871916534e-01 0.0000000000e+00)
    (4.6627608546e-01 0.0000000000e+00)
    (4.8444246122e-01 0.0000000000e+00)
    (5.0313526437e-01 0.0000000000e+00)
    (5.2226243543e-01 0.0000000000e+00)
    (5.4172546688e-01 0.0000000000e+00)
    (5.6142215538e-01 0.0000000000e+00)
    (5.8124935489e-01 0.0000000000e+00)
    (6.0110557847e-01 0.0000000000e+00)
    (6.2089332763e-01 0.0000000000e+00)
    (6.4052105642e-01 0.0000000000e+00)
    (6.5990472218e-01 0.0000000000e+00)
    (6.7896890624e-01 0.0000000000e+00)
    (6.9764751934e-01 0.0000000000e+00)
    (7.1588412933e-01 0.0000000000e+00)
    (7.3358637930e-01 0.0000000000e+00)
    (7.5079958278e-01 0.0000000000e+00)
    (7.6745534914e-01 0.0000000000e+00)
    (7.8353257443e-01 0.0000000000e+00)
    (7.9901752925e-01 0.0000000000e+00)
    (8.1390306874e-01 0.0000000000e+00)
    (8.2818782881e-01 0.0000000000e+00)
    (8.4187543928e-01 0.0000000000e+00)
    (8.5497377065e-01 0.0000000000e+00)
    (8.6749423532e-01 0.0000000000e+00)
    (8.7945114959e-01 0.0000000000e+00)
    (8.9086116369e-01 0.0000000000e+00)
    (9.0174276209e-01 0.0000000000e+00)
    (9.1211583392e-01 0.0000000000e+00)
    (9.2200131124e-01 0.0000000000e+00)
    (9.3142087166e-01 0.0000000000e+00)
    (9.4039670018e-01 0.0000000000e+00)
    (9.4895130466e-01 0.0000000000e+00)
    (9.5710737851e-01 0.0000000000e+00)
    (9.6488770504e-01 0.0000000000e+00)
    (9.7229590480e-01 0.0000000000e+00)
    (9.7938516806e-01 0.0000000000e+00)
    (9.8616493157e-01 0.0000000000e+00)
    (9.9265725541e-01 0.0000000000e+00)
    (9.9888405066e-01 0.0000000000e+00)
    (1.0048670871e+00 0.0000000000e+00)
    (1.0106280072e+00 0.0000000000e+00)
    (1.0161883436e+00 0.0000000000e+00)
    (1.0215695406e+00 0.0000000000e+00)
    (1.0267929771e+00 0.0000000000e+00)
    (1.0318799906e+00 0.0000000000e+00)
    (1.0368231653e+00 0.0000000000e+00)
    (1.0417033545e+00 0.0000000000e+00)
    (1.0465120906e+00 0.0000000000e+00)
    (1.0510868807e+00 0.0000000000e+00)
    (1.0558591909e+00 0.0000000000e+00)
    (1.0606532018e+00 0.0000000000e+00)
    (1.0655074201e+00 0.0000000000e+00)
    (1.0704684874e+00 0.0000000000e+00)
    (1.0751997678e+00 8.0237432592e-21)
    (1.0804337622e+00 1.4343940400e-20)
    (1.0860944541e+00 2.4740259914e-20)
    (1.0921800386e+00 4.1758712228e-20)
    (1.0986620881e+00 6.9654088491e-20)
    (1.1060807530e+00 1.1275109637e-19)
    (1.1144567565e+00 1.7908929827e-19)
    (1.1240549778e+00 2.7933865383e-19)
    (1.1350476813e+00 4.2976389372e-19)
    (1.1481500998e+00 6.4673062773e-19)
    (1.1636258816e+00 9.5765875505e-19)
    (1.1819885903e+00 1.3961478296e-18)
    (1.2038177970e+00 2.0049560123e-18)
    (1.2301634392e+00 2.8593616478e-18)
    (1.2609969547e+00 3.9852998283e-18)
    (1.2973623011e+00 5.4788845824e-18)
    (1.3400043219e+00 7.4320616988e-18)
    (1.3902463434e+00 9.9864187085e-18)
    (1.4476740790e+00 1.3194325597e-17)
    (1.5134371389e+00 1.7217093308e-17)
    (1.5880617832e+00 2.2194371298e-17)
    (1.6719409936e+00 2.8271710101e-17)
    (1.7660607111e+00 3.5678812325e-17)
    (1.8689224012e+00 4.4395301767e-17)
    (1.9811674971e+00 5.4638013014e-17)
    (2.1024762205e+00 6.6530905716e-17)
    (2.2323544682e+00 8.0181178469e-17)
    (2.3723894733e+00 9.5897157982e-17)
    (2.5173051548e+00 1.1330616141e-16)
    (2.6685098830e+00 1.3266192460e-16)
    (2.8251127850e+00 1.5398099753e-16)
    (2.9864403851e+00 1.7731885691e-16)
    (3.1511716909e+00 2.0252222148e-16)
    (3.3187345269e+00 2.2960979997e-16)
    (3.4884072290e+00 2.5852057052e-16)
    (3.6595680233e+00 2.8918086831e-16)
    (3.8329812664e+00 3.2168432154e-16)
    (4.0054036496e+00 3.5555377361e-16)
    (4.1781426577e+00 3.9090341390e-16)
    (4.3510158693e+00 4.2763427638e-16)
    (4.5239369987e+00 4.6564518569e-16)
    (4.6971621124e+00 5.0490267847e-16)
    (4.8701409956e+00 5.4514917809e-16)
    (5.0433978981e+00 5.8636976245e-16)
    (5.2171246269e+00 6.2846189287e-16)
    (5.3915564385e+00 6.7132336120e-16)
    (5.5669629672e+00 7.1485237462e-16)
    (5.7436400437e+00 7.5894760862e-16)
    (5.9219025873e+00 8.0350826283e-16)
    (6.1010979378e+00 8.4830376531e-16)
    (6.2835570480e+00 8.9349996176e-16)
    (6.4679920424e+00 9.3877586798e-16)
    (6.6560078498e+00 9.8421664115e-16)
    (6.8473428105e+00 1.0296376445e-15)
    (7.0423340173e+00 1.0749456937e-15)
    (7.2409465160e+00 1.1199789074e-15)
    (7.4442081971e+00 1.1647796008e-15)
    (7.6521663603e+00 1.2092012809e-15)
    (7.8676105911e+00 1.2535965684e-15)
    (8.0858487204e+00 1.2969707776e-15)
    (8.3098278045e+00 1.3397236089e-15)
    (8.5398932951e+00 1.3817789364e-15)
    (8.7763949131e+00 1.4230634550e-15)
    (9.0196879697e+00 1.4635066550e-15)
    (9.2670974767e+00 1.5025593286e-15)
    (9.5251096886e+00 1.5411397516e-15)
    (9.7910839770e+00 1.5786798843e-15)
    (1.0065371630e+01 1.6151217950e-15)
    (1.0346344593e+01 1.6501035242e-15)
    (1.0638438926e+01 1.6841944624e-15)
    (1.0940187398e+01 1.7170174830e-15)
    (1.1925355136e+01 1.8220468632e-15)
    (1.2308824412e+01 1.8527920080e-15)
    (1.2709276652e+01 1.8819813136e-15)
    (1.3126439691e+01 1.9092515859e-15)
    (1.3561263285e+01 1.9345290987e-15)
    (1.4012493747e+01 1.9575094615e-15)
    (1.4484291915e+01 1.9786198207e-15)
    (1.4973992379e+01 1.9970201865e-15)
    (1.5487666223e+01 2.0137620464e-15)
    (1.6023909695e+01 2.0282269579e-15)
    (1.6583468512e+01 2.0400449184e-15)
    (1.7168941463e+01 2.0498396727e-15)
    (1.7781023452e+01 2.0572507202e-15)
    (1.8422151615e+01 2.0619714895e-15)
    (1.9092649339e+01 2.0645378933e-15)
    (1.9794733945e+01 2.0646705171e-15)
    (2.0530664058e+01 2.0623590378e-15)
    (2.1299508263e+01 2.0569852691e-15)
    (2.2109288431e+01 2.0498505675e-15)
    (2.2959485968e+01 2.0402971507e-15)
    (2.3850104879e+01 2.0277679383e-15)
    (2.4788921536e+01 2.0135027760e-15)
    (2.5776295005e+01 1.9969105252e-15)
    (2.6817698048e+01 1.9780038341e-15)
    (2.7909067436e+01 1.9564981787e-15)
    (2.9061538888e+01 1.9332578284e-15)
    (3.0279874265e+01 1.9078753640e-15)
    (3.1556757395e+01 1.8802346607e-15)
    (3.2908931845e+01 1.8509379663e-15)
    (3.4342348823e+01 1.8197269766e-15)
    (3.5842127009e+01 1.7864055279e-15)
    (3.7437719791e+01 1.7518542215e-15)
    (3.9117090489e+01 1.7151922495e-15)
    (4.0644106575e+01 1.6752650673e-15)
    (4.2796040127e+01 1.6388148761e-15)
    (4.4789131155e+01 1.5982708152e-15)
    (4.6589221150e+01 1.5547961954e-15)
    (4.9179324484e+01 1.5149081389e-15)
    (5.1201199815e+01 1.4702754492e-15)
    (5.4099126670e+01 1.4278447192e-15)
    (5.6778858337e+01 1.3832592176e-15)
    (5.9117854096e+01 1.3362678998e-15)
    (6.2718461942e+01 1.2926003918e-15)
    (6.5410085846e+01 1.2461126887e-15)
    (6.9496742822e+01 1.2014448310e-15)
    (7.3180976752e+01 1.1555830995e-15)
    (7.7182577491e+01 1.1099885743e-15)
    (8.1420085225e+01 1.0641497141e-15)
    (8.6011788405e+01 1.0190702268e-15)
    (9.0867763137e+01 9.7419068853e-16)
    (9.6165388139e+01 9.3000946278e-16)
    (1.0177823578e+02 8.8609265674e-16)
    (1.0792309375e+02 8.4317425736e-16)
    (1.1458604701e+02 8.0096558439e-16)
    (1.2160542734e+02 7.5949213330e-16)
    (1.2939531717e+02 7.1901704459e-16)
    (1.3542361118e+02 6.7790299260e-16)
    (1.4388362195e+02 6.3943726736e-16)
    (1.5371740495e+02 6.0229155445e-16)
    (1.6736124994e+02 5.6668546854e-16)
    (1.7556818514e+02 5.2975872500e-16)
    (1.9180551086e+02 4.9740931931e-16)
    (2.0148427830e+02 4.6310866395e-16)
);
