// k[EI_N2_EXC_N2_V1RES] [m^3/s] vs mean energy [eV]; air_plasma [94c490be646f8872], T_gas = 300.000000 K
(
    (0 0.0000000000e+00)
    (1.3716749438e-01 0.0000000000e+00)
    (1.4076979314e-01 0.0000000000e+00)
    (1.4397604008e-01 0.0000000000e+00)
    (1.4684113805e-01 0.0000000000e+00)
    (1.4941204783e-01 0.0000000000e+00)
    (1.5172864004e-01 0.0000000000e+00)
    (1.5382482203e-01 0.0000000000e+00)
    (1.5572964088e-01 0.0000000000e+00)
    (1.5746824649e-01 0.0000000000e+00)
    (1.5906268561e-01 0.0000000000e+00)
    (1.6040186980e-01 0.0000000000e+00)
    (1.6189539494e-01 0.0000000000e+00)
    (1.6316727128e-01 0.0000000000e+00)
    (1.6436286366e-01 0.0000000000e+00)
    (1.6549578572e-01 0.0000000000e+00)
    (1.6657873020e-01 0.0000000000e+00)
    (1.6762359287e-01 0.0000000000e+00)
    (1.6865359887e-01 0.0000000000e+00)
    (1.6965539117e-01 0.0000000000e+00)
    (1.7065096866e-01 0.0000000000e+00)
    (1.7163702901e-01 0.0000000000e+00)
    (1.7264762429e-01 0.0000000000e+00)
    (1.7367878080e-01 0.0000000000e+00)
    (1.7473849913e-01 0.0000000000e+00)
    (1.7583432821e-01 0.0000000000e+00)
    (1.7697337833e-01 0.0000000000e+00)
    (1.7816233417e-01 0.0000000000e+00)
    (1.7940746844e-01 0.0000000000e+00)
    (1.8071465956e-01 0.0000000000e+00)
    (1.8208941158e-01 0.0000000000e+00)
    (1.8353687952e-01 0.0000000000e+00)
    (1.8506190021e-01 0.0000000000e+00)
    (1.8666902928e-01 0.0000000000e+00)
    (1.8836258474e-01 0.0000000000e+00)
    (1.9014669747e-01 0.0000000000e+00)
    (1.9202536831e-01 0.0000000000e+00)
    (1.9400253175e-01 0.0000000000e+00)
    (1.9608212573e-01 0.0000000000e+00)
    (1.9826816696e-01 0.0000000000e+00)
    (2.0056483136e-01 0.0000000000e+00)
    (2.0297653896e-01 0.0000000000e+00)
    (2.0550804255e-01 0.0000000000e+00)
    (2.0816451961e-01 0.0000000000e+00)
    (2.1095166654e-01 0.0000000000e+00)
    (2.1387579417e-01 0.0000000000e+00)
    (2.1694256551e-01 0.0000000000e+00)
    (2.2014788174e-01 0.0000000000e+00)
    (2.2353446165e-01 0.0000000000e+00)
    (2.2709477487e-01 0.0000000000e+00)
    (2.3084127841e-01 0.0000000000e+00)
    (2.3479833990e-01 0.0000000000e+00)
    (2.3896131204e-01 0.0000000000e+00)
    (2.4336011410e-01 0.0000000000e+00)
    (2.4801612280e-01 0.0000000000e+00)
    (2.5295360836e-01 0.0000000000e+00)
    (2.5819915170e-01 7.7471261218e-22)
    (2.6378576428e-01 1.1358100229e-21)
    (2.6974626976e-01 1.8245840978e-21)
    (2.7611829297e-01 3.0717448481e-21)
    (2.8294269841e-01 5.2516279960e-21)
    (2.9026321198e-01 8.9567975930e-21)
    (2.9812580887e-01 1.5103638904e-20)
    (3.0657783145e-01 2.5075733211e-20)
    (3.1566682518e-01 4.0913482601e-20)
    (3.2543909275e-01 6.5555924959e-20)
    (3.3590887576e-01 1.0007600694e-19)
    (3.4717223366e-01 1.5476868280e-19)
    (3.5923184525e-01 2.3518495907e-19)
    (3.7211014051e-01 3.5130221543e-19)
    (3.8581860584e-01 5.1602485569e-19)
    (4.0035610545e-01 7.4569872951e-19)
    (4.1570760906e-01 1.0605798635e-18)
    (4.3184344429e-01 1.4852751677e-18)
    (4.4871916534e-01 2.0490044148e-18)
    (4.6627608546e-01 2.7858099923e-18)
    (4.8444246122e-01 3.7345711992e-18)
    (5.0313526437e-01 4.9388306304e-18)
    (5.2226243543e-01 6.4464477934e-18)
    (5.4172546688e-01 8.3090845131e-18)
    (5.6142215538e-01 1.0581554837e-17)
    (5.8124935489e-01 1.3321080028e-17)
    (6.0110557847e-01 1.6586496763e-17)
    (6.2089332763e-01 2.0437476141e-17)
    (6.4052105642e-01 2.4933798645e-17)
    (6.5990472218e-01 3.0134735070e-17)
    (6.7896890624e-01 3.6098567364e-17)
    (6.9764751934e-01 4.2882273905e-17)
    (7.1588412933e-01 5.0541391237e-17)
    (7.3358637930e-01 5.8927606071e-17)
    (7.5079958278e-01 6.8411918545e-17)
    (7.6745534914e-01 7.8898537614e-17)
    (7.8353257443e-01 9.0429261484e-17)
    (7.9901752925e-01 1.0304378126e-16)
    (8.1390306874e-01 1.1677996470e-16)
    (8.2818782881e-01 1.3167417147e-16)
    (8.4187543928e-01 1.4776158887e-16)
    (8.5497377065e-01 1.6507653474e-16)
    (8.6749423532e-01 1.8365274151e-16)
    (8.7945114959e-01 2.0352360993e-16)
    (8.9086116369e-01 2.2472243224e-16)
    (9.0174276209e-01 2.4728258998e-16)
    (9.1211583392e-01 2.7123773597e-16)
    (9.2200131124e-01 2.9662197357e-16)
    (9.3142087166e-01 3.2347004794e-16)
    (9.4039670018e-01 3.5181756488e-16)
    (9.4895130466e-01 3.8170125133e-16)
    (9.5710737851e-01 4.1315926908e-16)
    (9.6488770504e-01 4.4623159071e-16)
    (9.7229590480e-01 4.8086200934e-16)
    (9.7938516806e-01 5.1724976780e-16)
    (9.8616493157e-01 5.5537270706e-16)
    (9.9265725541e-01 5.9527871539e-16)
    (9.9888405066e-01 6.3701932438e-16)
    (1.0048670871e+00 6.8065026884e-16)
    (1.0106280072e+00 7.2623205333e-16)
    (1.0161883436e+00 7.7383050979e-16)
    (1.0215695406e+00 8.2351733139e-16)
    (1.0267929771e+00 8.7537057128e-16)
    (1.0318799906e+00 9.2947508899e-16)
    (1.0368231653e+00 9.8560074199e-16)
    (1.0417033545e+00 1.0444615098e-15)
    (1.0465120906e+00 1.1058600400e-15)
    (1.0510868807e+00 1.1681693911e-15)
    (1.0558591909e+00 1.2350122112e-15)
    (1.0606532018e+00 1.3047520383e-15)
    (1.0655074201e+00 1.3775184426e-15)
    (1.0704684874e+00 1.4534455719e-15)
    (1.0751997678e+00 1.5291430908e-15)
    (1.0804337622e+00 1.6103600016e-15)
    (1.0860944541e+00 1.6967090173e-15)
    (1.0921800386e+00 1.7867674326e-15)
    (1.0986620881e+00 1.8787655577e-15)
    (1.1060807530e+00 1.9766118962e-15)
    (1.1144567565e+00 2.0784504994e-15)
    (1.1240549778e+00 2.1843109178e-15)
    (1.1350476813e+00 2.2892585587e-15)
    (1.1481500998e+00 2.4032178409e-15)
    (1.1636258816e+00 2.5209102113e-15)
    (1.1819885903e+00 2.6420608637e-15)
    (1.2038177970e+00 2.7662770015e-15)
    (1.2301634392e+00 2.8912389211e-15)
    (1.2609969547e+00 3.0198310777e-15)
    (1.2973623011e+00 3.1494540214e-15)
    (1.3400043219e+00 3.2791172179e-15)
    (1.3902463434e+00 3.4062885403e-15)
    (1.4476740790e+00 3.5326087837e-15)
    (1.5134371389e+00 3.6551402742e-15)
    (1.5880617832e+00 3.7724215584e-15)
    (1.6719409936e+00 3.8829661012e-15)
    (1.7660607111e+00 3.9761980408e-15)
    (1.8689224012e+00 4.0693393907e-15)
    (1.9811674971e+00 4.1517241923e-15)
    (2.1024762205e+00 4.2223215012e-15)
    (2.2323544682e+00 4.2803374387e-15)
    (2.3723894733e+00 4.3221397275e-15)
    (2.5173051548e+00 4.3538380611e-15)
    (2.6685098830e+00 4.3722045265e-15)
    (2.8251127850e+00 4.3775273426e-15)
    (2.9864403851e+00 4.3654696822e-15)
    (3.1511716909e+00 4.3469981715e-15)
    (3.3187345269e+00 4.3175210457e-15)
    (3.4884072290e+00 4.2780084712e-15)
    (3.6595680233e+00 4.2294950450e-15)
    (3.8329812664e+00 4.1711021851e-15)
    (4.0054036496e+00 4.1079580984e-15)
    (4.1781426577e+00 4.0389435263e-15)
    (4.3510158693e+00 3.9650173410e-15)
    (4.5239369987e+00 3.8870708420e-15)
    (4.6971621124e+00 3.8048300816e-15)
    (4.8701409956e+00 3.7213678084e-15)
    (5.0433978981e+00 3.6360655419e-15)
    (5.2171246269e+00 3.5494986243e-15)
    (5.3915564385e+00 3.4621671037e-15)
    (5.5669629672e+00 3.3745011097e-15)
    (5.7436400437e+00 3.2868670312e-15)
    (5.9219025873e+00 3.1995740470e-15)
    (6.1010979378e+00 3.1109130592e-15)
    (6.2835570480e+00 3.0252570313e-15)
    (6.4679920424e+00 2.9397186680e-15)
    (6.6560078498e+00 2.8562317153e-15)
    (6.8473428105e+00 2.7739578747e-15)
    (7.0423340173e+00 2.6929930422e-15)
    (7.2409465160e+00 2.6126376958e-15)
    (7.4442081971e+00 2.5346027620e-15)
    (7.6521663603e+00 2.4580420360e-15)
    (7.8676105911e+00 2.3795271017e-15)
    (8.0858487204e+00 2.3062286605e-15)
    (8.3098278045e+00 2.2344697610e-15)
    (8.5398932951e+00 2.1642610185e-15)
    (8.7763949131e+00 2.0956075027e-15)
    (9.0196879697e+00 2.0285096595e-15)
    (9.2670974767e+00 1.9635714423e-15)
    (9.5251096886e+00 1.8995603396e-15)
    (9.7910839770e+00 1.8370809725e-15)
    (1.0065371630e+01 1.7761214132e-15)
    (1.0346344593e+01 1.7170198142e-15)
    (1.0638438926e+01 1.6590060135e-15)
    (1.0940187398e+01 1.6024725600e-15)
    (1.1925355136e+01 1.4130113737e-15)
    (1.2308824412e+01 1.3543694813e-15)
    (1.2709276652e+01 1.2988733430e-15)
    (1.3126439691e+01 1.2450274847e-15)
    (1.3561263285e+01 1.1928180120e-15)
    (1.4012493747e+01 1.1432757309e-15)
    (1.4484291915e+01 1.0942202735e-15)
    (1.4973992379e+01 1.0454485280e-15)
    (1.5487666223e+01 9.9972483627e-16)
    (1.6023909695e+01 9.5553830000e-16)
    (1.6583468512e+01 9.1325168115e-16)
    (1.7168941463e+01 8.7199718558e-16)
    (1.7781023452e+01 8.3221015162e-16)
    (1.8422151615e+01 7.9344999814e-16)
    (1.9092649339e+01 7.5654283922e-16)
    (1.9794733945e+01 7.2100320923e-16)
    (2.0530664058e+01 6.8679477431e-16)
    (2.1299508263e+01 6.5302445131e-16)
    (2.2109288431e+01 6.2149567666e-16)
    (2.2959485968e+01 5.9118939683e-16)
    (2.3850104879e+01 5.6283402479e-16)
    (2.4788921536e+01 5.3477266284e-16)
    (2.5776295005e+01 5.0785267049e-16)
    (2.6817698048e+01 4.8202726361e-16)
    (2.7909067436e+01 4.5744202895e-16)
    (2.9061538888e+01 4.3371783069e-16)
    (3.0279874265e+01 4.1099361128e-16)
    (3.1556757395e+01 3.8852941634e-16)
    (3.2908931845e+01 3.6786125643e-16)
    (3.4342348823e+01 3.4808198716e-16)
    (3.5842127009e+01 3.2892827060e-16)
    (3.7437719791e+01 3.1093238778e-16)
    (3.9117090489e+01 2.9401313657e-16)
    (4.0644106575e+01 2.7693509591e-16)
    (4.2796040127e+01 2.6190433836e-16)
    (4.4789131155e+01 2.4714224518e-16)
    (4.6589221150e+01 2.3214939378e-16)
    (4.9179324484e+01 2.1930012295e-16)
    (5.1201199815e+01 2.0594097629e-16)
    (5.4099126670e+01 1.9401136069e-16)
    (5.6778858337e+01 1.8231544178e-16)
    (5.9117854096e+01 1.7121546856e-16)
    (6.2718461942e+01 1.6056487073e-16)
    (6.5410085846e+01 1.5087089567e-16)
    (6.9496742822e+01 1.4122808566e-16)
    (7.3180976752e+01 1.3238349358e-16)
    (7.7182577491e+01 1.2392494458e-16)
    (8.1420085225e+01 1.1589493607e-16)
    (8.6011788405e+01 1.0832191709e-16)
    (9.0867763137e+01 1.0122139617e-16)
    (9.6165388139e+01 9.4445322513e-17)
    (1.0177823578e+02 8.8047695877e-17)
    (1.0792309375e+02 8.2005972124e-17)
    (1.1458604701e+02 7.6302496080e-17)
    (1.2160542734e+02 7.0969685297e-17)
    (1.2939531717e+02 6.5900489054e-17)
    (1.3542361118e+02 6.1280369611e-17)
    (1.4388362195e+02 5.6798293920e-17)
    (1.5371740495e+02 5.2577937958e-17)
    (1.6736124994e+02 4.8433664687e-17)
    (1.7556818514e+02 4.4650155036e-17)
    (1.9180551086e+02 4.1235866856e-17)
    (2.0148427830e+02 3.7793237421e-17)
);
