// k[EI_N_ION_N] [m^3/s] vs mean energy [eV]; air_plasma [94c490be646f8872], T_gas = 300.000000 K
(
    (0 0.0000000000e+00)
    (1.3716749438e-01 0.0000000000e+00)
    (1.4076979314e-01 0.0000000000e+00)
    (1.4397604008e-01 0.0000000000e+00)
    (1.4684113805e-01 0.0000000000e+00)
    (1.4941204783e-01 0.0000000000e+00)
    (1.5172864004e-01 0.0000000000e+00)
    (1.5382482203e-01 0.0000000000e+00)
    (1.5572964088e-01 0.0000000000e+00)
    (1.5746824649e-01 0.0000000000e+00)
    (1.5906268561e-01 0.0000000000e+00)
    (1.6040186980e-01 0.0000000000e+00)
    (1.6189539494e-01 0.0000000000e+00)
    (1.6316727128e-01 0.0000000000e+00)
    (1.6436286366e-01 0.0000000000e+00)
    (1.6549578572e-01 0.0000000000e+00)
    (1.6657873020e-01 0.0000000000e+00)
    (1.6762359287e-01 0.0000000000e+00)
    (1.6865359887e-01 0.0000000000e+00)
    (1.6965539117e-01 0.0000000000e+00)
    (1.7065096866e-01 0.0000000000e+00)
    (1.7163702901e-01 0.0000000000e+00)
    (1.7264762429e-01 0.0000000000e+00)
    (1.7367878080e-01 0.0000000000e+00)
    (1.7473849913e-01 0.0000000000e+00)
    (1.7583432821e-01 0.0000000000e+00)
    (1.7697337833e-01 0.0000000000e+00)
    (1.7816233417e-01 0.0000000000e+00)
    (1.7940746844e-01 0.0000000000e+00)
    (1.8071465956e-01 0.0000000000e+00)
    (1.8208941158e-01 0.0000000000e+00)
    (1.8353687952e-01 0.0000000000e+00)
    (1.8506190021e-01 0.0000000000e+00)
    (1.8666902928e-01 0.0000000000e+00)
    (1.8836258474e-01 0.0000000000e+00)
    (1.9014669747e-01 0.0000000000e+00)
    (1.9202536831e-01 0.0000000000e+00)
    (1.9400253175e-01 0.0000000000e+00)
    (1.9608212573e-01 0.0000000000e+00)
    (1.9826816696e-01 0.0000000000e+00)
    (2.0056483136e-01 0.0000000000e+00)
    (2.0297653896e-01 0.0000000000e+00)
    (2.0550804255e-01 0.0000000000e+00)
    (2.0816451961e-01 0.0000000000e+00)
    (2.1095166654e-01 0.0000000000e+00)
    (2.1387579417e-01 0.0000000000e+00)
    (2.1694256551e-01 0.0000000000e+00)
    (2.2014788174e-01 0.0000000000e+00)
    (2.2353446165e-01 0.0000000000e+00)
    (2.2709477487e-01 0.0000000000e+00)
    (2.3084127841e-01 0.0000000000e+00)
    (2.3479833990e-01 0.0000000000e+00)
    (2.3896131204e-01 0.0000000000e+00)
    (2.4336011410e-01 0.0000000000e+00)
    (2.4801612280e-01 0.0000000000e+00)
    (2.5295360836e-01 0.0000000000e+00)
    (2.5819915170e-01 0.0000000000e+00)
    (2.6378576428e-01 0.0000000000e+00)
    (2.6974626976e-01 0.0000000000e+00)
    (2.7611829297e-01 0.0000000000e+00)
    (2.8294269841e-01 0.0000000000e+00)
    (2.9026321198e-01 0.0000000000e+00)
    (2.9812580887e-01 0.0000000000e+00)
    (3.0657783145e-01 0.0000000000e+00)
    (3.1566682518e-01 0.0000000000e+00)
    (3.2543909275e-01 0.0000000000e+00)
    (3.3590887576e-01 0.0000000000e+00)
    (3.4717223366e-01 0.0000000000e+00)
    (3.5923184525e-01 0.0000000000e+00)
    (3.7211014051e-01 0.0000000000e+00)
    (3.8581860584e-01 0.0000000000e+00)
    (4.0035610545e-01 0.0000000000e+00)
    (4.1570760906e-01 0.0000000000e+00)
    (4.3184344429e-01 0.0000000000e+00)
    (4.4871916534e-01 0.0000000000e+00)
    (4.6627608546e-01 0.0000000000e+00)
    (4.8444246122e-01 0.0000000000e+00)
    (5.0313526437e-01 0.0000000000e+00)
    (5.2226243543e-01 0.0000000000e+00)
    (5.4172546688e-01 0.0000000000e+00)
    (5.6142215538e-01 0.0000000000e+00)
    (5.8124935489e-01 0.0000000000e+00)
    (6.0110557847e-01 0.0000000000e+00)
    (6.2089332763e-01 0.0000000000e+00)
    (6.4052105642e-01 0.0000000000e+00)
    (6.5990472218e-01 0.0000000000e+00)
    (6.7896890624e-01 0.0000000000e+00)
    (6.9764751934e-01 0.0000000000e+00)
    (7.1588412933e-01 0.0000000000e+00)
    (7.3358637930e-01 0.0000000000e+00)
    (7.5079958278e-01 0.0000000000e+00)
    (7.6745534914e-01 0.0000000000e+00)
    (7.8353257443e-01 0.0000000000e+00)
    (7.9901752925e-01 0.0000000000e+00)
    (8.1390306874e-01 0.0000000000e+00)
    (8.2818782881e-01 0.0000000000e+00)
    (8.4187543928e-01 0.0000000000e+00)
    (8.5497377065e-01 0.0000000000e+00)
    (8.6749423532e-01 0.0000000000e+00)
    (8.7945114959e-01 0.0000000000e+00)
    (8.9086116369e-01 0.0000000000e+00)
    (9.0174276209e-01 0.0000000000e+00)
    (9.1211583392e-01 0.0000000000e+00)
    (9.2200131124e-01 0.0000000000e+00)
    (9.3142087166e-01 0.0000000000e+00)
    (9.4039670018e-01 0.0000000000e+00)
    (9.4895130466e-01 0.0000000000e+00)
    (9.5710737851e-01 0.0000000000e+00)
    (9.6488770504e-01 0.0000000000e+00)
    (9.7229590480e-01 0.0000000000e+00)
    (9.7938516806e-01 0.0000000000e+00)
    (9.8616493157e-01 0.0000000000e+00)
    (9.9265725541e-01 0.0000000000e+00)
    (9.9888405066e-01 0.0000000000e+00)
    (1.0048670871e+00 0.0000000000e+00)
    (1.0106280072e+00 0.0000000000e+00)
    (1.0161883436e+00 0.0000000000e+00)
    (1.0215695406e+00 0.0000000000e+00)
    (1.0267929771e+00 0.0000000000e+00)
    (1.0318799906e+00 0.0000000000e+00)
    (1.0368231653e+00 0.0000000000e+00)
    (1.0417033545e+00 0.0000000000e+00)
    (1.0465120906e+00 0.0000000000e+00)
    (1.0510868807e+00 0.0000000000e+00)
    (1.0558591909e+00 0.0000000000e+00)
    (1.0606532018e+00 0.0000000000e+00)
    (1.0655074201e+00 0.0000000000e+00)
    (1.0704684874e+00 0.0000000000e+00)
    (1.0751997678e+00 0.0000000000e+00)
    (1.0804337622e+00 0.0000000000e+00)
    (1.0860944541e+00 0.0000000000e+00)
    (1.0921800386e+00 0.0000000000e+00)
    (1.0986620881e+00 0.0000000000e+00)
    (1.1060807530e+00 0.0000000000e+00)
    (1.1144567565e+00 0.0000000000e+00)
    (1.1240549778e+00 0.0000000000e+00)
    (1.1350476813e+00 0.0000000000e+00)
    (1.1481500998e+00 0.0000000000e+00)
    (1.1636258816e+00 0.0000000000e+00)
    (1.1819885903e+00 0.0000000000e+00)
    (1.2038177970e+00 0.0000000000e+00)
    (1.2301634392e+00 5.0658754093e-22)
    (1.2609969547e+00 9.7850377597e-22)
    (1.2973623011e+00 1.8306044154e-21)
    (1.3400043219e+00 3.3268322313e-21)
    (1.3902463434e+00 6.8361927941e-21)
    (1.4476740790e+00 1.2101460693e-20)
    (1.5134371389e+00 2.0865157977e-20)
    (1.5880617832e+00 3.5110902641e-20)
    (1.6719409936e+00 5.7742073761e-20)
    (1.7660607111e+00 9.4920522752e-20)
    (1.8689224012e+00 1.4975737697e-19)
    (1.9811674971e+00 2.3185562132e-19)
    (2.1024762205e+00 3.5243824799e-19)
    (2.2323544682e+00 5.2630868508e-19)
    (2.3723894733e+00 7.7541590305e-19)
    (2.5173051548e+00 1.1201867930e-18)
    (2.6685098830e+00 1.5932988041e-18)
    (2.8251127850e+00 2.2328376019e-18)
    (2.9864403851e+00 3.0864503423e-18)
    (3.1511716909e+00 4.2082824228e-18)
    (3.3187345269e+00 5.6652534986e-18)
    (3.4884072290e+00 7.5352391107e-18)
    (3.6595680233e+00 9.9087968024e-18)
    (3.8329812664e+00 1.2896148998e-17)
    (4.0054036496e+00 1.6604612691e-17)
    (4.1781426577e+00 2.1176259797e-17)
    (4.3510158693e+00 2.6763984274e-17)
    (4.5239369987e+00 3.3538881400e-17)
    (4.6971621124e+00 4.1704821796e-17)
    (4.8701409956e+00 5.1446078622e-17)
    (5.0433978981e+00 6.3007489131e-17)
    (5.2171246269e+00 7.6642530556e-17)
    (5.3915564385e+00 9.2626900373e-17)
    (5.5669629672e+00 1.1125888935e-16)
    (5.7436400437e+00 1.3285942971e-16)
    (5.9219025873e+00 1.5777197351e-16)
    (6.1010979378e+00 1.8631792214e-16)
    (6.2835570480e+00 2.1898959868e-16)
    (6.4679920424e+00 2.5611770556e-16)
    (6.6560078498e+00 2.9818865843e-16)
    (6.8473428105e+00 3.4566640723e-16)
    (7.0423340173e+00 3.9902029123e-16)
    (7.2409465160e+00 4.5871606051e-16)
    (7.4442081971e+00 5.2530331898e-16)
    (7.6521663603e+00 5.9934303659e-16)
    (7.8676105911e+00 6.8212898912e-16)
    (8.0858487204e+00 7.7285245994e-16)
    (8.3098278045e+00 8.7278840091e-16)
    (8.5398932951e+00 9.8256330837e-16)
    (8.7763949131e+00 1.1028227095e-15)
    (9.0196879697e+00 1.2342306758e-15)
    (9.2670974767e+00 1.3764398159e-15)
    (9.5251096886e+00 1.5321221604e-15)
    (9.7910839770e+00 1.7011252476e-15)
    (1.0065371630e+01 1.8841266185e-15)
    (1.0346344593e+01 2.0811969798e-15)
    (1.0638438926e+01 2.2943040009e-15)
    (1.0940187398e+01 2.5237919800e-15)
    (1.1925355136e+01 3.2861563303e-15)
    (1.2308824412e+01 3.6213526089e-15)
    (1.2709276652e+01 3.9826724886e-15)
    (1.3126439691e+01 4.3715123071e-15)
    (1.3561263285e+01 4.7892562567e-15)
    (1.4012493747e+01 5.2357280628e-15)
    (1.4484291915e+01 5.7138625011e-15)
    (1.4973992379e+01 6.2240689466e-15)
    (1.5487666223e+01 6.7683824389e-15)
    (1.6023909695e+01 7.3477015830e-15)
    (1.6583468512e+01 7.9634981871e-15)
    (1.7168941463e+01 8.6167672365e-15)
    (1.7781023452e+01 9.3087454068e-15)
    (1.8422151615e+01 1.0041901031e-14)
    (1.9092649339e+01 1.0815215608e-14)
    (1.9794733945e+01 1.1630666947e-14)
    (2.0530664058e+01 1.2489619250e-14)
    (2.1299508263e+01 1.3390912310e-14)
    (2.2109288431e+01 1.4339474588e-14)
    (2.2959485968e+01 1.5334255492e-14)
    (2.3850104879e+01 1.6373349329e-14)
    (2.4788921536e+01 1.7462584892e-14)
    (2.5776295005e+01 1.8599938738e-14)
    (2.6817698048e+01 1.9787365998e-14)
    (2.7909067436e+01 2.1018764078e-14)
    (2.9061538888e+01 2.2302050937e-14)
    (3.0279874265e+01 2.3636084727e-14)
    (3.1556757395e+01 2.5011070395e-14)
    (3.2908931845e+01 2.6439556143e-14)
    (3.4342348823e+01 2.7918094368e-14)
    (3.5842127009e+01 2.9432383896e-14)
    (3.7437719791e+01 3.1000581614e-14)
    (3.9117090489e+01 3.2602313276e-14)
    (4.0644106575e+01 3.4092930579e-14)
    (4.2796040127e+01 3.5953574521e-14)
    (4.4789131155e+01 3.7675952832e-14)
    (4.6589221150e+01 3.9270617981e-14)
    (4.9179324484e+01 4.1254787788e-14)
    (5.1201199815e+01 4.2916331165e-14)
    (5.4099126670e+01 4.4939667355e-14)
    (5.6778858337e+01 4.6804403679e-14)
    (5.9117854096e+01 4.8490978625e-14)
    (6.2718461942e+01 5.0635691431e-14)
    (6.5410085846e+01 5.2379606838e-14)
    (6.9496742822e+01 5.4533066596e-14)
    (7.3180976752e+01 5.6460316883e-14)
    (7.7182577491e+01 5.8420525558e-14)
    (8.1420085225e+01 6.0354606028e-14)
    (8.6011788405e+01 6.2301541201e-14)
    (9.0867763137e+01 6.4199577025e-14)
    (9.6165388139e+01 6.6113632221e-14)
    (1.0177823578e+02 6.7970791395e-14)
    (1.0792309375e+02 6.9830809613e-14)
    (1.1458604701e+02 7.1655464013e-14)
    (1.2160542734e+02 7.3400159163e-14)
    (1.2939531717e+02 7.5139638256e-14)
    (1.3542361118e+02 7.6513755057e-14)
    (1.4388362195e+02 7.8048557272e-14)
    (1.5371740495e+02 7.9649295456e-14)
    (1.6736124994e+02 8.1486646053e-14)
    (1.7556818514e+02 8.2601099562e-14)
    (1.9180551086e+02 8.4271058670e-14)
    (2.0148427830e+02 8.5225587192e-14)
);
