// k[EI_N2_EXC_N2_W1] [m^3/s] vs reducedE [V m^2]; air_plasma [94c490be646f8872], T_gas = 300.000000 K
(
    (0 0.0000000000e+00)
    (1.0000000000e-22 0.0000000000e+00)
    (1.0452754953e-22 0.0000000000e+00)
    (1.0926008611e-22 0.0000000000e+00)
    (1.1420689063e-22 0.0000000000e+00)
    (1.1937766417e-22 0.0000000000e+00)
    (1.2478254705e-22 0.0000000000e+00)
    (1.3043213867e-22 0.0000000000e+00)
    (1.3633751836e-22 0.0000000000e+00)
    (1.4251026703e-22 0.0000000000e+00)
    (1.4896248996e-22 0.0000000000e+00)
    (1.5570684048e-22 0.0000000000e+00)
    (1.6275654480e-22 0.0000000000e+00)
    (1.7012542799e-22 0.0000000000e+00)
    (1.7782794100e-22 0.0000000000e+00)
    (1.8587918911e-22 0.0000000000e+00)
    (1.9429496147e-22 0.0000000000e+00)
    (2.0309176209e-22 0.0000000000e+00)
    (2.1228684221e-22 0.0000000000e+00)
    (2.2189823415e-22 0.0000000000e+00)
    (2.3194478661e-22 0.0000000000e+00)
    (2.4244620171e-22 0.0000000000e+00)
    (2.5342307358e-22 0.0000000000e+00)
    (2.6489692876e-22 0.0000000000e+00)
    (2.7689026842e-22 0.0000000000e+00)
    (2.8942661247e-22 0.0000000000e+00)
    (3.0253054571e-22 0.0000000000e+00)
    (3.1622776602e-22 0.0000000000e+00)
    (3.3054513476e-22 0.0000000000e+00)
    (3.4551072946e-22 0.0000000000e+00)
    (3.6115389887e-22 0.0000000000e+00)
    (3.7750532053e-22 0.0000000000e+00)
    (3.9459706091e-22 0.0000000000e+00)
    (4.1246263829e-22 0.0000000000e+00)
    (4.3113708854e-22 0.0000000000e+00)
    (4.5065703377e-22 0.0000000000e+00)
    (4.7106075420e-22 0.0000000000e+00)
    (4.9238826317e-22 0.0000000000e+00)
    (5.1468138568e-22 0.0000000000e+00)
    (5.3798384034e-22 0.0000000000e+00)
    (5.6234132519e-22 0.0000000000e+00)
    (5.8780160723e-22 0.0000000000e+00)
    (6.1441461614e-22 0.0000000000e+00)
    (6.4223254222e-22 0.0000000000e+00)
    (6.7130993868e-22 0.0000000000e+00)
    (7.0170382867e-22 0.0000000000e+00)
    (7.3347381708e-22 0.0000000000e+00)
    (7.6668220745e-22 0.0000000000e+00)
    (8.0139412415e-22 0.0000000000e+00)
    (8.3767764007e-22 0.0000000000e+00)
    (8.7560391014e-22 0.0000000000e+00)
    (9.1524731088e-22 0.0000000000e+00)
    (9.5668558622e-22 0.0000000000e+00)
    (1.0000000000e-21 0.0000000000e+00)
    (1.0452754953e-21 0.0000000000e+00)
    (1.0926008611e-21 0.0000000000e+00)
    (1.1420689063e-21 0.0000000000e+00)
    (1.1937766417e-21 0.0000000000e+00)
    (1.2478254705e-21 0.0000000000e+00)
    (1.3043213867e-21 0.0000000000e+00)
    (1.3633751836e-21 0.0000000000e+00)
    (1.4251026703e-21 0.0000000000e+00)
    (1.4896248996e-21 0.0000000000e+00)
    (1.5570684048e-21 0.0000000000e+00)
    (1.6275654480e-21 0.0000000000e+00)
    (1.7012542799e-21 0.0000000000e+00)
    (1.7782794100e-21 0.0000000000e+00)
    (1.8587918911e-21 0.0000000000e+00)
    (1.9429496147e-21 0.0000000000e+00)
    (2.0309176209e-21 0.0000000000e+00)
    (2.1228684221e-21 0.0000000000e+00)
    (2.2189823415e-21 0.0000000000e+00)
    (2.3194478661e-21 0.0000000000e+00)
    (2.4244620171e-21 0.0000000000e+00)
    (2.5342307358e-21 0.0000000000e+00)
    (2.6489692876e-21 0.0000000000e+00)
    (2.7689026842e-21 0.0000000000e+00)
    (2.8942661247e-21 0.0000000000e+00)
    (3.0253054571e-21 0.0000000000e+00)
    (3.1622776602e-21 0.0000000000e+00)
    (3.3054513476e-21 0.0000000000e+00)
    (3.4551072946e-21 0.0000000000e+00)
    (3.6115389887e-21 0.0000000000e+00)
    (3.7750532053e-21 0.0000000000e+00)
    (3.9459706091e-21 0.0000000000e+00)
    (4.1246263829e-21 0.0000000000e+00)
    (4.3113708854e-21 0.0000000000e+00)
    (4.5065703377e-21 0.0000000000e+00)
    (4.7106075420e-21 0.0000000000e+00)
    (4.9238826317e-21 0.0000000000e+00)
    (5.1468138568e-21 0.0000000000e+00)
    (5.3798384034e-21 0.0000000000e+00)
    (5.6234132519e-21 0.0000000000e+00)
    (5.8780160723e-21 0.0000000000e+00)
    (6.1441461614e-21 0.0000000000e+00)
    (6.4223254222e-21 0.0000000000e+00)
    (6.7130993868e-21 0.0000000000e+00)
    (7.0170382867e-21 0.0000000000e+00)
    (7.3347381708e-21 0.0000000000e+00)
    (7.6668220745e-21 0.0000000000e+00)
    (8.0139412415e-21 0.0000000000e+00)
    (8.3767764007e-21 0.0000000000e+00)
    (8.7560391014e-21 0.0000000000e+00)
    (9.1524731088e-21 0.0000000000e+00)
    (9.5668558622e-21 0.0000000000e+00)
    (1.0000000000e-20 0.0000000000e+00)
    (1.0452754953e-20 0.0000000000e+00)
    (1.0926008611e-20 0.0000000000e+00)
    (1.1420689063e-20 0.0000000000e+00)
    (1.1937766417e-20 0.0000000000e+00)
    (1.2478254705e-20 0.0000000000e+00)
    (1.3043213867e-20 0.0000000000e+00)
    (1.3633751836e-20 0.0000000000e+00)
    (1.4251026703e-20 0.0000000000e+00)
    (1.4896248996e-20 0.0000000000e+00)
    (1.5570684048e-20 0.0000000000e+00)
    (1.6275654480e-20 0.0000000000e+00)
    (1.7012542799e-20 0.0000000000e+00)
    (1.7782794100e-20 0.0000000000e+00)
    (1.8587918911e-20 0.0000000000e+00)
    (1.9429496147e-20 0.0000000000e+00)
    (2.0309176209e-20 0.0000000000e+00)
    (2.1228684221e-20 0.0000000000e+00)
    (2.2189823415e-20 0.0000000000e+00)
    (2.3194478661e-20 0.0000000000e+00)
    (2.4244620171e-20 0.0000000000e+00)
    (2.5342307358e-20 0.0000000000e+00)
    (2.6489692876e-20 0.0000000000e+00)
    (2.7689026842e-20 1.2073452210e-22)
    (2.8942661247e-20 6.7465137969e-22)
    (3.0253054571e-20 1.2451434251e-21)
    (3.1622776602e-20 2.2425764571e-21)
    (3.3054513476e-20 4.2700512041e-21)
    (3.4551072946e-20 7.4088745690e-21)
    (3.6115389887e-20 1.2578949170e-20)
    (3.7750532053e-20 2.0917282517e-20)
    (3.9459706091e-20 3.4053917692e-20)
    (4.1246263829e-20 5.4370501742e-20)
    (4.3113708854e-20 8.5224971385e-20)
    (4.5065703377e-20 1.3123892357e-19)
    (4.7106075420e-20 1.9866071198e-19)
    (4.9238826317e-20 2.9738423341e-19)
    (5.1468138568e-20 4.3500264796e-19)
    (5.3798384034e-20 6.2645410695e-19)
    (5.6234132519e-20 8.8856809393e-19)
    (5.8780160723e-20 1.2459803795e-18)
    (6.1441461614e-20 1.7154283794e-18)
    (6.4223254222e-20 2.3288052180e-18)
    (6.7130993868e-20 3.1184343617e-18)
    (7.0170382867e-20 4.1202738933e-18)
    (7.3347381708e-20 5.3859463072e-18)
    (7.6668220745e-20 6.9320001324e-18)
    (8.0139412415e-20 8.8129229819e-18)
    (8.3767764007e-20 1.1071530382e-17)
    (8.7560391014e-20 1.3749666168e-17)
    (9.1524731088e-20 1.6926217929e-17)
    (9.5668558622e-20 2.0561371697e-17)
    (1.0000000000e-19 2.4724093502e-17)
    (1.0452754953e-19 2.9441757798e-17)
    (1.0926008611e-19 3.4748625064e-17)
    (1.1420689063e-19 4.0636379078e-17)
    (1.1937766417e-19 4.7128157597e-17)
    (1.2478254705e-19 5.4229138618e-17)
    (1.3043213867e-19 6.1939178212e-17)
    (1.3633751836e-19 7.0291800654e-17)
    (1.4251026703e-19 7.9193177499e-17)
    (1.4896248996e-19 8.8674417571e-17)
    (1.5570684048e-19 9.8717619536e-17)
    (1.6275654480e-19 1.0930126228e-16)
    (1.7012542799e-19 1.2041634705e-16)
    (1.7782794100e-19 1.3199951529e-16)
    (1.8587918911e-19 1.4404020364e-16)
    (1.9429496147e-19 1.5650528237e-16)
    (2.0309176209e-19 1.6935929962e-16)
    (2.1228684221e-19 1.8256471735e-16)
    (2.2189823415e-19 1.9608215588e-16)
    (2.3194478661e-19 2.0987065171e-16)
    (2.4244620171e-19 2.2385874798e-16)
    (2.5342307358e-19 2.3806482879e-16)
    (2.6489692876e-19 2.5239008171e-16)
    (2.7689026842e-19 2.6683927767e-16)
    (2.8942661247e-19 2.8134474043e-16)
    (3.0253054571e-19 2.9586309399e-16)
    (3.1622776602e-19 3.1033116014e-16)
    (3.3054513476e-19 3.2474497143e-16)
    (3.4551072946e-19 3.3904654764e-16)
    (3.6115389887e-19 3.5331469362e-16)
    (3.7750532053e-19 3.6726434628e-16)
    (3.9459706091e-19 3.8098870894e-16)
    (4.1246263829e-19 3.9445324943e-16)
    (4.3113708854e-19 4.0762522848e-16)
    (4.5065703377e-19 4.2047372915e-16)
    (4.7106075420e-19 4.3283441145e-16)
    (4.9238826317e-19 4.4495606858e-16)
    (5.1468138568e-19 4.5667130756e-16)
    (5.3798384034e-19 4.6795710098e-16)
    (5.6234132519e-19 4.7870375833e-16)
    (5.8780160723e-19 4.8907089129e-16)
    (6.1441461614e-19 4.9894635681e-16)
    (6.4223254222e-19 5.3014494265e-16)
    (6.7130993868e-19 5.3892445368e-16)
    (7.0170382867e-19 5.4709554498e-16)
    (7.3347381708e-19 5.5455427675e-16)
    (7.6668220745e-19 5.6128331944e-16)
    (8.0139412415e-19 5.6720090038e-16)
    (8.3767764007e-19 5.7243723754e-16)
    (8.7560391014e-19 5.7675407747e-16)
    (9.1524731088e-19 5.8047436281e-16)
    (9.5668558622e-19 5.8342621347e-16)
    (1.0000000000e-18 5.8551782182e-16)
    (1.0452754953e-18 5.8693907684e-16)
    (1.0926008611e-18 5.8760302577e-16)
    (1.1420689063e-18 5.8743716526e-16)
    (1.1937766417e-18 5.8661267378e-16)
    (1.2478254705e-18 5.8506596514e-16)
    (1.3043213867e-18 5.8281130546e-16)
    (1.3633751836e-18 5.7968809287e-16)
    (1.4251026703e-18 5.7608866477e-16)
    (1.4896248996e-18 5.7184000949e-16)
    (1.5570684048e-18 5.6680582460e-16)
    (1.6275654480e-18 5.6134248021e-16)
    (1.7012542799e-18 5.5530231117e-16)
    (1.7782794100e-18 5.4870247758e-16)
    (1.8587918911e-18 5.4147264530e-16)
    (1.9429496147e-18 5.3387164918e-16)
    (2.0309176209e-18 5.2579152962e-16)
    (2.1228684221e-18 5.1720630348e-16)
    (2.2189823415e-18 5.0829155627e-16)
    (2.3194478661e-18 4.9897865857e-16)
    (2.4244620171e-18 4.8921308448e-16)
    (2.5342307358e-18 4.7924337092e-16)
    (2.6489692876e-18 4.6882327689e-16)
    (2.7689026842e-18 4.5762382269e-16)
    (2.8942661247e-18 4.4752165832e-16)
    (3.0253054571e-18 4.3639675282e-16)
    (3.1622776602e-18 4.2459646809e-16)
    (3.3054513476e-18 4.1385408817e-16)
    (3.4551072946e-18 4.0192773739e-16)
    (3.6115389887e-18 3.9066445552e-16)
    (3.7750532053e-18 3.7889304439e-16)
    (3.9459706091e-18 3.6646989140e-16)
    (4.1246263829e-18 3.5510052701e-16)
    (4.3113708854e-18 3.4291899483e-16)
    (4.5065703377e-18 3.3132651218e-16)
    (4.7106075420e-18 3.1939376823e-16)
    (4.9238826317e-18 3.0753315006e-16)
    (5.1468138568e-18 2.9560959821e-16)
    (5.3798384034e-18 2.8386808639e-16)
    (5.6234132519e-18 2.7216246990e-16)
    (5.8780160723e-18 2.6061098516e-16)
    (6.1441461614e-18 2.4907347312e-16)
    (6.4223254222e-18 2.3778797197e-16)
    (6.7130993868e-18 2.2664741644e-16)
    (7.0170382867e-18 2.1565863682e-16)
    (7.3347381708e-18 2.0488357149e-16)
    (7.6668220745e-18 1.9382311348e-16)
    (8.0139412415e-18 1.8348649814e-16)
    (8.3767764007e-18 1.7345662660e-16)
    (8.7560391014e-18 1.6384784172e-16)
    (9.1524731088e-18 1.5373068465e-16)
    (9.5668558622e-18 1.4485305627e-16)
    (1.0000000000e-17 1.3541338504e-16)
);
