// k[EI_O2_EXC_O2_A1] [m^3/s] vs reducedE [V m^2]; air_plasma [94c490be646f8872], T_gas = 300.000000 K
(
    (0 0.0000000000e+00)
    (1.0000000000e-22 0.0000000000e+00)
    (1.0452754953e-22 0.0000000000e+00)
    (1.0926008611e-22 0.0000000000e+00)
    (1.1420689063e-22 0.0000000000e+00)
    (1.1937766417e-22 0.0000000000e+00)
    (1.2478254705e-22 0.0000000000e+00)
    (1.3043213867e-22 0.0000000000e+00)
    (1.3633751836e-22 0.0000000000e+00)
    (1.4251026703e-22 0.0000000000e+00)
    (1.4896248996e-22 0.0000000000e+00)
    (1.5570684048e-22 0.0000000000e+00)
    (1.6275654480e-22 0.0000000000e+00)
    (1.7012542799e-22 0.0000000000e+00)
    (1.7782794100e-22 0.0000000000e+00)
    (1.8587918911e-22 0.0000000000e+00)
    (1.9429496147e-22 0.0000000000e+00)
    (2.0309176209e-22 0.0000000000e+00)
    (2.1228684221e-22 0.0000000000e+00)
    (2.2189823415e-22 0.0000000000e+00)
    (2.3194478661e-22 0.0000000000e+00)
    (2.4244620171e-22 7.9850271822e-24)
    (2.5342307358e-22 7.5899131425e-24)
    (2.6489692876e-22 7.1911325721e-24)
    (2.7689026842e-22 6.7898911226e-24)
    (2.8942661247e-22 6.3878307531e-24)
    (3.0253054571e-22 5.9869440489e-24)
    (3.1622776602e-22 5.5895542100e-24)
    (3.3054513476e-22 5.1980071541e-24)
    (3.4551072946e-22 4.8150022859e-24)
    (3.6115389887e-22 4.4433394977e-24)
    (3.7750532053e-22 4.0860488862e-24)
    (3.9459706091e-22 3.7465524502e-24)
    (4.1246263829e-22 3.4289697482e-24)
    (4.3113708854e-22 3.1386339166e-24)
    (4.5065703377e-22 2.8829110044e-24)
    (4.7106075420e-22 2.6724507848e-24)
    (4.9238826317e-22 2.5230423379e-24)
    (5.1468138568e-22 2.4583037057e-24)
    (5.3798384034e-22 2.5135012415e-24)
    (5.6234132519e-22 2.7408697704e-24)
    (5.8780160723e-22 3.2168832377e-24)
    (6.1441461614e-22 4.0519997736e-24)
    (6.4223254222e-22 5.4034648741e-24)
    (6.7130993868e-22 7.4917921503e-24)
    (7.0170382867e-22 1.0621531240e-23)
    (7.3347381708e-22 1.3650194332e-22)
    (7.6668220745e-22 3.2059640037e-22)
    (8.0139412415e-22 4.6356615736e-22)
    (8.3767764007e-22 6.8298042629e-22)
    (8.7560391014e-22 1.0139545491e-21)
    (9.1524731088e-22 1.5358221992e-21)
    (9.5668558622e-22 2.2780722397e-21)
    (1.0000000000e-21 3.3579678821e-21)
    (1.0452754953e-21 4.9092483929e-21)
    (1.0926008611e-21 7.1103509712e-21)
    (1.1420689063e-21 1.0237331597e-20)
    (1.1937766417e-21 1.4528450401e-20)
    (1.2478254705e-21 2.0409860106e-20)
    (1.3043213867e-21 2.8378254243e-20)
    (1.3633751836e-21 3.9050928133e-20)
    (1.4251026703e-21 5.3183273580e-20)
    (1.4896248996e-21 7.1685140574e-20)
    (1.5570684048e-21 9.5634525910e-20)
    (1.6275654480e-21 1.2628705275e-19)
    (1.7012542799e-21 1.6507943744e-19)
    (1.7782794100e-21 2.1346866671e-19)
    (1.8587918911e-21 2.7347807897e-19)
    (1.9429496147e-21 3.4689883538e-19)
    (2.0309176209e-21 4.3573371535e-19)
    (2.1228684221e-21 5.4203699188e-19)
    (2.2189823415e-21 6.6785742744e-19)
    (2.3194478661e-21 8.1517395404e-19)
    (2.4244620171e-21 9.8582729161e-19)
    (2.5342307358e-21 1.1814511606e-18)
    (2.6489692876e-21 1.4034078456e-18)
    (2.7689026842e-21 1.6527319174e-18)
    (2.8942661247e-21 1.9300858017e-18)
    (3.0253054571e-21 2.2357301682e-18)
    (3.1622776602e-21 2.5695105492e-18)
    (3.3054513476e-21 2.9308607018e-18)
    (3.4551072946e-21 3.3188218025e-18)
    (3.6115389887e-21 3.7320755259e-18)
    (3.7750532053e-21 4.1689884939e-18)
    (3.9459706091e-21 4.6276647968e-18)
    (4.1246263829e-21 5.1060035251e-18)
    (4.3113708854e-21 5.6017581922e-18)
    (4.5065703377e-21 6.1125953636e-18)
    (4.7106075420e-21 6.6361502916e-18)
    (4.9238826317e-21 7.1679847872e-18)
    (5.1468138568e-21 7.7093892243e-18)
    (5.3798384034e-21 8.2565050583e-18)
    (5.6234132519e-21 8.8072239453e-18)
    (5.8780160723e-21 9.3595818239e-18)
    (6.1441461614e-21 9.9117756712e-18)
    (6.4223254222e-21 1.0462174609e-17)
    (6.7130993868e-21 1.1009326187e-17)
    (7.0170382867e-21 1.1551958328e-17)
    (7.3347381708e-21 1.2088977987e-17)
    (7.6668220745e-21 1.2619467174e-17)
    (8.0139412415e-21 1.3142677098e-17)
    (8.3767764007e-21 1.3658021085e-17)
    (8.7560391014e-21 1.4165066855e-17)
    (9.1524731088e-21 1.4663528615e-17)
    (9.5668558622e-21 1.5153259386e-17)
    (1.0000000000e-20 1.5634243819e-17)
    (1.0452754953e-20 1.6106591711e-17)
    (1.0926008611e-20 1.6570532295e-17)
    (1.1420689063e-20 1.7026409393e-17)
    (1.1937766417e-20 1.7473355081e-17)
    (1.2478254705e-20 1.7914183124e-17)
    (1.3043213867e-20 1.8348521616e-17)
    (1.3633751836e-20 1.8777106579e-17)
    (1.4251026703e-20 1.9200768753e-17)
    (1.4896248996e-20 1.9620432012e-17)
    (1.5570684048e-20 2.0037112253e-17)
    (1.6275654480e-20 2.0451916722e-17)
    (1.7012542799e-20 2.0866043785e-17)
    (1.7782794100e-20 2.1280783199e-17)
    (1.8587918911e-20 2.1697516722e-17)
    (1.9429496147e-20 2.2116114639e-17)
    (2.0309176209e-20 2.2541739855e-17)
    (2.1228684221e-20 2.2974291978e-17)
    (2.2189823415e-20 2.3409175450e-17)
    (2.3194478661e-20 2.3870517378e-17)
    (2.4244620171e-20 2.4350968646e-17)
    (2.5342307358e-20 2.4856522917e-17)
    (2.6489692876e-20 2.5395160698e-17)
    (2.7689026842e-20 2.5940034886e-17)
    (2.8942661247e-20 2.6559513651e-17)
    (3.0253054571e-20 2.7264486002e-17)
    (3.1622776602e-20 2.8063549227e-17)
    (3.3054513476e-20 2.8987396078e-17)
    (3.4551072946e-20 3.0074502226e-17)
    (3.6115389887e-20 3.1368532727e-17)
    (3.7750532053e-20 3.2926424312e-17)
    (3.9459706091e-20 3.4818546782e-17)
    (4.1246263829e-20 3.7132348171e-17)
    (4.3113708854e-20 3.9958208387e-17)
    (4.5065703377e-20 4.3406162865e-17)
    (4.7106075420e-20 4.7599560730e-17)
    (4.9238826317e-20 5.2803082346e-17)
    (5.1468138568e-20 5.8922620548e-17)
    (5.3798384034e-20 6.6217071080e-17)
    (5.6234132519e-20 7.4836028938e-17)
    (5.8780160723e-20 8.5075915070e-17)
    (6.1441461614e-20 9.6774762070e-17)
    (6.4223254222e-20 1.1018243670e-16)
    (6.7130993868e-20 1.2538213827e-16)
    (7.0170382867e-20 1.4242279189e-16)
    (7.3347381708e-20 1.6154201195e-16)
    (7.6668220745e-20 1.8223403925e-16)
    (8.0139412415e-20 2.0465762830e-16)
    (8.3767764007e-20 2.2869056906e-16)
    (8.7560391014e-20 2.5417100045e-16)
    (9.1524731088e-20 2.8141538713e-16)
    (9.5668558622e-20 3.0916395028e-16)
    (1.0000000000e-19 3.3770153951e-16)
    (1.0452754953e-19 3.6678340773e-16)
    (1.0926008611e-19 3.9626192153e-16)
    (1.1420689063e-19 4.2570612172e-16)
    (1.1937766417e-19 4.5499973951e-16)
    (1.2478254705e-19 4.8394554314e-16)
    (1.3043213867e-19 5.1237023700e-16)
    (1.3633751836e-19 5.4039729382e-16)
    (1.4251026703e-19 5.6730356162e-16)
    (1.4896248996e-19 5.9332863683e-16)
    (1.5570684048e-19 6.1839872984e-16)
    (1.6275654480e-19 6.4246085927e-16)
    (1.7012542799e-19 6.6555375731e-16)
    (1.7782794100e-19 6.8748843946e-16)
    (1.8587918911e-19 7.0835891415e-16)
    (1.9429496147e-19 7.2816960122e-16)
    (2.0309176209e-19 7.4693336831e-16)
    (2.1228684221e-19 7.6466957500e-16)
    (2.2189823415e-19 7.8140238266e-16)
    (2.3194478661e-19 7.9715932091e-16)
    (2.4244620171e-19 8.1183529700e-16)
    (2.5342307358e-19 8.2573299826e-16)
    (2.6489692876e-19 8.3866080529e-16)
    (2.7689026842e-19 8.5082356284e-16)
    (2.8942661247e-19 8.6216394095e-16)
    (3.0253054571e-19 8.7271152157e-16)
    (3.1622776602e-19 8.8246460488e-16)
    (3.3054513476e-19 8.9150388292e-16)
    (3.4551072946e-19 8.9983161944e-16)
    (3.6115389887e-19 9.0773356738e-16)
    (3.7750532053e-19 9.1467750455e-16)
    (3.9459706091e-19 9.2098025037e-16)
    (4.1246263829e-19 9.2666106304e-16)
    (4.3113708854e-19 9.3173797563e-16)
    (4.5065703377e-19 9.3622788865e-16)
    (4.7106075420e-19 9.3986949054e-16)
    (4.9238826317e-19 9.4324893957e-16)
    (5.1468138568e-19 9.4608492604e-16)
    (5.3798384034e-19 9.4839170470e-16)
    (5.6234132519e-19 9.4999552128e-16)
    (5.8780160723e-19 9.5129369722e-16)
    (6.1441461614e-19 9.5209938190e-16)
    (6.4223254222e-19 9.5562953986e-16)
    (6.7130993868e-19 9.5439083838e-16)
    (7.0170382867e-19 9.5275354963e-16)
    (7.3347381708e-19 9.5057662767e-16)
    (7.6668220745e-19 9.4787540228e-16)
    (8.0139412415e-19 9.4456658006e-16)
    (8.3767764007e-19 9.4087669176e-16)
    (8.7560391014e-19 9.3646897712e-16)
    (9.1524731088e-19 9.3188701437e-16)
    (9.5668558622e-19 9.2688081974e-16)
    (1.0000000000e-18 9.2134700748e-16)
    (1.0452754953e-18 9.1556953195e-16)
    (1.0926008611e-18 9.0944561913e-16)
    (1.1420689063e-18 9.0287749346e-16)
    (1.1937766417e-18 8.9614829943e-16)
    (1.2478254705e-18 8.8916372298e-16)
    (1.3043213867e-18 8.8195544694e-16)
    (1.3633751836e-18 8.7431363850e-16)
    (1.4251026703e-18 8.6678208899e-16)
    (1.4896248996e-18 8.5913025761e-16)
    (1.5570684048e-18 8.5117335149e-16)
    (1.6275654480e-18 8.4341146967e-16)
    (1.7012542799e-18 8.3564229434e-16)
    (1.7782794100e-18 8.2790425078e-16)
    (1.8587918911e-18 8.2008147950e-16)
    (1.9429496147e-18 8.1253900870e-16)
    (2.0309176209e-18 8.0514996739e-16)
    (2.1228684221e-18 7.9783536596e-16)
    (2.2189823415e-18 7.9087608744e-16)
    (2.3194478661e-18 7.8419526373e-16)
    (2.4244620171e-18 7.7761653980e-16)
    (2.5342307358e-18 7.7161427065e-16)
    (2.6489692876e-18 7.6576045940e-16)
    (2.7689026842e-18 7.5849747759e-16)
    (2.8942661247e-18 7.5590676881e-16)
    (3.0253054571e-18 7.5147046958e-16)
    (3.1622776602e-18 7.4549791438e-16)
    (3.3054513476e-18 7.4478560414e-16)
    (3.4551072946e-18 7.4013318996e-16)
    (3.6115389887e-18 7.4031354730e-16)
    (3.7750532053e-18 7.3900158150e-16)
    (3.9459706091e-18 7.3556786937e-16)
    (4.1246263829e-18 7.3860566319e-16)
    (4.3113708854e-18 7.3718739574e-16)
    (4.5065703377e-18 7.4166789327e-16)
    (4.7106075420e-18 7.4414154344e-16)
    (4.9238826317e-18 7.4779278694e-16)
    (5.1468138568e-18 7.5197863099e-16)
    (5.3798384034e-18 7.5747931654e-16)
    (5.6234132519e-18 7.6356030990e-16)
    (5.8780160723e-18 7.7104478311e-16)
    (6.1441461614e-18 7.7911111894e-16)
    (6.4223254222e-18 7.8872674337e-16)
    (6.7130993868e-18 7.9949319670e-16)
    (7.0170382867e-18 8.1081705682e-16)
    (7.3347381708e-18 8.2395083514e-16)
    (7.6668220745e-18 8.3241917002e-16)
    (8.0139412415e-18 8.4650024624e-16)
    (8.3767764007e-18 8.6369347185e-16)
    (8.7560391014e-18 8.8812200037e-16)
    (9.1524731088e-18 9.0066328465e-16)
    (9.5668558622e-18 9.2859509699e-16)
    (1.0000000000e-17 9.4345842393e-16)
);
