// k[EI_N2_EXC_N2_V2] [m^3/s] vs mean energy [eV]; air_plasma [94c490be646f8872], T_gas = 300.000000 K
(
    (0 0.0000000000e+00)
    (1.3716736877e-01 0.0000000000e+00)
    (1.4076967004e-01 0.0000000000e+00)
    (1.4397591983e-01 0.0000000000e+00)
    (1.4684102077e-01 0.0000000000e+00)
    (1.4941193350e-01 0.0000000000e+00)
    (1.5172852860e-01 0.0000000000e+00)
    (1.5382471337e-01 0.0000000000e+00)
    (1.5572953486e-01 0.0000000000e+00)
    (1.5746814299e-01 0.0000000000e+00)
    (1.5906258451e-01 0.0000000000e+00)
    (1.6040177321e-01 0.0000000000e+00)
    (1.6189529828e-01 0.0000000000e+00)
    (1.6316717670e-01 0.0000000000e+00)
    (1.6436277106e-01 0.0000000000e+00)
    (1.6549569504e-01 0.0000000000e+00)
    (1.6657864137e-01 0.0000000000e+00)
    (1.6762350584e-01 0.0000000000e+00)
    (1.6865351356e-01 0.0000000000e+00)
    (1.6965530759e-01 0.0000000000e+00)
    (1.7065088677e-01 0.0000000000e+00)
    (1.7163694874e-01 0.0000000000e+00)
    (1.7264754568e-01 0.0000000000e+00)
    (1.7367870384e-01 0.0000000000e+00)
    (1.7473842382e-01 0.0000000000e+00)
    (1.7583425455e-01 0.0000000000e+00)
    (1.7697330632e-01 0.0000000000e+00)
    (1.7816226381e-01 0.0000000000e+00)
    (1.7940739973e-01 0.0000000000e+00)
    (1.8071459251e-01 0.0000000000e+00)
    (1.8208934620e-01 0.0000000000e+00)
    (1.8353681581e-01 0.0000000000e+00)
    (1.8506183817e-01 0.0000000000e+00)
    (1.8666896889e-01 0.0000000000e+00)
    (1.8836252602e-01 0.0000000000e+00)
    (1.9014664040e-01 0.0000000000e+00)
    (1.9202531289e-01 0.0000000000e+00)
    (1.9400247796e-01 0.0000000000e+00)
    (1.9608207355e-01 0.0000000000e+00)
    (1.9826811637e-01 0.0000000000e+00)
    (2.0056478234e-01 0.0000000000e+00)
    (2.0297649148e-01 0.0000000000e+00)
    (2.0550799658e-01 0.0000000000e+00)
    (2.0816447512e-01 0.0000000000e+00)
    (2.1095162348e-01 0.0000000000e+00)
    (2.1387575250e-01 0.0000000000e+00)
    (2.1694252519e-01 0.0000000000e+00)
    (2.2014784268e-01 0.0000000000e+00)
    (2.2353442384e-01 0.0000000000e+00)
    (2.2709473824e-01 0.0000000000e+00)
    (2.3084124291e-01 0.0000000000e+00)
    (2.3479830546e-01 0.0000000000e+00)
    (2.3896127860e-01 0.0000000000e+00)
    (2.4336008158e-01 0.0000000000e+00)
    (2.4801609114e-01 0.0000000000e+00)
    (2.5295357748e-01 0.0000000000e+00)
    (2.5819912151e-01 4.3403017696e-24)
    (2.6378573470e-01 4.5674623587e-24)
    (2.6974624072e-01 5.5866923378e-24)
    (2.7611826438e-01 8.0155595291e-24)
    (2.8294267020e-01 1.2938559020e-23)
    (2.9026318406e-01 2.2199228411e-23)
    (2.9812578117e-01 3.8846762508e-23)
    (3.0657780390e-01 6.7778835070e-23)
    (3.1566679772e-01 1.1664791810e-22)
    (3.2543906532e-01 1.9708682028e-22)
    (3.3590884834e-01 1.1043929354e-21)
    (3.4717220621e-01 1.9461093405e-21)
    (3.5923181777e-01 3.3604524588e-21)
    (3.7211011301e-01 5.6877711187e-21)
    (3.8581857835e-01 9.4370792813e-21)
    (4.0035607801e-01 1.5357025071e-20)
    (4.1570758173e-01 2.4517317675e-20)
    (4.3184341715e-01 3.8425566899e-20)
    (4.4871913847e-01 5.9127844657e-20)
    (4.6627605897e-01 8.9367759239e-20)
    (4.8444243519e-01 1.3274738673e-19)
    (5.0313523891e-01 1.9389571558e-19)
    (5.2226241062e-01 2.7864670683e-19)
    (5.4172544282e-01 3.9421620395e-19)
    (5.6142213216e-01 5.4937170172e-19)
    (5.8124933256e-01 7.5458793507e-19)
    (6.0110555710e-01 1.0221819472e-18)
    (6.2089330726e-01 1.3664246069e-18)
    (6.4052103707e-01 1.8036239258e-18)
    (6.5990470387e-01 2.3521806953e-18)
    (6.7896888897e-01 3.0326166100e-18)
    (6.9764750311e-01 3.8675770896e-18)
    (7.1588411412e-01 4.8818119573e-18)
    (7.3358636508e-01 6.0491057095e-18)
    (7.5079956951e-01 7.4827804615e-18)
    (7.6745533679e-01 9.1754723348e-18)
    (7.8353256295e-01 1.1158506604e-17)
    (7.9901751861e-01 1.3464979256e-17)
    (8.1390305888e-01 1.6129750409e-17)
    (8.2818781969e-01 1.9189453793e-17)
    (8.4187543085e-01 2.2682523949e-17)
    (8.5497376287e-01 2.6649229352e-17)
    (8.6749422815e-01 3.1131710774e-17)
    (8.7945114297e-01 3.6174017479e-17)
    (8.9086115759e-01 4.1822133759e-17)
    (9.0174275648e-01 4.8123988559e-17)
    (9.1211582875e-01 5.5129441435e-17)
    (9.2200130648e-01 6.2890239256e-17)
    (9.3142086729e-01 7.1459939717e-17)
    (9.4039669615e-01 8.0893799772e-17)
    (9.4895130096e-01 9.1248629392e-17)
    (9.5710737510e-01 1.0258261351e-16)
    (9.6488770191e-01 1.1495510758e-16)
    (9.7229590192e-01 1.2844913372e-16)
    (9.7938516542e-01 1.4308706592e-16)
    (9.8616492913e-01 1.5894968835e-16)
    (9.9265725317e-01 1.7610013053e-16)
    (9.9888404860e-01 1.9460199018e-16)
    (1.0048670852e+00 2.1451924259e-16)
    (1.0106280054e+00 2.3591619496e-16)
    (1.0161883420e+00 2.5885749113e-16)
    (1.0215695391e+00 2.8340816940e-16)
    (1.0267929757e+00 3.0963377467e-16)
    (1.0318799893e+00 3.3760052102e-16)
    (1.0368231641e+00 3.6727661413e-16)
    (1.0417033534e+00 3.9893029032e-16)
    (1.0465120896e+00 4.3253289838e-16)
    (1.0510868798e+00 4.6758300533e-16)
    (1.0558591901e+00 5.0529463289e-16)
    (1.0606532011e+00 5.4518112751e-16)
    (1.0655074194e+00 5.8732191855e-16)
    (1.0704684867e+00 6.3179866605e-16)
    (1.0751997672e+00 6.7727986934e-16)
    (1.0804337616e+00 7.2617731357e-16)
    (1.0860944535e+00 7.7817453731e-16)
    (1.0921800381e+00 8.3284837521e-16)
    (1.0986620877e+00 8.8939785305e-16)
    (1.1060807526e+00 9.4964351030e-16)
    (1.1144567561e+00 1.0127566002e-15)
    (1.1240549775e+00 1.0787635812e-15)
    (1.1350476809e+00 1.1451007455e-15)
    (1.1481500995e+00 1.2169079071e-15)
    (1.1636258812e+00 1.2914667502e-15)
    (1.1819885899e+00 1.3686190292e-15)
    (1.2038177966e+00 1.4481327546e-15)
    (1.2301634388e+00 1.5291653911e-15)
    (1.2609969543e+00 1.6123310985e-15)
    (1.2973623006e+00 1.6966166593e-15)
    (1.3400043215e+00 1.7814060662e-15)
    (1.3902463429e+00 1.8647898567e-15)
    (1.4476740785e+00 1.9484322190e-15)
    (1.5134371384e+00 2.0301596463e-15)
    (1.5880617826e+00 2.1090329982e-15)
    (1.6719409929e+00 2.1840889496e-15)
    (1.7660607105e+00 2.2496051005e-15)
    (1.8689224005e+00 2.3143492679e-15)
    (1.9811674964e+00 2.3726189060e-15)
    (2.1024762198e+00 2.4237095809e-15)
    (2.2323544675e+00 2.4670625512e-15)
    (2.3723894726e+00 2.5009735307e-15)
    (2.5173051541e+00 2.5278887764e-15)
    (2.6685098823e+00 2.5464183048e-15)
    (2.8251127843e+00 2.5566905667e-15)
    (2.9864403845e+00 2.5559884575e-15)
    (3.1511716903e+00 2.5510495136e-15)
    (3.3187345263e+00 2.5390148611e-15)
    (3.4884072284e+00 2.5204681336e-15)
    (3.6595680228e+00 2.4960404938e-15)
    (3.8329812660e+00 2.4656384241e-15)
    (4.0054036492e+00 2.4314890492e-15)
    (4.1781426573e+00 2.3934091789e-15)
    (4.3510158689e+00 2.3520036166e-15)
    (4.5239369983e+00 2.3078379406e-15)
    (4.6971621121e+00 2.2604129885e-15)
    (4.8701409953e+00 2.2123642571e-15)
    (5.0433978978e+00 2.1629531960e-15)
    (5.2171246267e+00 2.1125528841e-15)
    (5.3915564382e+00 2.0614894405e-15)
    (5.5669629670e+00 2.0100450729e-15)
    (5.7436400435e+00 1.9584617067e-15)
    (5.9219025871e+00 1.9069449014e-15)
    (6.1010979376e+00 1.8547856288e-15)
    (6.2835570479e+00 1.8039982005e-15)
    (6.4679920423e+00 1.7534614243e-15)
    (6.6560078497e+00 1.7037849900e-15)
    (6.8473428104e+00 1.6547765272e-15)
    (7.0423340172e+00 1.6065029315e-15)
    (7.2409465159e+00 1.5579286995e-15)
    (7.4442081970e+00 1.5114058448e-15)
    (7.6521663603e+00 1.4657312541e-15)
    (7.8676105910e+00 1.4187625710e-15)
    (8.0858487204e+00 1.3749935523e-15)
    (8.3098278044e+00 1.3321279561e-15)
    (8.5398932950e+00 1.2901759791e-15)
    (8.7763949131e+00 1.2491439592e-15)
    (9.0196879697e+00 1.2090349884e-15)
    (9.2670974766e+00 1.1704705606e-15)
    (9.5251096885e+00 1.1321758184e-15)
    (9.7910839770e+00 1.0947981234e-15)
    (1.0065371630e+01 1.0583315221e-15)
    (1.0346344593e+01 1.0229408213e-15)
    (1.0638438926e+01 9.8824309530e-16)
    (1.0940187398e+01 9.5443548697e-16)
    (1.1925355136e+01 8.4091018514e-16)
    (1.2308824412e+01 8.0578413607e-16)
    (1.2709276652e+01 7.7264039383e-16)
    (1.3126439691e+01 7.4049003528e-16)
    (1.3561263285e+01 7.0932453591e-16)
    (1.4012493747e+01 6.8002288708e-16)
    (1.4484291915e+01 6.5072615067e-16)
    (1.4973992379e+01 6.2146130178e-16)
    (1.5487666223e+01 5.9418874954e-16)
    (1.6023909695e+01 5.6784051512e-16)
    (1.6583468512e+01 5.4261840855e-16)
    (1.7168941463e+01 5.1803397618e-16)
    (1.7781023451e+01 4.9433036134e-16)
    (1.8422151615e+01 4.7137565787e-16)
    (1.9092649339e+01 4.4938305826e-16)
    (1.9794733945e+01 4.2821185013e-16)
    (2.0530664058e+01 4.0783967703e-16)
    (2.1299508263e+01 3.8763909434e-16)
    (2.2109288431e+01 3.6888554014e-16)
    (2.2959485968e+01 3.5086287863e-16)
    (2.3850104879e+01 3.3400288546e-16)
    (2.4788921536e+01 3.1732242600e-16)
    (2.5776295005e+01 3.0132340694e-16)
    (2.6817698048e+01 2.8597765751e-16)
    (2.7909067436e+01 2.7144059245e-16)
    (2.9061538888e+01 2.5733775201e-16)
    (3.0279874265e+01 2.4383234640e-16)
    (3.1556757395e+01 2.3045738188e-16)
    (3.2908931845e+01 2.1818275486e-16)
    (3.4342348823e+01 2.0643789954e-16)
    (3.5842127009e+01 1.9505853394e-16)
    (3.7437719791e+01 1.8437784651e-16)
    (3.9117090489e+01 1.7434512282e-16)
    (4.0644106575e+01 1.6422051486e-16)
    (4.2796040127e+01 1.5529131429e-16)
    (4.4789131155e+01 1.4653816946e-16)
    (4.6589221150e+01 1.3765519772e-16)
    (4.9179324484e+01 1.3001780861e-16)
    (5.1201199815e+01 1.2210507362e-16)
    (5.4099126670e+01 1.1501101789e-16)
    (5.6778858337e+01 1.0807313027e-16)
    (5.9117854096e+01 1.0150252761e-16)
    (6.2718461942e+01 9.5177719278e-17)
    (6.5410085846e+01 8.9437834586e-17)
    (6.9496742822e+01 8.3712286115e-17)
    (7.3180976752e+01 7.8472307464e-17)
    (7.7182577491e+01 7.3457013770e-17)
    (8.1420085225e+01 6.8698904772e-17)
    (8.6011788405e+01 6.4208719397e-17)
    (9.0867763137e+01 6.0001194299e-17)
    (9.6165388139e+01 5.5983585739e-17)
    (1.0177823578e+02 5.2189471625e-17)
    (1.0792309375e+02 4.8607807577e-17)
    (1.1458604701e+02 4.5226742788e-17)
    (1.2160542734e+02 4.2063300350e-17)
    (1.2939531717e+02 3.9058758713e-17)
    (1.3542361118e+02 3.6319947211e-17)
    (1.4388362195e+02 3.3663488814e-17)
    (1.5371740495e+02 3.1162147736e-17)
    (1.6736124994e+02 2.8705899718e-17)
    (1.7556818514e+02 2.6463470834e-17)
    (1.9180551086e+02 2.4439873926e-17)
    (2.0148427830e+02 2.2399479585e-17)
);
