// k[EI_N2_EXC_N2_V4] [m^3/s] vs mean energy [eV]; air_plasma [94c490be646f8872], T_gas = 300.000000 K
(
    (0 0.0000000000e+00)
    (1.3716736877e-01 0.0000000000e+00)
    (1.4076967004e-01 0.0000000000e+00)
    (1.4397591983e-01 0.0000000000e+00)
    (1.4684102077e-01 0.0000000000e+00)
    (1.4941193350e-01 0.0000000000e+00)
    (1.5172852860e-01 0.0000000000e+00)
    (1.5382471337e-01 0.0000000000e+00)
    (1.5572953486e-01 0.0000000000e+00)
    (1.5746814299e-01 0.0000000000e+00)
    (1.5906258451e-01 0.0000000000e+00)
    (1.6040177321e-01 0.0000000000e+00)
    (1.6189529828e-01 0.0000000000e+00)
    (1.6316717670e-01 0.0000000000e+00)
    (1.6436277106e-01 0.0000000000e+00)
    (1.6549569504e-01 0.0000000000e+00)
    (1.6657864137e-01 0.0000000000e+00)
    (1.6762350584e-01 0.0000000000e+00)
    (1.6865351356e-01 0.0000000000e+00)
    (1.6965530759e-01 0.0000000000e+00)
    (1.7065088677e-01 0.0000000000e+00)
    (1.7163694874e-01 0.0000000000e+00)
    (1.7264754568e-01 0.0000000000e+00)
    (1.7367870384e-01 0.0000000000e+00)
    (1.7473842382e-01 0.0000000000e+00)
    (1.7583425455e-01 0.0000000000e+00)
    (1.7697330632e-01 0.0000000000e+00)
    (1.7816226381e-01 0.0000000000e+00)
    (1.7940739973e-01 0.0000000000e+00)
    (1.8071459251e-01 0.0000000000e+00)
    (1.8208934620e-01 0.0000000000e+00)
    (1.8353681581e-01 0.0000000000e+00)
    (1.8506183817e-01 0.0000000000e+00)
    (1.8666896889e-01 0.0000000000e+00)
    (1.8836252602e-01 0.0000000000e+00)
    (1.9014664040e-01 0.0000000000e+00)
    (1.9202531289e-01 0.0000000000e+00)
    (1.9400247796e-01 0.0000000000e+00)
    (1.9608207355e-01 0.0000000000e+00)
    (1.9826811637e-01 0.0000000000e+00)
    (2.0056478234e-01 0.0000000000e+00)
    (2.0297649148e-01 0.0000000000e+00)
    (2.0550799658e-01 0.0000000000e+00)
    (2.0816447512e-01 0.0000000000e+00)
    (2.1095162348e-01 0.0000000000e+00)
    (2.1387575250e-01 0.0000000000e+00)
    (2.1694252519e-01 0.0000000000e+00)
    (2.2014784268e-01 0.0000000000e+00)
    (2.2353442384e-01 0.0000000000e+00)
    (2.2709473824e-01 0.0000000000e+00)
    (2.3084124291e-01 0.0000000000e+00)
    (2.3479830546e-01 0.0000000000e+00)
    (2.3896127860e-01 0.0000000000e+00)
    (2.4336008158e-01 0.0000000000e+00)
    (2.4801609114e-01 0.0000000000e+00)
    (2.5295357748e-01 0.0000000000e+00)
    (2.5819912151e-01 0.0000000000e+00)
    (2.6378573470e-01 0.0000000000e+00)
    (2.6974624072e-01 0.0000000000e+00)
    (2.7611826438e-01 0.0000000000e+00)
    (2.8294267020e-01 0.0000000000e+00)
    (2.9026318406e-01 0.0000000000e+00)
    (2.9812578117e-01 0.0000000000e+00)
    (3.0657780390e-01 0.0000000000e+00)
    (3.1566679772e-01 0.0000000000e+00)
    (3.2543906532e-01 0.0000000000e+00)
    (3.3590884834e-01 0.0000000000e+00)
    (3.4717220621e-01 0.0000000000e+00)
    (3.5923181777e-01 0.0000000000e+00)
    (3.7211011301e-01 0.0000000000e+00)
    (3.8581857835e-01 1.0236165719e-28)
    (4.0035607801e-01 1.1122106581e-27)
    (4.1570758173e-01 2.3089169455e-26)
    (4.3184341715e-01 2.4320550132e-25)
    (4.4871913847e-01 6.9048670256e-25)
    (4.6627605897e-01 1.4545427219e-24)
    (4.8444243519e-01 2.7761641542e-24)
    (5.0313523891e-01 5.0693427688e-24)
    (5.2226241062e-01 9.0347724453e-24)
    (5.4172544282e-01 1.5820915797e-23)
    (5.6142213216e-01 2.7260711456e-23)
    (5.8124933256e-01 4.6201165838e-23)
    (6.0110555710e-01 7.6942572976e-23)
    (6.2089330726e-01 1.2581813907e-22)
    (6.4052103707e-01 2.0191216079e-22)
    (6.5990470387e-01 3.1793538221e-22)
    (6.7896888897e-01 4.9124822407e-22)
    (6.9764750311e-01 7.4501532273e-22)
    (7.1588411412e-01 1.1094605313e-21)
    (7.3358636508e-01 3.5596833373e-21)
    (7.5079956951e-01 5.5160565292e-21)
    (7.6745533679e-01 8.4371041136e-21)
    (7.8353256295e-01 1.2743042768e-20)
    (7.9901751861e-01 1.9017096319e-20)
    (8.1390305888e-01 2.8051460880e-20)
    (8.2818781969e-01 4.0910844489e-20)
    (8.4187543085e-01 5.9021009675e-20)
    (8.5497376287e-01 8.4266652517e-20)
    (8.6749422815e-01 1.1911383401e-19)
    (8.7945114297e-01 1.6675767716e-19)
    (8.9086115759e-01 2.3129760756e-19)
    (9.0174275648e-01 3.1794258273e-19)
    (9.1211582875e-01 4.3324809946e-19)
    (9.2200130648e-01 5.8538596247e-19)
    (9.3142086729e-01 7.8444674407e-19)
    (9.4039669615e-01 1.0427735648e-18)
    (9.4895130096e-01 1.3753242914e-18)
    (9.5710737510e-01 1.8000576079e-18)
    (9.6488770191e-01 2.3383358693e-18)
    (9.7229590192e-01 2.9722271615e-18)
    (9.7938516542e-01 3.7956595067e-18)
    (9.8616492913e-01 4.8126564930e-18)
    (9.9265725317e-01 6.0596218076e-18)
    (9.9888404860e-01 7.5777384156e-18)
    (1.0048670852e+00 9.4132014219e-18)
    (1.0106280054e+00 1.1617396365e-17)
    (1.0161883420e+00 1.4247013749e-17)
    (1.0215695391e+00 1.7364091807e-17)
    (1.0267929757e+00 2.1035980534e-17)
    (1.0318799893e+00 2.5335223297e-17)
    (1.0368231641e+00 3.0359423193e-17)
    (1.0417033534e+00 3.6158598232e-17)
    (1.0465120896e+00 4.2835500947e-17)
    (1.0510868798e+00 5.0674722289e-17)
    (1.0558591901e+00 5.9388912989e-17)
    (1.0606532011e+00 6.9266415209e-17)
    (1.0655074194e+00 8.0409018855e-17)
    (1.0704684867e+00 9.2920429152e-17)
    (1.0751997672e+00 1.0721179855e-16)
    (1.0804337616e+00 1.2293622910e-16)
    (1.0860944535e+00 1.4016364414e-16)
    (1.0921800381e+00 1.5916988701e-16)
    (1.0986620877e+00 1.8023730708e-16)
    (1.1060807526e+00 2.0307380635e-16)
    (1.1144567561e+00 2.2795073864e-16)
    (1.1240549775e+00 2.5493248586e-16)
    (1.1350476809e+00 2.8378567345e-16)
    (1.1481500995e+00 3.1506680152e-16)
    (1.1636258812e+00 3.4851866674e-16)
    (1.1819885899e+00 3.8410147944e-16)
    (1.2038177966e+00 4.2173442924e-16)
    (1.2301634388e+00 4.6185701619e-16)
    (1.2609969543e+00 5.0312326107e-16)
    (1.2973623006e+00 5.4588729541e-16)
    (1.3400043215e+00 5.8985013276e-16)
    (1.3902463429e+00 6.3410996334e-16)
    (1.4476740785e+00 6.7933715039e-16)
    (1.5134371384e+00 7.2452173821e-16)
    (1.5880617826e+00 7.6915526458e-16)
    (1.6719409929e+00 8.1270304311e-16)
    (1.7660607105e+00 8.5405408933e-16)
    (1.8689224005e+00 8.9375960108e-16)
    (1.9811674964e+00 9.3081318368e-16)
    (2.1024762198e+00 9.6476424537e-16)
    (2.2323544675e+00 9.9522938398e-16)
    (2.3723894726e+00 1.0215947336e-15)
    (2.5173051541e+00 1.0442540072e-15)
    (2.6685098823e+00 1.0627937142e-15)
    (2.8251127843e+00 1.0771840019e-15)
    (2.9864403845e+00 1.0866958016e-15)
    (3.1511716903e+00 1.0931244419e-15)
    (3.3187345263e+00 1.0957710594e-15)
    (3.4884072284e+00 1.0948773101e-15)
    (3.6595680228e+00 1.0907204416e-15)
    (3.8329812660e+00 1.0836527319e-15)
    (4.0054036492e+00 1.0738706363e-15)
    (4.1781426573e+00 1.0617522318e-15)
    (4.3510158689e+00 1.0475985270e-15)
    (4.5239369983e+00 1.0316968994e-15)
    (4.6971621121e+00 1.0138457214e-15)
    (4.8701409953e+00 9.9528252311e-16)
    (5.0433978978e+00 9.7571125037e-16)
    (5.2171246267e+00 9.5533509021e-16)
    (5.3915564382e+00 9.3433482258e-16)
    (5.5669629670e+00 9.1286975830e-16)
    (5.7436400435e+00 8.9107909025e-16)
    (5.9219025871e+00 8.6908349579e-16)
    (6.1010979376e+00 8.4662895725e-16)
    (6.2835570479e+00 8.2456354357e-16)
    (6.4679920423e+00 8.0280728554e-16)
    (6.6560078497e+00 7.8090121385e-16)
    (6.8473428104e+00 7.5917272678e-16)
    (7.0423340172e+00 7.3766748690e-16)
    (7.2409465159e+00 7.1617557021e-16)
    (7.4442081970e+00 6.9525709574e-16)
    (7.6521663603e+00 6.7465310089e-16)
    (7.8676105910e+00 6.5369707910e-16)
    (8.0858487204e+00 6.3380712339e-16)
    (8.3098278044e+00 6.1428639113e-16)
    (8.5398932950e+00 5.9514565284e-16)
    (8.7763949131e+00 5.7639320740e-16)
    (9.0196879697e+00 5.5803523687e-16)
    (9.2670974766e+00 5.4047548706e-16)
    (9.5251096885e+00 5.2289064896e-16)
    (9.7910839770e+00 5.0571012758e-16)
    (1.0065371630e+01 4.8893390633e-16)
    (1.0346344593e+01 4.7225678589e-16)
    (1.0638438926e+01 4.5631232760e-16)
    (1.0940187398e+01 4.4076454722e-16)
    (1.1925355136e+01 3.8829943353e-16)
    (1.2308824412e+01 3.7226650627e-16)
    (1.2709276652e+01 3.5697282776e-16)
    (1.3126439691e+01 3.4213227955e-16)
    (1.3561263285e+01 3.2774200637e-16)
    (1.4012493747e+01 3.1424296131e-16)
    (1.4484291915e+01 3.0070247537e-16)
    (1.4973992379e+01 2.8719229345e-16)
    (1.5487666223e+01 2.7458608101e-16)
    (1.6023909695e+01 2.6240586066e-16)
    (1.6583468512e+01 2.5063970669e-16)
    (1.7168941463e+01 2.3928390323e-16)
    (1.7781023451e+01 2.2833419280e-16)
    (1.8422151615e+01 2.1796168714e-16)
    (1.9092649339e+01 2.0777353888e-16)
    (1.9794733945e+01 1.9796757220e-16)
    (2.0530664058e+01 1.8853328526e-16)
    (2.1299508263e+01 1.7905332858e-16)
    (2.2109288431e+01 1.7038772102e-16)
    (2.2959485968e+01 1.6205990658e-16)
    (2.3850104879e+01 1.5427927204e-16)
    (2.4788921536e+01 1.4657058537e-16)
    (2.5776295005e+01 1.3917714537e-16)
    (2.6817698048e+01 1.3208590802e-16)
    (2.7909067436e+01 1.2539667748e-16)
    (2.9061538888e+01 1.1887601954e-16)
    (3.0279874265e+01 1.1263226146e-16)
    (3.1556757395e+01 1.0646226160e-16)
    (3.2908931845e+01 1.0078720303e-16)
    (3.4342348823e+01 9.5357637325e-17)
    (3.5842127009e+01 9.0084148746e-17)
    (3.7437719791e+01 8.5149698564e-17)
    (3.9117090489e+01 8.0514062412e-17)
    (4.0644106575e+01 7.5841866442e-17)
    (4.2796040127e+01 7.1712199007e-17)
    (4.4789131155e+01 6.7669956580e-17)
    (4.6589221150e+01 6.3585819613e-17)
    (4.9179324484e+01 6.0038580828e-17)
    (5.1201199815e+01 5.6398524090e-17)
    (5.4099126670e+01 5.3106363485e-17)
    (5.6778858337e+01 4.9901915781e-17)
    (5.9117854096e+01 4.6869318562e-17)
    (6.2718461942e+01 4.3947116920e-17)
    (6.5410085846e+01 4.1297725161e-17)
    (6.9496742822e+01 3.8652477945e-17)
    (7.3180976752e+01 3.6233913369e-17)
    (7.7182577491e+01 3.3917831931e-17)
    (8.1420085225e+01 3.1723411199e-17)
    (8.6011788405e+01 2.9649441581e-17)
    (9.0867763137e+01 2.7706118303e-17)
    (9.6165388139e+01 2.5850633863e-17)
    (1.0177823578e+02 2.4097291145e-17)
    (1.0792309375e+02 2.2443453669e-17)
    (1.1458604701e+02 2.0882257075e-17)
    (1.2160542734e+02 1.9421059592e-17)
    (1.2939531717e+02 1.8033831731e-17)
    (1.3542361118e+02 1.6769294214e-17)
    (1.4388362195e+02 1.5542779974e-17)
    (1.5371740495e+02 1.4387885001e-17)
    (1.6736124994e+02 1.3253809959e-17)
    (1.7556818514e+02 1.2218457416e-17)
    (1.9180551086e+02 1.1284141853e-17)
    (2.0148427830e+02 1.0342070742e-17)
);
