// k[EI_N2_EXC_N2_V7] [m^3/s] vs reducedE [V m^2]; air_plasma [94c490be646f8872], T_gas = 300.000000 K
(
    (0 0.0000000000e+00)
    (1.0000000000e-22 0.0000000000e+00)
    (1.0452754953e-22 0.0000000000e+00)
    (1.0926008611e-22 0.0000000000e+00)
    (1.1420689063e-22 0.0000000000e+00)
    (1.1937766417e-22 0.0000000000e+00)
    (1.2478254705e-22 0.0000000000e+00)
    (1.3043213867e-22 0.0000000000e+00)
    (1.3633751836e-22 0.0000000000e+00)
    (1.4251026703e-22 0.0000000000e+00)
    (1.4896248996e-22 0.0000000000e+00)
    (1.5570684048e-22 0.0000000000e+00)
    (1.6275654480e-22 0.0000000000e+00)
    (1.7012542799e-22 0.0000000000e+00)
    (1.7782794100e-22 0.0000000000e+00)
    (1.8587918911e-22 0.0000000000e+00)
    (1.9429496147e-22 0.0000000000e+00)
    (2.0309176209e-22 0.0000000000e+00)
    (2.1228684221e-22 0.0000000000e+00)
    (2.2189823415e-22 0.0000000000e+00)
    (2.3194478661e-22 0.0000000000e+00)
    (2.4244620171e-22 0.0000000000e+00)
    (2.5342307358e-22 0.0000000000e+00)
    (2.6489692876e-22 0.0000000000e+00)
    (2.7689026842e-22 0.0000000000e+00)
    (2.8942661247e-22 0.0000000000e+00)
    (3.0253054571e-22 0.0000000000e+00)
    (3.1622776602e-22 0.0000000000e+00)
    (3.3054513476e-22 0.0000000000e+00)
    (3.4551072946e-22 0.0000000000e+00)
    (3.6115389887e-22 0.0000000000e+00)
    (3.7750532053e-22 0.0000000000e+00)
    (3.9459706091e-22 0.0000000000e+00)
    (4.1246263829e-22 0.0000000000e+00)
    (4.3113708854e-22 0.0000000000e+00)
    (4.5065703377e-22 0.0000000000e+00)
    (4.7106075420e-22 0.0000000000e+00)
    (4.9238826317e-22 0.0000000000e+00)
    (5.1468138568e-22 0.0000000000e+00)
    (5.3798384034e-22 0.0000000000e+00)
    (5.6234132519e-22 0.0000000000e+00)
    (5.8780160723e-22 0.0000000000e+00)
    (6.1441461614e-22 0.0000000000e+00)
    (6.4223254222e-22 0.0000000000e+00)
    (6.7130993868e-22 0.0000000000e+00)
    (7.0170382867e-22 0.0000000000e+00)
    (7.3347381708e-22 0.0000000000e+00)
    (7.6668220745e-22 0.0000000000e+00)
    (8.0139412415e-22 0.0000000000e+00)
    (8.3767764007e-22 0.0000000000e+00)
    (8.7560391014e-22 0.0000000000e+00)
    (9.1524731088e-22 0.0000000000e+00)
    (9.5668558622e-22 0.0000000000e+00)
    (1.0000000000e-21 0.0000000000e+00)
    (1.0452754953e-21 0.0000000000e+00)
    (1.0926008611e-21 0.0000000000e+00)
    (1.1420689063e-21 0.0000000000e+00)
    (1.1937766417e-21 0.0000000000e+00)
    (1.2478254705e-21 0.0000000000e+00)
    (1.3043213867e-21 0.0000000000e+00)
    (1.3633751836e-21 0.0000000000e+00)
    (1.4251026703e-21 0.0000000000e+00)
    (1.4896248996e-21 0.0000000000e+00)
    (1.5570684048e-21 0.0000000000e+00)
    (1.6275654480e-21 0.0000000000e+00)
    (1.7012542799e-21 0.0000000000e+00)
    (1.7782794100e-21 0.0000000000e+00)
    (1.8587918911e-21 0.0000000000e+00)
    (1.9429496147e-21 0.0000000000e+00)
    (2.0309176209e-21 0.0000000000e+00)
    (2.1228684221e-21 0.0000000000e+00)
    (2.2189823415e-21 0.0000000000e+00)
    (2.3194478661e-21 0.0000000000e+00)
    (2.4244620171e-21 0.0000000000e+00)
    (2.5342307358e-21 0.0000000000e+00)
    (2.6489692876e-21 0.0000000000e+00)
    (2.7689026842e-21 0.0000000000e+00)
    (2.8942661247e-21 0.0000000000e+00)
    (3.0253054571e-21 0.0000000000e+00)
    (3.1622776602e-21 0.0000000000e+00)
    (3.3054513476e-21 0.0000000000e+00)
    (3.4551072946e-21 0.0000000000e+00)
    (3.6115389887e-21 0.0000000000e+00)
    (3.7750532053e-21 0.0000000000e+00)
    (3.9459706091e-21 0.0000000000e+00)
    (4.1246263829e-21 0.0000000000e+00)
    (4.3113708854e-21 0.0000000000e+00)
    (4.5065703377e-21 0.0000000000e+00)
    (4.7106075420e-21 0.0000000000e+00)
    (4.9238826317e-21 0.0000000000e+00)
    (5.1468138568e-21 0.0000000000e+00)
    (5.3798384034e-21 0.0000000000e+00)
    (5.6234132519e-21 5.8491274817e-29)
    (5.8780160723e-21 3.9825250406e-27)
    (6.1441461614e-21 1.7174434258e-26)
    (6.4223254222e-21 4.1653713392e-26)
    (6.7130993868e-21 8.7051310760e-26)
    (7.0170382867e-21 1.7037517105e-25)
    (7.3347381708e-21 3.2053025953e-25)
    (7.6668220745e-21 5.8540519973e-25)
    (8.0139412415e-21 1.0421924830e-24)
    (8.3767764007e-21 1.8120460082e-24)
    (8.7560391014e-21 3.0802715657e-24)
    (9.1524731088e-21 5.1233164269e-24)
    (9.5668558622e-21 8.3437983201e-24)
    (1.0000000000e-20 1.3314661738e-23)
    (1.0452754953e-20 2.0833251786e-23)
    (1.0926008611e-20 3.1985677200e-23)
    (1.1420689063e-20 4.8220994749e-23)
    (1.1937766417e-20 1.8628181172e-21)
    (1.2478254705e-20 3.1410842933e-21)
    (1.3043213867e-20 5.2013094840e-21)
    (1.3633751836e-20 8.4639550338e-21)
    (1.4251026703e-20 1.3543114065e-20)
    (1.4896248996e-20 2.1319604855e-20)
    (1.5570684048e-20 3.3034699304e-20)
    (1.6275654480e-20 5.0407702628e-20)
    (1.7012542799e-20 7.5780285012e-20)
    (1.7782794100e-20 1.1228930715e-19)
    (1.8587918911e-20 1.6407009295e-19)
    (1.9429496147e-20 2.4092176543e-19)
    (2.0309176209e-20 3.4423241575e-19)
    (2.1228684221e-20 4.8586714108e-19)
    (2.2189823415e-20 6.9428995903e-19)
    (2.3194478661e-20 9.5580799828e-19)
    (2.4244620171e-20 1.3017984267e-18)
    (2.5342307358e-20 1.7546919349e-18)
    (2.6489692876e-20 2.3414126415e-18)
    (2.7689026842e-20 3.1492339224e-18)
    (2.8942661247e-20 4.1486374806e-18)
    (3.0253054571e-20 5.3614120545e-18)
    (3.1622776602e-20 6.8685455571e-18)
    (3.3054513476e-20 8.7977977607e-18)
    (3.4551072946e-20 1.1072144066e-17)
    (3.6115389887e-20 1.3822147043e-17)
    (3.7750532053e-20 1.7118367596e-17)
    (3.9459706091e-20 2.1109264151e-17)
    (4.1246263829e-20 2.5725155757e-17)
    (4.3113708854e-20 3.1112849752e-17)
    (4.5065703377e-20 3.7345583124e-17)
    (4.7106075420e-20 4.4490714410e-17)
    (4.9238826317e-20 5.2950217846e-17)
    (5.1468138568e-20 6.2096684509e-17)
    (5.3798384034e-20 7.2281293856e-17)
    (5.6234132519e-20 8.3507814870e-17)
    (5.8780160723e-20 9.5929518067e-17)
    (6.1441461614e-20 1.0914037134e-16)
    (6.4223254222e-20 1.2323542571e-16)
    (6.7130993868e-20 1.3810050944e-16)
    (7.0170382867e-20 1.5359095020e-16)
    (7.3347381708e-20 1.6977267781e-16)
    (7.6668220745e-20 1.8594346953e-16)
    (8.0139412415e-20 2.0216245988e-16)
    (8.3767764007e-20 2.1821276052e-16)
    (8.7560391014e-20 2.3387815012e-16)
    (9.1524731088e-20 2.4927782353e-16)
    (9.5668558622e-20 2.6353547432e-16)
    (1.0000000000e-19 2.7684407431e-16)
    (1.0452754953e-19 2.8906547320e-16)
    (1.0926008611e-19 3.0015608380e-16)
    (1.1420689063e-19 3.0990817890e-16)
    (1.1937766417e-19 3.1834695935e-16)
    (1.2478254705e-19 3.2545750434e-16)
    (1.3043213867e-19 3.3125090820e-16)
    (1.3633751836e-19 3.3613655682e-16)
    (1.4251026703e-19 3.3936855669e-16)
    (1.4896248996e-19 3.4143864866e-16)
    (1.5570684048e-19 3.4242141033e-16)
    (1.6275654480e-19 3.4239781199e-16)
    (1.7012542799e-19 3.4139319633e-16)
    (1.7782794100e-19 3.3960886716e-16)
    (1.8587918911e-19 3.3707320108e-16)
    (1.9429496147e-19 3.3386716974e-16)
    (2.0309176209e-19 3.3006797548e-16)
    (2.1228684221e-19 3.2574829308e-16)
    (2.2189823415e-19 3.2097581257e-16)
    (2.3194478661e-19 3.1581302290e-16)
    (2.4244620171e-19 3.1031405176e-16)
    (2.5342307358e-19 3.0453902870e-16)
    (2.6489692876e-19 2.9853843165e-16)
    (2.7689026842e-19 2.9233213321e-16)
    (2.8942661247e-19 2.8597356008e-16)
    (3.0253054571e-19 2.7949691882e-16)
    (3.1622776602e-19 2.7310479646e-16)
    (3.3054513476e-19 2.6646860096e-16)
    (3.4551072946e-19 2.5979703419e-16)
    (3.6115389887e-19 2.5285216240e-16)
    (3.7750532053e-19 2.4617866951e-16)
    (3.9459706091e-19 2.3952837505e-16)
    (4.1246263829e-19 2.3291592698e-16)
    (4.3113708854e-19 2.2635424268e-16)
    (4.5065703377e-19 2.1985468193e-16)
    (4.7106075420e-19 2.1359072775e-16)
    (4.9238826317e-19 2.0723209124e-16)
    (5.1468138568e-19 2.0096251512e-16)
    (5.3798384034e-19 1.9478837855e-16)
    (5.6234132519e-19 1.8867640774e-16)
    (5.8780160723e-19 1.8270935233e-16)
    (6.1441461614e-19 1.7685212256e-16)
    (6.4223254222e-19 1.5669022261e-16)
    (6.7130993868e-19 1.5054021312e-16)
    (7.0170382867e-19 1.4462713411e-16)
    (7.3347381708e-19 1.3886135732e-16)
    (7.6668220745e-19 1.3324504997e-16)
    (8.0139412415e-19 1.2788026033e-16)
    (8.3767764007e-19 1.2256257078e-16)
    (8.7560391014e-19 1.1741105440e-16)
    (9.1524731088e-19 1.1239854770e-16)
    (9.5668558622e-19 1.0754072607e-16)
    (1.0000000000e-18 1.0270646683e-16)
    (1.0452754953e-18 9.8169847556e-17)
    (1.0926008611e-18 9.3782529988e-17)
    (1.1420689063e-18 8.9690916273e-17)
    (1.1937766417e-18 8.5575668821e-17)
    (1.2478254705e-18 8.1606417451e-17)
    (1.3043213867e-18 7.7779979284e-17)
    (1.3633751836e-18 7.3974946156e-17)
    (1.4251026703e-18 7.0441619045e-17)
    (1.4896248996e-18 6.7040558809e-17)
    (1.5570684048e-18 6.3786117645e-17)
    (1.6275654480e-18 6.0638596247e-17)
    (1.7012542799e-18 5.7614989268e-17)
    (1.7782794100e-18 5.4710651289e-17)
    (1.8587918911e-18 5.1987542398e-17)
    (1.9429496147e-18 4.9306965832e-17)
    (2.0309176209e-18 4.6737403360e-17)
    (2.1228684221e-18 4.4232637046e-17)
    (2.2189823415e-18 4.1886400243e-17)
    (2.3194478661e-18 3.9640212922e-17)
    (2.4244620171e-18 3.7464284042e-17)
    (2.5342307358e-18 3.5419383972e-17)
    (2.6489692876e-18 3.3474690124e-17)
    (2.7689026842e-18 3.1546286296e-17)
    (2.8942661247e-18 2.9829714223e-17)
    (3.0253054571e-18 2.8152219427e-17)
    (3.1622776602e-18 2.6462668983e-17)
    (3.3054513476e-18 2.4987750421e-17)
    (3.4551072946e-18 2.3477127696e-17)
    (3.6115389887e-18 2.2113192275e-17)
    (3.7750532053e-18 2.0782581216e-17)
    (3.9459706091e-18 1.9531921949e-17)
    (4.1246263829e-18 1.8304472445e-17)
    (4.3113708854e-18 1.7210244105e-17)
    (4.5065703377e-18 1.6101802283e-17)
    (4.7106075420e-18 1.5093157708e-17)
    (4.9238826317e-18 1.4129377334e-17)
    (5.1468138568e-18 1.3215321305e-17)
    (5.3798384034e-18 1.2352010329e-17)
    (5.6234132519e-18 1.1545242830e-17)
    (5.8780160723e-18 1.0772217058e-17)
    (6.1441461614e-18 1.0042503131e-17)
    (6.4223254222e-18 9.3532929663e-18)
    (6.7130993868e-18 8.7026855751e-18)
    (7.0170382867e-18 8.0938850495e-18)
    (7.3347381708e-18 7.5157465194e-18)
    (7.6668220745e-18 6.9887401913e-18)
    (8.0139412415e-18 6.4775803743e-18)
    (8.3767764007e-18 5.9962684709e-18)
    (8.7560391014e-18 5.5236334435e-18)
    (9.1524731088e-18 5.0921418234e-18)
    (9.5668558622e-18 4.7027581892e-18)
    (1.0000000000e-17 4.3101423669e-18)
);
