// k[EI_N2_EXC_N2_W1] [m^3/s] vs mean energy [eV]; air_plasma [94c490be646f8872], T_gas = 300.000000 K
(
    (0 0.0000000000e+00)
    (1.3716749438e-01 0.0000000000e+00)
    (1.4076979314e-01 0.0000000000e+00)
    (1.4397604008e-01 0.0000000000e+00)
    (1.4684113805e-01 0.0000000000e+00)
    (1.4941204783e-01 0.0000000000e+00)
    (1.5172864004e-01 0.0000000000e+00)
    (1.5382482203e-01 0.0000000000e+00)
    (1.5572964088e-01 0.0000000000e+00)
    (1.5746824649e-01 0.0000000000e+00)
    (1.5906268561e-01 0.0000000000e+00)
    (1.6040186980e-01 0.0000000000e+00)
    (1.6189539494e-01 0.0000000000e+00)
    (1.6316727128e-01 0.0000000000e+00)
    (1.6436286366e-01 0.0000000000e+00)
    (1.6549578572e-01 0.0000000000e+00)
    (1.6657873020e-01 0.0000000000e+00)
    (1.6762359287e-01 0.0000000000e+00)
    (1.6865359887e-01 0.0000000000e+00)
    (1.6965539117e-01 0.0000000000e+00)
    (1.7065096866e-01 0.0000000000e+00)
    (1.7163702901e-01 0.0000000000e+00)
    (1.7264762429e-01 0.0000000000e+00)
    (1.7367878080e-01 0.0000000000e+00)
    (1.7473849913e-01 0.0000000000e+00)
    (1.7583432821e-01 0.0000000000e+00)
    (1.7697337833e-01 0.0000000000e+00)
    (1.7816233417e-01 0.0000000000e+00)
    (1.7940746844e-01 0.0000000000e+00)
    (1.8071465956e-01 0.0000000000e+00)
    (1.8208941158e-01 0.0000000000e+00)
    (1.8353687952e-01 0.0000000000e+00)
    (1.8506190021e-01 0.0000000000e+00)
    (1.8666902928e-01 0.0000000000e+00)
    (1.8836258474e-01 0.0000000000e+00)
    (1.9014669747e-01 0.0000000000e+00)
    (1.9202536831e-01 0.0000000000e+00)
    (1.9400253175e-01 0.0000000000e+00)
    (1.9608212573e-01 0.0000000000e+00)
    (1.9826816696e-01 0.0000000000e+00)
    (2.0056483136e-01 0.0000000000e+00)
    (2.0297653896e-01 0.0000000000e+00)
    (2.0550804255e-01 0.0000000000e+00)
    (2.0816451961e-01 0.0000000000e+00)
    (2.1095166654e-01 0.0000000000e+00)
    (2.1387579417e-01 0.0000000000e+00)
    (2.1694256551e-01 0.0000000000e+00)
    (2.2014788174e-01 0.0000000000e+00)
    (2.2353446165e-01 0.0000000000e+00)
    (2.2709477487e-01 0.0000000000e+00)
    (2.3084127841e-01 0.0000000000e+00)
    (2.3479833990e-01 0.0000000000e+00)
    (2.3896131204e-01 0.0000000000e+00)
    (2.4336011410e-01 0.0000000000e+00)
    (2.4801612280e-01 0.0000000000e+00)
    (2.5295360836e-01 0.0000000000e+00)
    (2.5819915170e-01 0.0000000000e+00)
    (2.6378576428e-01 0.0000000000e+00)
    (2.6974626976e-01 0.0000000000e+00)
    (2.7611829297e-01 0.0000000000e+00)
    (2.8294269841e-01 0.0000000000e+00)
    (2.9026321198e-01 0.0000000000e+00)
    (2.9812580887e-01 0.0000000000e+00)
    (3.0657783145e-01 0.0000000000e+00)
    (3.1566682518e-01 0.0000000000e+00)
    (3.2543909275e-01 0.0000000000e+00)
    (3.3590887576e-01 0.0000000000e+00)
    (3.4717223366e-01 0.0000000000e+00)
    (3.5923184525e-01 0.0000000000e+00)
    (3.7211014051e-01 0.0000000000e+00)
    (3.8581860584e-01 0.0000000000e+00)
    (4.0035610545e-01 0.0000000000e+00)
    (4.1570760906e-01 0.0000000000e+00)
    (4.3184344429e-01 0.0000000000e+00)
    (4.4871916534e-01 0.0000000000e+00)
    (4.6627608546e-01 0.0000000000e+00)
    (4.8444246122e-01 0.0000000000e+00)
    (5.0313526437e-01 0.0000000000e+00)
    (5.2226243543e-01 0.0000000000e+00)
    (5.4172546688e-01 0.0000000000e+00)
    (5.6142215538e-01 0.0000000000e+00)
    (5.8124935489e-01 0.0000000000e+00)
    (6.0110557847e-01 0.0000000000e+00)
    (6.2089332763e-01 0.0000000000e+00)
    (6.4052105642e-01 0.0000000000e+00)
    (6.5990472218e-01 0.0000000000e+00)
    (6.7896890624e-01 0.0000000000e+00)
    (6.9764751934e-01 0.0000000000e+00)
    (7.1588412933e-01 0.0000000000e+00)
    (7.3358637930e-01 0.0000000000e+00)
    (7.5079958278e-01 0.0000000000e+00)
    (7.6745534914e-01 0.0000000000e+00)
    (7.8353257443e-01 0.0000000000e+00)
    (7.9901752925e-01 0.0000000000e+00)
    (8.1390306874e-01 0.0000000000e+00)
    (8.2818782881e-01 0.0000000000e+00)
    (8.4187543928e-01 0.0000000000e+00)
    (8.5497377065e-01 0.0000000000e+00)
    (8.6749423532e-01 0.0000000000e+00)
    (8.7945114959e-01 0.0000000000e+00)
    (8.9086116369e-01 0.0000000000e+00)
    (9.0174276209e-01 0.0000000000e+00)
    (9.1211583392e-01 0.0000000000e+00)
    (9.2200131124e-01 0.0000000000e+00)
    (9.3142087166e-01 0.0000000000e+00)
    (9.4039670018e-01 0.0000000000e+00)
    (9.4895130466e-01 0.0000000000e+00)
    (9.5710737851e-01 0.0000000000e+00)
    (9.6488770504e-01 0.0000000000e+00)
    (9.7229590480e-01 0.0000000000e+00)
    (9.7938516806e-01 0.0000000000e+00)
    (9.8616493157e-01 0.0000000000e+00)
    (9.9265725541e-01 0.0000000000e+00)
    (9.9888405066e-01 0.0000000000e+00)
    (1.0048670871e+00 0.0000000000e+00)
    (1.0106280072e+00 0.0000000000e+00)
    (1.0161883436e+00 0.0000000000e+00)
    (1.0215695406e+00 0.0000000000e+00)
    (1.0267929771e+00 0.0000000000e+00)
    (1.0318799906e+00 0.0000000000e+00)
    (1.0368231653e+00 0.0000000000e+00)
    (1.0417033545e+00 0.0000000000e+00)
    (1.0465120906e+00 0.0000000000e+00)
    (1.0510868807e+00 0.0000000000e+00)
    (1.0558591909e+00 0.0000000000e+00)
    (1.0606532018e+00 0.0000000000e+00)
    (1.0655074201e+00 0.0000000000e+00)
    (1.0704684874e+00 0.0000000000e+00)
    (1.0751997678e+00 1.2073451691e-22)
    (1.0804337622e+00 6.7465140500e-22)
    (1.0860944541e+00 1.2451434524e-21)
    (1.0921800386e+00 2.2425764943e-21)
    (1.0986620881e+00 4.2700512547e-21)
    (1.1060807530e+00 7.4088746452e-21)
    (1.1144567565e+00 1.2578949289e-20)
    (1.1240549778e+00 2.0917282691e-20)
    (1.1350476813e+00 3.4053917906e-20)
    (1.1481500998e+00 5.4370502072e-20)
    (1.1636258816e+00 8.5224971871e-20)
    (1.1819885903e+00 1.3123892427e-19)
    (1.2038177970e+00 1.9866071294e-19)
    (1.2301634392e+00 2.9738423473e-19)
    (1.2609969547e+00 4.3500264973e-19)
    (1.2973623011e+00 6.2645410930e-19)
    (1.3400043219e+00 8.8856809698e-19)
    (1.3902463434e+00 1.2459803834e-18)
    (1.4476740790e+00 1.7154283843e-18)
    (1.5134371389e+00 2.3288052240e-18)
    (1.5880617832e+00 3.1184343690e-18)
    (1.6719409936e+00 4.1202739020e-18)
    (1.7660607111e+00 5.3859463175e-18)
    (1.8689224012e+00 6.9320001443e-18)
    (1.9811674971e+00 8.8129229953e-18)
    (2.1024762205e+00 1.1071530397e-17)
    (2.2323544682e+00 1.3749666185e-17)
    (2.3723894733e+00 1.6926217947e-17)
    (2.5173051548e+00 2.0561371716e-17)
    (2.6685098830e+00 2.4724093523e-17)
    (2.8251127850e+00 2.9441757819e-17)
    (2.9864403851e+00 3.4748625086e-17)
    (3.1511716909e+00 4.0636379100e-17)
    (3.3187345269e+00 4.7128157619e-17)
    (3.4884072290e+00 5.4229138640e-17)
    (3.6595680233e+00 6.1939178234e-17)
    (3.8329812664e+00 7.0291800675e-17)
    (4.0054036496e+00 7.9193177520e-17)
    (4.1781426577e+00 8.8674417591e-17)
    (4.3510158693e+00 9.8717619555e-17)
    (4.5239369987e+00 1.0930126230e-16)
    (4.6971621124e+00 1.2041634706e-16)
    (4.8701409956e+00 1.3199951531e-16)
    (5.0433978981e+00 1.4404020366e-16)
    (5.2171246269e+00 1.5650528239e-16)
    (5.3915564385e+00 1.6935929963e-16)
    (5.5669629672e+00 1.8256471736e-16)
    (5.7436400437e+00 1.9608215589e-16)
    (5.9219025873e+00 2.0987065172e-16)
    (6.1010979378e+00 2.2385874799e-16)
    (6.2835570480e+00 2.3806482880e-16)
    (6.4679920424e+00 2.5239008172e-16)
    (6.6560078498e+00 2.6683927768e-16)
    (6.8473428105e+00 2.8134474043e-16)
    (7.0423340173e+00 2.9586309400e-16)
    (7.2409465160e+00 3.1033116015e-16)
    (7.4442081971e+00 3.2474497143e-16)
    (7.6521663603e+00 3.3904654765e-16)
    (7.8676105911e+00 3.5331469362e-16)
    (8.0858487204e+00 3.6726434628e-16)
    (8.3098278045e+00 3.8098870895e-16)
    (8.5398932951e+00 3.9445324943e-16)
    (8.7763949131e+00 4.0762522849e-16)
    (9.0196879697e+00 4.2047372915e-16)
    (9.2670974767e+00 4.3283441145e-16)
    (9.5251096886e+00 4.4495606858e-16)
    (9.7910839770e+00 4.5667130756e-16)
    (1.0065371630e+01 4.6795710099e-16)
    (1.0346344593e+01 4.7870375833e-16)
    (1.0638438926e+01 4.8907089129e-16)
    (1.0940187398e+01 4.9894635682e-16)
    (1.1925355136e+01 5.3014494265e-16)
    (1.2308824412e+01 5.3892445369e-16)
    (1.2709276652e+01 5.4709554498e-16)
    (1.3126439691e+01 5.5455427676e-16)
    (1.3561263285e+01 5.6128331944e-16)
    (1.4012493747e+01 5.6720090038e-16)
    (1.4484291915e+01 5.7243723754e-16)
    (1.4973992379e+01 5.7675407747e-16)
    (1.5487666223e+01 5.8047436281e-16)
    (1.6023909695e+01 5.8342621347e-16)
    (1.6583468512e+01 5.8551782182e-16)
    (1.7168941463e+01 5.8693907684e-16)
    (1.7781023452e+01 5.8760302577e-16)
    (1.8422151615e+01 5.8743716526e-16)
    (1.9092649339e+01 5.8661267378e-16)
    (1.9794733945e+01 5.8506596514e-16)
    (2.0530664058e+01 5.8281130546e-16)
    (2.1299508263e+01 5.7968809287e-16)
    (2.2109288431e+01 5.7608866477e-16)
    (2.2959485968e+01 5.7184000949e-16)
    (2.3850104879e+01 5.6680582460e-16)
    (2.4788921536e+01 5.6134248021e-16)
    (2.5776295005e+01 5.5530231117e-16)
    (2.6817698048e+01 5.4870247758e-16)
    (2.7909067436e+01 5.4147264530e-16)
    (2.9061538888e+01 5.3387164918e-16)
    (3.0279874265e+01 5.2579152962e-16)
    (3.1556757395e+01 5.1720630348e-16)
    (3.2908931845e+01 5.0829155627e-16)
    (3.4342348823e+01 4.9897865857e-16)
    (3.5842127009e+01 4.8921308448e-16)
    (3.7437719791e+01 4.7924337092e-16)
    (3.9117090489e+01 4.6882327689e-16)
    (4.0644106575e+01 4.5762382269e-16)
    (4.2796040127e+01 4.4752165832e-16)
    (4.4789131155e+01 4.3639675282e-16)
    (4.6589221150e+01 4.2459646809e-16)
    (4.9179324484e+01 4.1385408817e-16)
    (5.1201199815e+01 4.0192773739e-16)
    (5.4099126670e+01 3.9066445552e-16)
    (5.6778858337e+01 3.7889304439e-16)
    (5.9117854096e+01 3.6646989140e-16)
    (6.2718461942e+01 3.5510052701e-16)
    (6.5410085846e+01 3.4291899483e-16)
    (6.9496742822e+01 3.3132651218e-16)
    (7.3180976752e+01 3.1939376823e-16)
    (7.7182577491e+01 3.0753315006e-16)
    (8.1420085225e+01 2.9560959821e-16)
    (8.6011788405e+01 2.8386808639e-16)
    (9.0867763137e+01 2.7216246990e-16)
    (9.6165388139e+01 2.6061098516e-16)
    (1.0177823578e+02 2.4907347312e-16)
    (1.0792309375e+02 2.3778797197e-16)
    (1.1458604701e+02 2.2664741644e-16)
    (1.2160542734e+02 2.1565863682e-16)
    (1.2939531717e+02 2.0488357149e-16)
    (1.3542361118e+02 1.9382311348e-16)
    (1.4388362195e+02 1.8348649814e-16)
    (1.5371740495e+02 1.7345662660e-16)
    (1.6736124994e+02 1.6384784172e-16)
    (1.7556818514e+02 1.5373068465e-16)
    (1.9180551086e+02 1.4485305627e-16)
    (2.0148427830e+02 1.3541338504e-16)
);
