// k[EI_N2_ION_N2_B2SIGMA] [m^3/s] vs mean energy [eV]; air_plasma [94c490be646f8872], T_gas = 300.000000 K
(
    (0 0.0000000000e+00)
    (1.3716749438e-01 0.0000000000e+00)
    (1.4076979314e-01 0.0000000000e+00)
    (1.4397604008e-01 0.0000000000e+00)
    (1.4684113805e-01 0.0000000000e+00)
    (1.4941204783e-01 0.0000000000e+00)
    (1.5172864004e-01 0.0000000000e+00)
    (1.5382482203e-01 0.0000000000e+00)
    (1.5572964088e-01 0.0000000000e+00)
    (1.5746824649e-01 0.0000000000e+00)
    (1.5906268561e-01 0.0000000000e+00)
    (1.6040186980e-01 0.0000000000e+00)
    (1.6189539494e-01 0.0000000000e+00)
    (1.6316727128e-01 0.0000000000e+00)
    (1.6436286366e-01 0.0000000000e+00)
    (1.6549578572e-01 0.0000000000e+00)
    (1.6657873020e-01 0.0000000000e+00)
    (1.6762359287e-01 0.0000000000e+00)
    (1.6865359887e-01 0.0000000000e+00)
    (1.6965539117e-01 0.0000000000e+00)
    (1.7065096866e-01 0.0000000000e+00)
    (1.7163702901e-01 0.0000000000e+00)
    (1.7264762429e-01 0.0000000000e+00)
    (1.7367878080e-01 0.0000000000e+00)
    (1.7473849913e-01 0.0000000000e+00)
    (1.7583432821e-01 0.0000000000e+00)
    (1.7697337833e-01 0.0000000000e+00)
    (1.7816233417e-01 0.0000000000e+00)
    (1.7940746844e-01 0.0000000000e+00)
    (1.8071465956e-01 0.0000000000e+00)
    (1.8208941158e-01 0.0000000000e+00)
    (1.8353687952e-01 0.0000000000e+00)
    (1.8506190021e-01 0.0000000000e+00)
    (1.8666902928e-01 0.0000000000e+00)
    (1.8836258474e-01 0.0000000000e+00)
    (1.9014669747e-01 0.0000000000e+00)
    (1.9202536831e-01 0.0000000000e+00)
    (1.9400253175e-01 0.0000000000e+00)
    (1.9608212573e-01 0.0000000000e+00)
    (1.9826816696e-01 0.0000000000e+00)
    (2.0056483136e-01 0.0000000000e+00)
    (2.0297653896e-01 0.0000000000e+00)
    (2.0550804255e-01 0.0000000000e+00)
    (2.0816451961e-01 0.0000000000e+00)
    (2.1095166654e-01 0.0000000000e+00)
    (2.1387579417e-01 0.0000000000e+00)
    (2.1694256551e-01 0.0000000000e+00)
    (2.2014788174e-01 0.0000000000e+00)
    (2.2353446165e-01 0.0000000000e+00)
    (2.2709477487e-01 0.0000000000e+00)
    (2.3084127841e-01 0.0000000000e+00)
    (2.3479833990e-01 0.0000000000e+00)
    (2.3896131204e-01 0.0000000000e+00)
    (2.4336011410e-01 0.0000000000e+00)
    (2.4801612280e-01 0.0000000000e+00)
    (2.5295360836e-01 0.0000000000e+00)
    (2.5819915170e-01 0.0000000000e+00)
    (2.6378576428e-01 0.0000000000e+00)
    (2.6974626976e-01 0.0000000000e+00)
    (2.7611829297e-01 0.0000000000e+00)
    (2.8294269841e-01 0.0000000000e+00)
    (2.9026321198e-01 0.0000000000e+00)
    (2.9812580887e-01 0.0000000000e+00)
    (3.0657783145e-01 0.0000000000e+00)
    (3.1566682518e-01 0.0000000000e+00)
    (3.2543909275e-01 0.0000000000e+00)
    (3.3590887576e-01 0.0000000000e+00)
    (3.4717223366e-01 0.0000000000e+00)
    (3.5923184525e-01 0.0000000000e+00)
    (3.7211014051e-01 0.0000000000e+00)
    (3.8581860584e-01 0.0000000000e+00)
    (4.0035610545e-01 0.0000000000e+00)
    (4.1570760906e-01 0.0000000000e+00)
    (4.3184344429e-01 0.0000000000e+00)
    (4.4871916534e-01 0.0000000000e+00)
    (4.6627608546e-01 0.0000000000e+00)
    (4.8444246122e-01 0.0000000000e+00)
    (5.0313526437e-01 0.0000000000e+00)
    (5.2226243543e-01 0.0000000000e+00)
    (5.4172546688e-01 0.0000000000e+00)
    (5.6142215538e-01 0.0000000000e+00)
    (5.8124935489e-01 0.0000000000e+00)
    (6.0110557847e-01 0.0000000000e+00)
    (6.2089332763e-01 0.0000000000e+00)
    (6.4052105642e-01 0.0000000000e+00)
    (6.5990472218e-01 0.0000000000e+00)
    (6.7896890624e-01 0.0000000000e+00)
    (6.9764751934e-01 0.0000000000e+00)
    (7.1588412933e-01 0.0000000000e+00)
    (7.3358637930e-01 0.0000000000e+00)
    (7.5079958278e-01 0.0000000000e+00)
    (7.6745534914e-01 0.0000000000e+00)
    (7.8353257443e-01 0.0000000000e+00)
    (7.9901752925e-01 0.0000000000e+00)
    (8.1390306874e-01 0.0000000000e+00)
    (8.2818782881e-01 0.0000000000e+00)
    (8.4187543928e-01 0.0000000000e+00)
    (8.5497377065e-01 0.0000000000e+00)
    (8.6749423532e-01 0.0000000000e+00)
    (8.7945114959e-01 0.0000000000e+00)
    (8.9086116369e-01 0.0000000000e+00)
    (9.0174276209e-01 0.0000000000e+00)
    (9.1211583392e-01 0.0000000000e+00)
    (9.2200131124e-01 0.0000000000e+00)
    (9.3142087166e-01 0.0000000000e+00)
    (9.4039670018e-01 0.0000000000e+00)
    (9.4895130466e-01 0.0000000000e+00)
    (9.5710737851e-01 0.0000000000e+00)
    (9.6488770504e-01 0.0000000000e+00)
    (9.7229590480e-01 0.0000000000e+00)
    (9.7938516806e-01 0.0000000000e+00)
    (9.8616493157e-01 0.0000000000e+00)
    (9.9265725541e-01 0.0000000000e+00)
    (9.9888405066e-01 0.0000000000e+00)
    (1.0048670871e+00 0.0000000000e+00)
    (1.0106280072e+00 0.0000000000e+00)
    (1.0161883436e+00 0.0000000000e+00)
    (1.0215695406e+00 0.0000000000e+00)
    (1.0267929771e+00 0.0000000000e+00)
    (1.0318799906e+00 0.0000000000e+00)
    (1.0368231653e+00 0.0000000000e+00)
    (1.0417033545e+00 0.0000000000e+00)
    (1.0465120906e+00 0.0000000000e+00)
    (1.0510868807e+00 0.0000000000e+00)
    (1.0558591909e+00 0.0000000000e+00)
    (1.0606532018e+00 0.0000000000e+00)
    (1.0655074201e+00 0.0000000000e+00)
    (1.0704684874e+00 0.0000000000e+00)
    (1.0751997678e+00 0.0000000000e+00)
    (1.0804337622e+00 0.0000000000e+00)
    (1.0860944541e+00 0.0000000000e+00)
    (1.0921800386e+00 0.0000000000e+00)
    (1.0986620881e+00 0.0000000000e+00)
    (1.1060807530e+00 0.0000000000e+00)
    (1.1144567565e+00 0.0000000000e+00)
    (1.1240549778e+00 0.0000000000e+00)
    (1.1350476813e+00 0.0000000000e+00)
    (1.1481500998e+00 0.0000000000e+00)
    (1.1636258816e+00 0.0000000000e+00)
    (1.1819885903e+00 0.0000000000e+00)
    (1.2038177970e+00 0.0000000000e+00)
    (1.2301634392e+00 0.0000000000e+00)
    (1.2609969547e+00 0.0000000000e+00)
    (1.2973623011e+00 0.0000000000e+00)
    (1.3400043219e+00 0.0000000000e+00)
    (1.3902463434e+00 9.1688006710e-26)
    (1.4476740790e+00 2.2437900898e-25)
    (1.5134371389e+00 4.7568309746e-25)
    (1.5880617832e+00 9.3622027156e-25)
    (1.6719409936e+00 1.7538082207e-24)
    (1.7660607111e+00 1.9929341380e-22)
    (1.8689224012e+00 3.5766070395e-22)
    (1.9811674971e+00 6.3437834058e-22)
    (2.1024762205e+00 1.1054159408e-21)
    (2.2323544682e+00 1.8865429515e-21)
    (2.3723894733e+00 3.6006134073e-21)
    (2.5173051548e+00 5.9742760424e-21)
    (2.6685098830e+00 9.7116659576e-21)
    (2.8251127850e+00 1.5470399502e-20)
    (2.9864403851e+00 2.4355957663e-20)
    (3.1511716909e+00 3.7477533182e-20)
    (3.3187345269e+00 5.6625584311e-20)
    (3.4884072290e+00 8.4092874525e-20)
    (3.6595680233e+00 1.2285759887e-19)
    (3.8329812664e+00 1.7672713723e-19)
    (4.0054036496e+00 2.5067629233e-19)
    (4.1781426577e+00 3.5073787348e-19)
    (4.3510158693e+00 4.8439991268e-19)
    (4.5239369987e+00 6.6077876352e-19)
    (4.6971621124e+00 8.9190998001e-19)
    (4.8701409956e+00 1.1892909169e-18)
    (5.0433978981e+00 1.5692348604e-18)
    (5.2171246269e+00 2.0499541121e-18)
    (5.3915564385e+00 2.6525558612e-18)
    (5.5669629672e+00 3.4012824526e-18)
    (5.7436400437e+00 4.3237187569e-18)
    (5.9219025873e+00 5.4509774675e-18)
    (6.1010979378e+00 6.8150729773e-18)
    (6.2835570480e+00 8.4626995710e-18)
    (6.4679920424e+00 1.0430067618e-17)
    (6.6560078498e+00 1.2768708357e-17)
    (6.8473428105e+00 1.5531598822e-17)
    (7.0423340173e+00 1.8773505451e-17)
    (7.2409465160e+00 2.2551600569e-17)
    (7.4442081971e+00 2.6931480927e-17)
    (7.6521663603e+00 3.1984698778e-17)
    (7.8676105911e+00 3.7851159663e-17)
    (8.0858487204e+00 4.4481690833e-17)
    (8.3098278045e+00 5.2016840534e-17)
    (8.5398932951e+00 6.0541247269e-17)
    (8.7763949131e+00 7.0142977062e-17)
    (9.0196879697e+00 8.0913293132e-17)
    (9.2670974767e+00 9.2848636500e-17)
    (9.5251096886e+00 1.0623133332e-16)
    (9.7910839770e+00 1.2108116426e-16)
    (1.0065371630e+01 1.3749341737e-16)
    (1.0346344593e+01 1.5550939556e-16)
    (1.0638438926e+01 1.7534176308e-16)
    (1.0940187398e+01 1.9706211077e-16)
    (1.1925355136e+01 2.7047565180e-16)
    (1.2308824412e+01 3.0395272956e-16)
    (1.2709276652e+01 3.4051348503e-16)
    (1.3126439691e+01 3.8034806331e-16)
    (1.3561263285e+01 4.2363321703e-16)
    (1.4012493747e+01 4.7038380649e-16)
    (1.4484291915e+01 5.2091827769e-16)
    (1.4973992379e+01 5.7534215882e-16)
    (1.5487666223e+01 6.3383143059e-16)
    (1.6023909695e+01 6.9652982720e-16)
    (1.6583468512e+01 7.6362767696e-16)
    (1.7168941463e+01 8.3520277377e-16)
    (1.7781023452e+01 9.1141386948e-16)
    (1.8422151615e+01 9.9255497911e-16)
    (1.9092649339e+01 1.0784702278e-15)
    (1.9794733945e+01 1.1693919725e-15)
    (2.0530664058e+01 1.2654642011e-15)
    (2.1299508263e+01 1.3665879752e-15)
    (2.2109288431e+01 1.4732148390e-15)
    (2.2959485968e+01 1.5852584783e-15)
    (2.3850104879e+01 1.7025401257e-15)
    (2.4788921536e+01 1.8255960996e-15)
    (2.5776295005e+01 1.9542380267e-15)
    (2.6817698048e+01 2.0886801403e-15)
    (2.7909067436e+01 2.2282539244e-15)
    (2.9061538888e+01 2.3737578314e-15)
    (3.0279874265e+01 2.5251190031e-15)
    (3.1556757395e+01 2.6812418373e-15)
    (3.2908931845e+01 2.8434908834e-15)
    (3.4342348823e+01 3.0115479949e-15)
    (3.5842127009e+01 3.1838066483e-15)
    (3.7437719791e+01 3.3622971285e-15)
    (3.9117090489e+01 3.5448714291e-15)
    (4.0644106575e+01 3.7146870836e-15)
    (4.2796040127e+01 3.9273818994e-15)
    (4.4789131155e+01 4.1245113811e-15)
    (4.6589221150e+01 4.3067471867e-15)
    (4.9179324484e+01 4.5353032374e-15)
    (5.1201199815e+01 4.7258624613e-15)
    (5.4099126670e+01 4.9605947410e-15)
    (5.6778858337e+01 5.1769838140e-15)
    (5.9117854096e+01 5.3721594828e-15)
    (6.2718461942e+01 5.6243912222e-15)
    (6.5410085846e+01 5.8280913047e-15)
    (6.9496742822e+01 6.0844888534e-15)
    (7.3180976752e+01 6.3142814669e-15)
    (7.7182577491e+01 6.5497246006e-15)
    (8.1420085225e+01 6.7839183039e-15)
    (8.6011788405e+01 7.0219101711e-15)
    (9.0867763137e+01 7.2563343822e-15)
    (9.6165388139e+01 7.4953333255e-15)
    (1.0177823578e+02 7.7300039276e-15)
    (1.0792309375e+02 7.9682083313e-15)
    (1.1458604701e+02 8.2052890584e-15)
    (1.2160542734e+02 8.4356267179e-15)
    (1.2939531717e+02 8.6688446782e-15)
    (1.3542361118e+02 8.8572702886e-15)
    (1.4388362195e+02 9.0722129634e-15)
    (1.5371740495e+02 9.2990891693e-15)
    (1.6736124994e+02 9.5589369711e-15)
    (1.7556818514e+02 9.7303645130e-15)
    (1.9180551086e+02 9.9737118756e-15)
    (2.0148427830e+02 1.0132672899e-14)
);
