// k[EI_O_EXC_O_1D] [m^3/s] vs reducedE [V m^2]; air_plasma [94c490be646f8872], T_gas = 300.000000 K
(
    (0 0.0000000000e+00)
    (1.0000000000e-22 0.0000000000e+00)
    (1.0452754953e-22 0.0000000000e+00)
    (1.0926008611e-22 0.0000000000e+00)
    (1.1420689063e-22 0.0000000000e+00)
    (1.1937766417e-22 0.0000000000e+00)
    (1.2478254705e-22 0.0000000000e+00)
    (1.3043213867e-22 0.0000000000e+00)
    (1.3633751836e-22 0.0000000000e+00)
    (1.4251026703e-22 0.0000000000e+00)
    (1.4896248996e-22 0.0000000000e+00)
    (1.5570684048e-22 0.0000000000e+00)
    (1.6275654480e-22 0.0000000000e+00)
    (1.7012542799e-22 0.0000000000e+00)
    (1.7782794100e-22 0.0000000000e+00)
    (1.8587918911e-22 0.0000000000e+00)
    (1.9429496147e-22 0.0000000000e+00)
    (2.0309176209e-22 0.0000000000e+00)
    (2.1228684221e-22 0.0000000000e+00)
    (2.2189823415e-22 0.0000000000e+00)
    (2.3194478661e-22 0.0000000000e+00)
    (2.4244620171e-22 0.0000000000e+00)
    (2.5342307358e-22 0.0000000000e+00)
    (2.6489692876e-22 0.0000000000e+00)
    (2.7689026842e-22 0.0000000000e+00)
    (2.8942661247e-22 0.0000000000e+00)
    (3.0253054571e-22 0.0000000000e+00)
    (3.1622776602e-22 0.0000000000e+00)
    (3.3054513476e-22 0.0000000000e+00)
    (3.4551072946e-22 0.0000000000e+00)
    (3.6115389887e-22 0.0000000000e+00)
    (3.7750532053e-22 0.0000000000e+00)
    (3.9459706091e-22 0.0000000000e+00)
    (4.1246263829e-22 0.0000000000e+00)
    (4.3113708854e-22 0.0000000000e+00)
    (4.5065703377e-22 0.0000000000e+00)
    (4.7106075420e-22 0.0000000000e+00)
    (4.9238826317e-22 0.0000000000e+00)
    (5.1468138568e-22 0.0000000000e+00)
    (5.3798384034e-22 0.0000000000e+00)
    (5.6234132519e-22 0.0000000000e+00)
    (5.8780160723e-22 0.0000000000e+00)
    (6.1441461614e-22 0.0000000000e+00)
    (6.4223254222e-22 0.0000000000e+00)
    (6.7130993868e-22 0.0000000000e+00)
    (7.0170382867e-22 0.0000000000e+00)
    (7.3347381708e-22 0.0000000000e+00)
    (7.6668220745e-22 0.0000000000e+00)
    (8.0139412415e-22 0.0000000000e+00)
    (8.3767764007e-22 0.0000000000e+00)
    (8.7560391014e-22 0.0000000000e+00)
    (9.1524731088e-22 0.0000000000e+00)
    (9.5668558622e-22 0.0000000000e+00)
    (1.0000000000e-21 0.0000000000e+00)
    (1.0452754953e-21 0.0000000000e+00)
    (1.0926008611e-21 0.0000000000e+00)
    (1.1420689063e-21 0.0000000000e+00)
    (1.1937766417e-21 0.0000000000e+00)
    (1.2478254705e-21 0.0000000000e+00)
    (1.3043213867e-21 0.0000000000e+00)
    (1.3633751836e-21 0.0000000000e+00)
    (1.4251026703e-21 0.0000000000e+00)
    (1.4896248996e-21 0.0000000000e+00)
    (1.5570684048e-21 0.0000000000e+00)
    (1.6275654480e-21 0.0000000000e+00)
    (1.7012542799e-21 0.0000000000e+00)
    (1.7782794100e-21 3.7923239295e-28)
    (1.8587918911e-21 7.5532471593e-28)
    (1.9429496147e-21 1.6759871832e-27)
    (2.0309176209e-21 4.4302591374e-27)
    (2.1228684221e-21 9.9828240643e-27)
    (2.2189823415e-21 2.4016780718e-26)
    (2.3194478661e-21 5.4595799253e-26)
    (2.4244620171e-21 1.3301500585e-25)
    (2.5342307358e-21 2.8146993460e-25)
    (2.6489692876e-21 5.4586123083e-25)
    (2.7689026842e-21 1.0125688138e-24)
    (2.8942661247e-21 1.8254586765e-24)
    (3.0253054571e-21 3.2189825070e-24)
    (3.1622776602e-21 5.5646203870e-24)
    (3.3054513476e-21 9.4360772575e-24)
    (3.4551072946e-21 1.5697072246e-23)
    (3.6115389887e-21 2.5615156862e-23)
    (3.7750532053e-21 4.1006602254e-23)
    (3.9459706091e-21 6.4411963925e-23)
    (4.1246263829e-21 9.9304149830e-23)
    (4.3113708854e-21 1.5032586448e-22)
    (4.5065703377e-21 2.2355136566e-22)
    (4.7106075420e-21 3.2676460108e-22)
    (4.9238826317e-21 4.6494705967e-22)
    (5.1468138568e-21 6.6970999886e-22)
    (5.3798384034e-21 9.5177192555e-22)
    (5.6234132519e-21 1.3354130086e-21)
    (5.8780160723e-21 1.8510665211e-21)
    (6.1441461614e-21 2.5363792349e-21)
    (6.4223254222e-21 3.4374798676e-21)
    (6.7130993868e-21 4.6105947838e-21)
    (7.0170382867e-21 6.1236807727e-21)
    (7.3347381708e-21 8.0583260744e-21)
    (7.6668220745e-21 1.0511906250e-20)
    (8.0139412415e-21 1.3600016142e-20)
    (8.3767764007e-21 1.7459207810e-20)
    (8.7560391014e-21 2.2250060542e-20)
    (9.1524731088e-21 2.8160603688e-20)
    (9.5668558622e-21 3.5410104138e-20)
    (1.0000000000e-20 4.4253217300e-20)
    (1.0452754953e-20 5.4984483168e-20)
    (1.0926008611e-20 6.7943129141e-20)
    (1.1420689063e-20 8.3518105678e-20)
    (1.1937766417e-20 1.0231149370e-19)
    (1.2478254705e-20 1.2465266828e-19)
    (1.3043213867e-20 1.5124422443e-19)
    (1.3633751836e-20 1.8279812212e-19)
    (1.4251026703e-20 2.2013541046e-19)
    (1.4896248996e-20 2.6420245392e-19)
    (1.5570684048e-20 3.1608943947e-19)
    (1.6275654480e-20 3.7705133617e-19)
    (1.7012542799e-20 4.4853142375e-19)
    (1.7782794100e-20 5.3218734928e-19)
    (1.8587918911e-20 6.2991972205e-19)
    (1.9429496147e-20 7.4658921656e-19)
    (2.0309176209e-20 8.8115297206e-19)
    (2.1228684221e-20 1.0383988605e-18)
    (2.2189823415e-20 1.2694361004e-18)
    (2.3194478661e-20 1.5187051765e-18)
    (2.4244620171e-20 1.8278827080e-18)
    (2.5342307358e-20 2.2172182372e-18)
    (2.6489692876e-20 2.7149291053e-18)
    (2.7689026842e-20 3.3051347030e-18)
    (2.8942661247e-20 4.1161004918e-18)
    (3.0253054571e-20 5.1594880169e-18)
    (3.1622776602e-20 6.5283696338e-18)
    (3.3054513476e-20 8.3934918561e-18)
    (3.4551072946e-20 1.0779135545e-17)
    (3.6115389887e-20 1.3905303955e-17)
    (3.7750532053e-20 1.7981391129e-17)
    (3.9459706091e-20 2.3375363972e-17)
    (4.1246263829e-20 3.0183303743e-17)
    (4.3113708854e-20 3.8850239102e-17)
    (4.5065703377e-20 4.9777206777e-17)
    (4.7106075420e-20 6.3412352842e-17)
    (4.9238826317e-20 8.0823144223e-17)
    (5.1468138568e-20 1.0144639305e-16)
    (5.3798384034e-20 1.2632533310e-16)
    (5.6234132519e-20 1.5599400469e-16)
    (5.8780160723e-20 1.9159008057e-16)
    (6.1441461614e-20 2.3235964854e-16)
    (6.4223254222e-20 2.7926925693e-16)
    (6.7130993868e-20 3.3260077722e-16)
    (7.0170382867e-20 3.9251012216e-16)
    (7.3347381708e-20 4.6000110811e-16)
    (7.6668220745e-20 5.3287866157e-16)
    (8.0139412415e-20 6.1187303152e-16)
    (8.3767764007e-20 6.9652366779e-16)
    (8.7560391014e-20 7.8623005524e-16)
    (9.1524731088e-20 8.8221499678e-16)
    (9.5668558622e-20 9.7973056937e-16)
    (1.0000000000e-19 1.0799042148e-15)
    (1.0452754953e-19 1.1818559843e-15)
    (1.0926008611e-19 1.2851901717e-15)
    (1.1420689063e-19 1.3880931629e-15)
    (1.1937766417e-19 1.4903066319e-15)
    (1.2478254705e-19 1.5911391922e-15)
    (1.3043213867e-19 1.6899882041e-15)
    (1.3633751836e-19 1.7873684447e-15)
    (1.4251026703e-19 1.8806033213e-15)
    (1.4896248996e-19 1.9706288778e-15)
    (1.5570684048e-19 2.0572027430e-15)
    (1.6275654480e-19 2.1401563151e-15)
    (1.7012542799e-19 2.2196934664e-15)
    (1.7782794100e-19 2.2950599431e-15)
    (1.8587918911e-19 2.3666597481e-15)
    (1.9429496147e-19 2.4345226541e-15)
    (2.0309176209e-19 2.4987063620e-15)
    (2.1228684221e-19 2.5592894228e-15)
    (2.2189823415e-19 2.6163651698e-15)
    (2.3194478661e-19 2.6700366197e-15)
    (2.4244620171e-19 2.7199825696e-15)
    (2.5342307358e-19 2.7671779058e-15)
    (2.6489692876e-19 2.8110300778e-15)
    (2.7689026842e-19 2.8521874185e-15)
    (2.8942661247e-19 2.8904814941e-15)
    (3.0253054571e-19 2.9260110648e-15)
    (3.1622776602e-19 2.9588182126e-15)
    (3.3054513476e-19 2.9890643189e-15)
    (3.4551072946e-19 3.0168077233e-15)
    (3.6115389887e-19 3.0430482737e-15)
    (3.7750532053e-19 3.0658888315e-15)
    (3.9459706091e-19 3.0864404511e-15)
    (4.1246263829e-19 3.1047580229e-15)
    (4.3113708854e-19 3.1208915125e-15)
    (4.5065703377e-19 3.1348863430e-15)
    (4.7106075420e-19 3.1458603626e-15)
    (4.9238826317e-19 3.1557553066e-15)
    (5.1468138568e-19 3.1636181781e-15)
    (5.3798384034e-19 3.1694838828e-15)
    (5.6234132519e-19 3.1727450799e-15)
    (5.8780160723e-19 3.1747419892e-15)
    (6.1441461614e-19 3.1748168310e-15)
    (6.4223254222e-19 3.1769693003e-15)
    (6.7130993868e-19 3.1685356481e-15)
    (7.0170382867e-19 3.1583329132e-15)
    (7.3347381708e-19 3.1458275125e-15)
    (7.6668220745e-19 3.1310351286e-15)
    (8.0139412415e-19 3.1136767050e-15)
    (8.3767764007e-19 3.0944295270e-15)
    (8.7560391014e-19 3.0720902105e-15)
    (9.1524731088e-19 3.0485514019e-15)
    (9.5668558622e-19 3.0228762534e-15)
    (1.0000000000e-18 2.9946522674e-15)
    (1.0452754953e-18 2.9648264289e-15)
    (1.0926008611e-18 2.9329911973e-15)
    (1.1420689063e-18 2.8987234081e-15)
    (1.1937766417e-18 2.8630083171e-15)
    (1.2478254705e-18 2.8254440893e-15)
    (1.3043213867e-18 2.7860791125e-15)
    (1.3633751836e-18 2.7441571736e-15)
    (1.4251026703e-18 2.7014617446e-15)
    (1.4896248996e-18 2.6571597390e-15)
    (1.5570684048e-18 2.6105607824e-15)
    (1.6275654480e-18 2.5633387113e-15)
    (1.7012542799e-18 2.5147380098e-15)
    (1.7782794100e-18 2.4647949585e-15)
    (1.8587918911e-18 2.4132094817e-15)
    (1.9429496147e-18 2.3610272598e-15)
    (2.0309176209e-18 2.3077622366e-15)
    (2.1228684221e-18 2.2533220683e-15)
    (2.2189823415e-18 2.1983669271e-15)
    (2.3194478661e-18 2.1426038085e-15)
    (2.4244620171e-18 2.0857441222e-15)
    (2.5342307358e-18 2.0289330042e-15)
    (2.6489692876e-18 1.9710078460e-15)
    (2.7689026842e-18 1.9107933568e-15)
    (2.8942661247e-18 1.8557637107e-15)
    (3.0253054571e-18 1.7973688064e-15)
    (3.1622776602e-18 1.7366841657e-15)
    (3.3054513476e-18 1.6816700933e-15)
    (3.4551072946e-18 1.6220670223e-15)
    (3.6115389887e-18 1.5663500796e-15)
    (3.7750532053e-18 1.5092651622e-15)
    (3.9459706091e-18 1.4500412553e-15)
    (4.1246263829e-18 1.3959037298e-15)
    (4.3113708854e-18 1.3393328893e-15)
    (4.5065703377e-18 1.2858172475e-15)
    (4.7106075420e-18 1.2317436911e-15)
    (4.9238826317e-18 1.1786335014e-15)
    (5.1468138568e-18 1.1258983282e-15)
    (5.3798384034e-18 1.0746898087e-15)
    (5.6234132519e-18 1.0242896953e-15)
    (5.8780160723e-18 9.7518151983e-16)
    (6.1441461614e-18 9.2680824537e-16)
    (6.4223254222e-18 8.8000268877e-16)
    (6.7130993868e-18 8.3435888179e-16)
    (7.0170382867e-18 7.8984121225e-16)
    (7.3347381708e-18 7.4672312796e-16)
    (7.6668220745e-18 7.0378460416e-16)
    (8.0139412415e-18 6.6344195936e-16)
    (8.3767764007e-18 6.2448739495e-16)
    (8.7560391014e-18 5.8677005518e-16)
    (9.1524731088e-18 5.4891414335e-16)
    (9.5668558622e-18 5.1513840324e-16)
    (1.0000000000e-17 4.7999692010e-16)
);
