// k[EI_N_EXC_N_2P] [m^3/s] vs mean energy [eV]; air_plasma [94c490be646f8872], T_gas = 300.000000 K
(
    (0 0.0000000000e+00)
    (1.3716736877e-01 0.0000000000e+00)
    (1.4076967004e-01 0.0000000000e+00)
    (1.4397591983e-01 0.0000000000e+00)
    (1.4684102077e-01 0.0000000000e+00)
    (1.4941193350e-01 0.0000000000e+00)
    (1.5172852860e-01 0.0000000000e+00)
    (1.5382471337e-01 0.0000000000e+00)
    (1.5572953486e-01 0.0000000000e+00)
    (1.5746814299e-01 0.0000000000e+00)
    (1.5906258451e-01 0.0000000000e+00)
    (1.6040177321e-01 0.0000000000e+00)
    (1.6189529828e-01 0.0000000000e+00)
    (1.6316717670e-01 0.0000000000e+00)
    (1.6436277106e-01 0.0000000000e+00)
    (1.6549569504e-01 0.0000000000e+00)
    (1.6657864137e-01 0.0000000000e+00)
    (1.6762350584e-01 0.0000000000e+00)
    (1.6865351356e-01 0.0000000000e+00)
    (1.6965530759e-01 0.0000000000e+00)
    (1.7065088677e-01 0.0000000000e+00)
    (1.7163694874e-01 0.0000000000e+00)
    (1.7264754568e-01 0.0000000000e+00)
    (1.7367870384e-01 0.0000000000e+00)
    (1.7473842382e-01 0.0000000000e+00)
    (1.7583425455e-01 0.0000000000e+00)
    (1.7697330632e-01 0.0000000000e+00)
    (1.7816226381e-01 0.0000000000e+00)
    (1.7940739973e-01 0.0000000000e+00)
    (1.8071459251e-01 0.0000000000e+00)
    (1.8208934620e-01 0.0000000000e+00)
    (1.8353681581e-01 0.0000000000e+00)
    (1.8506183817e-01 0.0000000000e+00)
    (1.8666896889e-01 0.0000000000e+00)
    (1.8836252602e-01 0.0000000000e+00)
    (1.9014664040e-01 0.0000000000e+00)
    (1.9202531289e-01 0.0000000000e+00)
    (1.9400247796e-01 0.0000000000e+00)
    (1.9608207355e-01 0.0000000000e+00)
    (1.9826811637e-01 0.0000000000e+00)
    (2.0056478234e-01 0.0000000000e+00)
    (2.0297649148e-01 0.0000000000e+00)
    (2.0550799658e-01 0.0000000000e+00)
    (2.0816447512e-01 0.0000000000e+00)
    (2.1095162348e-01 0.0000000000e+00)
    (2.1387575250e-01 0.0000000000e+00)
    (2.1694252519e-01 0.0000000000e+00)
    (2.2014784268e-01 0.0000000000e+00)
    (2.2353442384e-01 0.0000000000e+00)
    (2.2709473824e-01 0.0000000000e+00)
    (2.3084124291e-01 0.0000000000e+00)
    (2.3479830546e-01 0.0000000000e+00)
    (2.3896127860e-01 0.0000000000e+00)
    (2.4336008158e-01 0.0000000000e+00)
    (2.4801609114e-01 0.0000000000e+00)
    (2.5295357748e-01 0.0000000000e+00)
    (2.5819912151e-01 0.0000000000e+00)
    (2.6378573470e-01 0.0000000000e+00)
    (2.6974624072e-01 0.0000000000e+00)
    (2.7611826438e-01 0.0000000000e+00)
    (2.8294267020e-01 0.0000000000e+00)
    (2.9026318406e-01 0.0000000000e+00)
    (2.9812578117e-01 0.0000000000e+00)
    (3.0657780390e-01 0.0000000000e+00)
    (3.1566679772e-01 0.0000000000e+00)
    (3.2543906532e-01 0.0000000000e+00)
    (3.3590884834e-01 0.0000000000e+00)
    (3.4717220621e-01 0.0000000000e+00)
    (3.5923181777e-01 0.0000000000e+00)
    (3.7211011301e-01 0.0000000000e+00)
    (3.8581857835e-01 0.0000000000e+00)
    (4.0035607801e-01 0.0000000000e+00)
    (4.1570758173e-01 0.0000000000e+00)
    (4.3184341715e-01 0.0000000000e+00)
    (4.4871913847e-01 0.0000000000e+00)
    (4.6627605897e-01 0.0000000000e+00)
    (4.8444243519e-01 0.0000000000e+00)
    (5.0313523891e-01 0.0000000000e+00)
    (5.2226241062e-01 0.0000000000e+00)
    (5.4172544282e-01 0.0000000000e+00)
    (5.6142213216e-01 0.0000000000e+00)
    (5.8124933256e-01 0.0000000000e+00)
    (6.0110555710e-01 0.0000000000e+00)
    (6.2089330726e-01 0.0000000000e+00)
    (6.4052103707e-01 0.0000000000e+00)
    (6.5990470387e-01 0.0000000000e+00)
    (6.7896888897e-01 0.0000000000e+00)
    (6.9764750311e-01 0.0000000000e+00)
    (7.1588411412e-01 0.0000000000e+00)
    (7.3358636508e-01 0.0000000000e+00)
    (7.5079956951e-01 0.0000000000e+00)
    (7.6745533679e-01 0.0000000000e+00)
    (7.8353256295e-01 0.0000000000e+00)
    (7.9901751861e-01 0.0000000000e+00)
    (8.1390305888e-01 0.0000000000e+00)
    (8.2818781969e-01 0.0000000000e+00)
    (8.4187543085e-01 0.0000000000e+00)
    (8.5497376287e-01 0.0000000000e+00)
    (8.6749422815e-01 0.0000000000e+00)
    (8.7945114297e-01 0.0000000000e+00)
    (8.9086115759e-01 0.0000000000e+00)
    (9.0174275648e-01 0.0000000000e+00)
    (9.1211582875e-01 0.0000000000e+00)
    (9.2200130648e-01 0.0000000000e+00)
    (9.3142086729e-01 0.0000000000e+00)
    (9.4039669615e-01 0.0000000000e+00)
    (9.4895130096e-01 0.0000000000e+00)
    (9.5710737510e-01 0.0000000000e+00)
    (9.6488770191e-01 0.0000000000e+00)
    (9.7229590192e-01 0.0000000000e+00)
    (9.7938516542e-01 0.0000000000e+00)
    (9.8616492913e-01 0.0000000000e+00)
    (9.9265725317e-01 0.0000000000e+00)
    (9.9888404860e-01 0.0000000000e+00)
    (1.0048670852e+00 0.0000000000e+00)
    (1.0106280054e+00 0.0000000000e+00)
    (1.0161883420e+00 0.0000000000e+00)
    (1.0215695391e+00 0.0000000000e+00)
    (1.0267929757e+00 0.0000000000e+00)
    (1.0318799893e+00 0.0000000000e+00)
    (1.0368231641e+00 0.0000000000e+00)
    (1.0417033534e+00 0.0000000000e+00)
    (1.0465120896e+00 0.0000000000e+00)
    (1.0510868798e+00 2.0890707850e-20)
    (1.0558591901e+00 3.8415183230e-20)
    (1.0606532011e+00 6.8463257447e-20)
    (1.0655074194e+00 1.1868524461e-19)
    (1.0704684867e+00 2.0057536422e-19)
    (1.0751997672e+00 3.0293004358e-19)
    (1.0804337616e+00 4.8582782007e-19)
    (1.0860944535e+00 7.6412551456e-19)
    (1.0921800381e+00 1.1788371520e-18)
    (1.0986620877e+00 1.8120479808e-18)
    (1.1060807526e+00 2.6926163633e-18)
    (1.1144567561e+00 3.9339272661e-18)
    (1.1240549775e+00 5.6545982186e-18)
    (1.1350476809e+00 8.0640614990e-18)
    (1.1481500995e+00 1.1230614434e-17)
    (1.1636258812e+00 1.5416297124e-17)
    (1.1819885899e+00 2.0868378890e-17)
    (1.2038177966e+00 2.7868822736e-17)
    (1.2301634388e+00 3.7032578945e-17)
    (1.2609969543e+00 4.8145059260e-17)
    (1.2973623006e+00 6.1825716325e-17)
    (1.3400043215e+00 7.8445037446e-17)
    (1.3902463429e+00 9.8730324543e-17)
    (1.4476740785e+00 1.2233312884e-16)
    (1.5134371384e+00 1.4989374648e-16)
    (1.5880617826e+00 1.8166542593e-16)
    (1.6719409929e+00 2.1782886981e-16)
    (1.7660607105e+00 2.5907116655e-16)
    (1.8689224005e+00 3.0416629812e-16)
    (1.9811674964e+00 3.5361823195e-16)
    (2.1024762198e+00 4.0721223424e-16)
    (2.2323544675e+00 4.6463445891e-16)
    (2.3723894726e+00 5.2670113383e-16)
    (2.5173051541e+00 5.9047395885e-16)
    (2.6685098823e+00 6.5666584251e-16)
    (2.8251127843e+00 7.2472214895e-16)
    (2.9864403845e+00 7.9438442959e-16)
    (3.1511716903e+00 8.6446339015e-16)
    (3.3187345263e+00 9.3475906127e-16)
    (3.4884072284e+00 1.0047810451e-15)
    (3.6595680228e+00 1.0740872271e-15)
    (3.8329812660e+00 1.1429185572e-15)
    (4.0054036492e+00 1.2095507054e-15)
    (4.1781426573e+00 1.2744866197e-15)
    (4.3510158689e+00 1.3375051098e-15)
    (4.5239369983e+00 1.3984343535e-15)
    (4.6971621121e+00 1.4573607591e-15)
    (4.8701409953e+00 1.5137088788e-15)
    (5.0433978978e+00 1.5677057667e-15)
    (5.2171246267e+00 1.6193242230e-15)
    (5.3915564382e+00 1.6685602116e-15)
    (5.5669629670e+00 1.7154283040e-15)
    (5.7436400435e+00 1.7599576408e-15)
    (5.9219025871e+00 1.8021884130e-15)
    (6.1010979376e+00 1.8418512162e-15)
    (6.2835570479e+00 1.8796362821e-15)
    (6.4679920423e+00 1.9151024549e-15)
    (6.6560078497e+00 1.9486690199e-15)
    (6.8473428104e+00 1.9802131223e-15)
    (7.0423340172e+00 2.0097930822e-15)
    (7.2409465159e+00 2.0373618038e-15)
    (7.4442081970e+00 2.0631656660e-15)
    (7.6521663603e+00 2.0871687806e-15)
    (7.8676105910e+00 2.1101433055e-15)
    (8.0858487204e+00 2.1306055332e-15)
    (8.3098278044e+00 2.1494094129e-15)
    (8.5398932950e+00 2.1665927122e-15)
    (8.7763949131e+00 2.1821901877e-15)
    (9.0196879697e+00 2.1962336896e-15)
    (9.2670974766e+00 2.2080359345e-15)
    (9.5251096885e+00 2.2191007314e-15)
    (9.7910839770e+00 2.2286866644e-15)
    (1.0065371630e+01 2.2368183860e-15)
    (1.0346344593e+01 2.2430784535e-15)
    (1.0638438926e+01 2.2483888895e-15)
    (1.0940187398e+01 2.2522968466e-15)
    (1.1925355136e+01 2.2677026661e-15)
    (1.2308824412e+01 2.2658603245e-15)
    (1.2709276652e+01 2.2626945993e-15)
    (1.3126439691e+01 2.2578352136e-15)
    (1.3561263285e+01 2.2512884167e-15)
    (1.4012493747e+01 2.2428004677e-15)
    (1.4484291915e+01 2.2329475276e-15)
    (1.4973992379e+01 2.2208305903e-15)
    (1.5487666223e+01 2.2077569719e-15)
    (1.6023909695e+01 2.1930710185e-15)
    (1.6583468512e+01 2.1764485551e-15)
    (1.7168941463e+01 2.1586043920e-15)
    (1.7781023451e+01 2.1392157475e-15)
    (1.8422151615e+01 2.1179572462e-15)
    (1.9092649339e+01 2.0955569911e-15)
    (1.9794733945e+01 2.0717031358e-15)
    (2.0530664058e+01 2.0464227336e-15)
    (2.1299508263e+01 2.0191577625e-15)
    (2.2109288431e+01 1.9911958061e-15)
    (2.2959485968e+01 1.9619248412e-15)
    (2.3850104879e+01 1.9308299392e-15)
    (2.4788921536e+01 1.8991324673e-15)
    (2.5776295005e+01 1.8662715620e-15)
    (2.6817698048e+01 1.8322681207e-15)
    (2.7909067436e+01 1.7968777637e-15)
    (2.9061538888e+01 1.7609012911e-15)
    (3.0279874265e+01 1.7239581662e-15)
    (3.1556757395e+01 1.6859759353e-15)
    (3.2908931845e+01 1.6474396226e-15)
    (3.4342348823e+01 1.6081312702e-15)
    (3.5842127009e+01 1.5678433510e-15)
    (3.7437719791e+01 1.5274078027e-15)
    (3.9117090489e+01 1.4859730492e-15)
    (4.0644106575e+01 1.4427030020e-15)
    (4.2796040127e+01 1.4030343891e-15)
    (4.4789131155e+01 1.3607241349e-15)
    (4.6589221150e+01 1.3165215536e-15)
    (4.9179324484e+01 1.2764577978e-15)
    (5.1201199815e+01 1.2327490077e-15)
    (5.4099126670e+01 1.1918498552e-15)
    (5.6778858337e+01 1.1497497152e-15)
    (5.9117854096e+01 1.1059213963e-15)
    (6.2718461942e+01 1.0657884015e-15)
    (6.5410085846e+01 1.0236540422e-15)
    (6.9496742822e+01 9.8373369146e-16)
    (7.3180976752e+01 9.4326613332e-16)
    (7.7182577491e+01 9.0340891434e-16)
    (8.1420085225e+01 8.6368476840e-16)
    (8.6011788405e+01 8.2506846070e-16)
    (9.0867763137e+01 7.8696519022e-16)
    (9.6165388139e+01 7.4976714220e-16)
    (1.0177823578e+02 7.1307189172e-16)
    (1.0792309375e+02 6.7747082941e-16)
    (1.1458604701e+02 6.4268788056e-16)
    (1.2160542734e+02 6.0869049726e-16)
    (1.2939531717e+02 5.7572064595e-16)
    (1.3542361118e+02 5.4284667748e-16)
    (1.4388362195e+02 5.1191263814e-16)
    (1.5371740495e+02 4.8198963642e-16)
    (1.6736124994e+02 4.5295150118e-16)
    (1.7556818514e+02 4.2382970318e-16)
    (1.9180551086e+02 3.9778833748e-16)
    (2.0148427830e+02 3.7067993573e-16)
);
