// k[EI_O2_EXC_O2_V2RES] [m^3/s] vs reducedE [V m^2]; air_plasma [94c490be646f8872], T_gas = 300.000000 K
(
    (0 0.0000000000e+00)
    (1.0000000000e-22 0.0000000000e+00)
    (1.0452754953e-22 0.0000000000e+00)
    (1.0926008611e-22 0.0000000000e+00)
    (1.1420689063e-22 0.0000000000e+00)
    (1.1937766417e-22 0.0000000000e+00)
    (1.2478254705e-22 0.0000000000e+00)
    (1.3043213867e-22 0.0000000000e+00)
    (1.3633751836e-22 0.0000000000e+00)
    (1.4251026703e-22 0.0000000000e+00)
    (1.4896248996e-22 0.0000000000e+00)
    (1.5570684048e-22 0.0000000000e+00)
    (1.6275654480e-22 0.0000000000e+00)
    (1.7012542799e-22 0.0000000000e+00)
    (1.7782794100e-22 0.0000000000e+00)
    (1.8587918911e-22 0.0000000000e+00)
    (1.9429496147e-22 0.0000000000e+00)
    (2.0309176209e-22 0.0000000000e+00)
    (2.1228684221e-22 0.0000000000e+00)
    (2.2189823415e-22 0.0000000000e+00)
    (2.3194478661e-22 0.0000000000e+00)
    (2.4244620171e-22 0.0000000000e+00)
    (2.5342307358e-22 0.0000000000e+00)
    (2.6489692876e-22 0.0000000000e+00)
    (2.7689026842e-22 0.0000000000e+00)
    (2.8942661247e-22 0.0000000000e+00)
    (3.0253054571e-22 0.0000000000e+00)
    (3.1622776602e-22 0.0000000000e+00)
    (3.3054513476e-22 0.0000000000e+00)
    (3.4551072946e-22 0.0000000000e+00)
    (3.6115389887e-22 0.0000000000e+00)
    (3.7750532053e-22 0.0000000000e+00)
    (3.9459706091e-22 0.0000000000e+00)
    (4.1246263829e-22 0.0000000000e+00)
    (4.3113708854e-22 0.0000000000e+00)
    (4.5065703377e-22 0.0000000000e+00)
    (4.7106075420e-22 0.0000000000e+00)
    (4.9238826317e-22 0.0000000000e+00)
    (5.1468138568e-22 0.0000000000e+00)
    (5.3798384034e-22 0.0000000000e+00)
    (5.6234132519e-22 0.0000000000e+00)
    (5.8780160723e-22 0.0000000000e+00)
    (6.1441461614e-22 0.0000000000e+00)
    (6.4223254222e-22 0.0000000000e+00)
    (6.7130993868e-22 0.0000000000e+00)
    (7.0170382867e-22 0.0000000000e+00)
    (7.3347381708e-22 0.0000000000e+00)
    (7.6668220745e-22 0.0000000000e+00)
    (8.0139412415e-22 0.0000000000e+00)
    (8.3767764007e-22 0.0000000000e+00)
    (8.7560391014e-22 0.0000000000e+00)
    (9.1524731088e-22 0.0000000000e+00)
    (9.5668558622e-22 0.0000000000e+00)
    (1.0000000000e-21 0.0000000000e+00)
    (1.0452754953e-21 0.0000000000e+00)
    (1.0926008611e-21 0.0000000000e+00)
    (1.1420689063e-21 0.0000000000e+00)
    (1.1937766417e-21 0.0000000000e+00)
    (1.2478254705e-21 0.0000000000e+00)
    (1.3043213867e-21 0.0000000000e+00)
    (1.3633751836e-21 0.0000000000e+00)
    (1.4251026703e-21 0.0000000000e+00)
    (1.4896248996e-21 0.0000000000e+00)
    (1.5570684048e-21 0.0000000000e+00)
    (1.6275654480e-21 0.0000000000e+00)
    (1.7012542799e-21 0.0000000000e+00)
    (1.7782794100e-21 0.0000000000e+00)
    (1.8587918911e-21 0.0000000000e+00)
    (1.9429496147e-21 0.0000000000e+00)
    (2.0309176209e-21 0.0000000000e+00)
    (2.1228684221e-21 0.0000000000e+00)
    (2.2189823415e-21 0.0000000000e+00)
    (2.3194478661e-21 0.0000000000e+00)
    (2.4244620171e-21 0.0000000000e+00)
    (2.5342307358e-21 0.0000000000e+00)
    (2.6489692876e-21 0.0000000000e+00)
    (2.7689026842e-21 0.0000000000e+00)
    (2.8942661247e-21 0.0000000000e+00)
    (3.0253054571e-21 0.0000000000e+00)
    (3.1622776602e-21 0.0000000000e+00)
    (3.3054513476e-21 0.0000000000e+00)
    (3.4551072946e-21 0.0000000000e+00)
    (3.6115389887e-21 0.0000000000e+00)
    (3.7750532053e-21 0.0000000000e+00)
    (3.9459706091e-21 0.0000000000e+00)
    (4.1246263829e-21 0.0000000000e+00)
    (4.3113708854e-21 0.0000000000e+00)
    (4.5065703377e-21 0.0000000000e+00)
    (4.7106075420e-21 0.0000000000e+00)
    (4.9238826317e-21 0.0000000000e+00)
    (5.1468138568e-21 0.0000000000e+00)
    (5.3798384034e-21 0.0000000000e+00)
    (5.6234132519e-21 0.0000000000e+00)
    (5.8780160723e-21 0.0000000000e+00)
    (6.1441461614e-21 0.0000000000e+00)
    (6.4223254222e-21 0.0000000000e+00)
    (6.7130993868e-21 0.0000000000e+00)
    (7.0170382867e-21 0.0000000000e+00)
    (7.3347381708e-21 0.0000000000e+00)
    (7.6668220745e-21 0.0000000000e+00)
    (8.0139412415e-21 0.0000000000e+00)
    (8.3767764007e-21 0.0000000000e+00)
    (8.7560391014e-21 0.0000000000e+00)
    (9.1524731088e-21 0.0000000000e+00)
    (9.5668558622e-21 0.0000000000e+00)
    (1.0000000000e-20 0.0000000000e+00)
    (1.0452754953e-20 0.0000000000e+00)
    (1.0926008611e-20 0.0000000000e+00)
    (1.1420689063e-20 0.0000000000e+00)
    (1.1937766417e-20 0.0000000000e+00)
    (1.2478254705e-20 0.0000000000e+00)
    (1.3043213867e-20 0.0000000000e+00)
    (1.3633751836e-20 0.0000000000e+00)
    (1.4251026703e-20 0.0000000000e+00)
    (1.4896248996e-20 0.0000000000e+00)
    (1.5570684048e-20 0.0000000000e+00)
    (1.6275654480e-20 0.0000000000e+00)
    (1.7012542799e-20 0.0000000000e+00)
    (1.7782794100e-20 0.0000000000e+00)
    (1.8587918911e-20 0.0000000000e+00)
    (1.9429496147e-20 0.0000000000e+00)
    (2.0309176209e-20 0.0000000000e+00)
    (2.1228684221e-20 0.0000000000e+00)
    (2.2189823415e-20 2.7800924146e-21)
    (2.3194478661e-20 5.1416894568e-21)
    (2.4244620171e-20 9.2068857627e-21)
    (2.5342307358e-20 1.6026140044e-20)
    (2.6489692876e-20 2.7182629163e-20)
    (2.7689026842e-20 6.0820844524e-20)
    (2.8942661247e-20 9.8002063901e-20)
    (3.0253054571e-20 1.5688882858e-19)
    (3.1622776602e-20 2.4630409580e-19)
    (3.3054513476e-20 3.8439324420e-19)
    (3.4551072946e-20 5.8079402496e-19)
    (3.6115389887e-20 8.6262441186e-19)
    (3.7750532053e-20 1.2602552832e-18)
    (3.9459706091e-20 1.8257880917e-18)
    (4.1246263829e-20 2.5831921825e-18)
    (4.3113708854e-20 3.6016970757e-18)
    (4.5065703377e-20 4.9511903972e-18)
    (4.7106075420e-20 6.7135948768e-18)
    (4.9238826317e-20 9.0568707048e-18)
    (5.1468138568e-20 1.1951224708e-17)
    (5.3798384034e-20 1.5574690097e-17)
    (5.6234132519e-20 2.0050584796e-17)
    (5.8780160723e-20 2.5600181214e-17)
    (6.1441461614e-20 3.2172649812e-17)
    (6.4223254222e-20 3.9975176340e-17)
    (6.7130993868e-20 4.9119396837e-17)
    (7.0170382867e-20 5.9700101326e-17)
    (7.3347381708e-20 7.1954683233e-17)
    (7.6668220745e-20 8.5590131730e-17)
    (8.0139412415e-20 1.0078773314e-16)
    (8.3767764007e-20 1.1752641164e-16)
    (8.7560391014e-20 1.3575067120e-16)
    (9.1524731088e-20 1.5573284521e-16)
    (9.5668558622e-20 1.7662792736e-16)
    (1.0000000000e-19 1.9865428849e-16)
    (1.0452754953e-19 2.2164840150e-16)
    (1.0926008611e-19 2.4552449618e-16)
    (1.1420689063e-19 2.6990875229e-16)
    (1.1937766417e-19 2.9471223095e-16)
    (1.2478254705e-19 3.1975140213e-16)
    (1.3043213867e-19 3.4485004424e-16)
    (1.3633751836e-19 3.7004800132e-16)
    (1.4251026703e-19 3.9473962560e-16)
    (1.4896248996e-19 4.1903746519e-16)
    (1.5570684048e-19 4.4281763979e-16)
    (1.6275654480e-19 4.6597080344e-16)
    (1.7012542799e-19 4.8847374345e-16)
    (1.7782794100e-19 5.1008183488e-16)
    (1.8587918911e-19 5.3081951630e-16)
    (1.9429496147e-19 5.5062890441e-16)
    (2.0309176209e-19 5.6946261268e-16)
    (2.1228684221e-19 5.8728277366e-16)
    (2.2189823415e-19 6.0406012043e-16)
    (2.3194478661e-19 6.1977313279e-16)
    (2.4244620171e-19 6.3429760104e-16)
    (2.5342307358e-19 6.4784438535e-16)
    (2.6489692876e-19 6.6023910438e-16)
    (2.7689026842e-19 6.7160824678e-16)
    (2.8942661247e-19 6.8189549683e-16)
    (3.0253054571e-19 6.9111160309e-16)
    (3.1622776602e-19 6.9923355073e-16)
    (3.3054513476e-19 7.0634743019e-16)
    (3.4551072946e-19 7.1244043643e-16)
    (3.6115389887e-19 7.1779043456e-16)
    (3.7750532053e-19 7.2187856693e-16)
    (3.9459706091e-19 7.2501736737e-16)
    (4.1246263829e-19 7.2723215850e-16)
    (4.3113708854e-19 7.2854915082e-16)
    (4.5065703377e-19 7.2899521038e-16)
    (4.7106075420e-19 7.2835634900e-16)
    (4.9238826317e-19 7.2715991105e-16)
    (5.1468138568e-19 7.2517341220e-16)
    (5.3798384034e-19 7.2242603921e-16)
    (5.6234132519e-19 7.1880922384e-16)
    (5.8780160723e-19 7.1463557350e-16)
    (6.1441461614e-19 7.0978379546e-16)
    (6.4223254222e-19 6.9698922269e-16)
    (6.7130993868e-19 6.8876406882e-16)
    (7.0170382867e-19 6.7995451404e-16)
    (7.3347381708e-19 6.7047528313e-16)
    (7.6668220745e-19 6.6036350099e-16)
    (8.0139412415e-19 6.4958668667e-16)
    (8.3767764007e-19 6.3834391438e-16)
    (8.7560391014e-19 6.2642159195e-16)
    (9.1524731088e-19 6.1421432203e-16)
    (9.5668558622e-19 6.0157706551e-16)
    (1.0000000000e-18 5.8844515779e-16)
    (1.0452754953e-18 5.7507275964e-16)
    (1.0926008611e-18 5.6139275702e-16)
    (1.1420689063e-18 5.4734253819e-16)
    (1.1937766417e-18 5.3316599178e-16)
    (1.2478254705e-18 5.1880088964e-16)
    (1.3043213867e-18 5.0428251583e-16)
    (1.3633751836e-18 4.8949422356e-16)
    (1.4251026703e-18 4.7479693141e-16)
    (1.4896248996e-18 4.6005313761e-16)
    (1.5570684048e-18 4.4515324592e-16)
    (1.6275654480e-18 4.3043122140e-16)
    (1.7012542799e-18 4.1575895587e-16)
    (1.7782794100e-18 4.0115657435e-16)
    (1.8587918911e-18 3.8658832881e-16)
    (1.9429496147e-18 3.7224603442e-16)
    (2.0309176209e-18 3.5805212796e-16)
    (2.1228684221e-18 3.4401018574e-16)
    (2.2189823415e-18 3.3021738049e-16)
    (2.3194478661e-18 3.1663653136e-16)
    (2.4244620171e-18 3.0320922486e-16)
    (2.5342307358e-18 2.9015476187e-16)
    (2.6489692876e-18 2.7726618627e-16)
    (2.7689026842e-18 2.6441695582e-16)
    (2.8942661247e-18 2.5261038142e-16)
    (3.0253054571e-18 2.4066489947e-16)
    (3.1622776602e-18 2.2867539530e-16)
    (3.3054513476e-18 2.1790550934e-16)
    (3.4551072946e-18 2.0671111662e-16)
    (3.6115389887e-18 1.9643570101e-16)
    (3.7750532053e-18 1.8626477232e-16)
    (3.9459706091e-18 1.7600532691e-16)
    (4.1246263829e-18 1.6675128314e-16)
    (4.3113708854e-18 1.5743494641e-16)
    (4.5065703377e-18 1.4878250418e-16)
    (4.7106075420e-18 1.4030792418e-16)
    (4.9238826317e-18 1.3217135309e-16)
    (5.1468138568e-18 1.2428618369e-16)
    (5.3798384034e-18 1.1682153189e-16)
    (5.6234132519e-18 1.0965872400e-16)
    (5.8780160723e-18 1.0283716504e-16)
    (6.1441461614e-18 9.6275982881e-17)
    (6.4223254222e-18 9.0073454794e-17)
    (6.7130993868e-18 8.4163835877e-17)
    (7.0170382867e-18 7.8541133614e-17)
    (7.3347381708e-18 7.3203978377e-17)
    (7.6668220745e-18 6.8024957522e-17)
    (8.0139412415e-18 6.3379006461e-17)
    (8.3767764007e-18 5.8840462092e-17)
    (8.7560391014e-18 5.4380777838e-17)
    (9.1524731088e-18 5.0391844699e-17)
    (9.5668558622e-18 4.6496596968e-17)
    (1.0000000000e-17 4.2957612267e-17)
);
