// k[EI_O2_EXC_O2_A1] [m^3/s] vs mean energy [eV]; air_plasma [94c490be646f8872], T_gas = 300.000000 K
(
    (0 0.0000000000e+00)
    (1.3716749438e-01 0.0000000000e+00)
    (1.4076979314e-01 0.0000000000e+00)
    (1.4397604008e-01 0.0000000000e+00)
    (1.4684113805e-01 0.0000000000e+00)
    (1.4941204783e-01 0.0000000000e+00)
    (1.5172864004e-01 0.0000000000e+00)
    (1.5382482203e-01 0.0000000000e+00)
    (1.5572964088e-01 0.0000000000e+00)
    (1.5746824649e-01 0.0000000000e+00)
    (1.5906268561e-01 0.0000000000e+00)
    (1.6040186980e-01 0.0000000000e+00)
    (1.6189539494e-01 0.0000000000e+00)
    (1.6316727128e-01 0.0000000000e+00)
    (1.6436286366e-01 0.0000000000e+00)
    (1.6549578572e-01 0.0000000000e+00)
    (1.6657873020e-01 0.0000000000e+00)
    (1.6762359287e-01 0.0000000000e+00)
    (1.6865359887e-01 0.0000000000e+00)
    (1.6965539117e-01 0.0000000000e+00)
    (1.7065096866e-01 0.0000000000e+00)
    (1.7163702901e-01 7.9850452103e-24)
    (1.7264762429e-01 7.5899315250e-24)
    (1.7367878080e-01 7.1911511518e-24)
    (1.7473849913e-01 6.7899097470e-24)
    (1.7583432821e-01 6.3878492768e-24)
    (1.7697337833e-01 5.9869623330e-24)
    (1.7816233417e-01 5.5895721306e-24)
    (1.7940746844e-01 5.1980245953e-24)
    (1.8071465956e-01 4.8150191457e-24)
    (1.8208941158e-01 4.4433557002e-24)
    (1.8353687952e-01 4.0860643591e-24)
    (1.8506190021e-01 3.7465671512e-24)
    (1.8666902928e-01 3.4289836547e-24)
    (1.8836258474e-01 3.1386470339e-24)
    (1.9014669747e-01 2.8829233681e-24)
    (1.9202536831e-01 2.6724624643e-24)
    (1.9400253175e-01 2.5230534503e-24)
    (1.9608212573e-01 2.4583144275e-24)
    (1.9826816696e-01 2.5135118306e-24)
    (2.0056483136e-01 2.7408805678e-24)
    (2.0297653896e-01 3.2168947218e-24)
    (2.0550804255e-01 4.0520125763e-24)
    (2.0816451961e-01 5.4034798411e-24)
    (2.1095166654e-01 7.4918103675e-24)
    (2.1387579417e-01 1.0621554109e-23)
    (2.1694256551e-01 1.3650226334e-22)
    (2.2014788174e-01 3.2059719242e-22)
    (2.2353446165e-01 4.6356716503e-22)
    (2.2709477487e-01 6.8298174468e-22)
    (2.3084127841e-01 1.0139563054e-21)
    (2.3479833990e-01 1.5358246966e-21)
    (2.3896131204e-01 2.2780756066e-21)
    (2.4336011410e-01 3.3579724243e-21)
    (2.4801612280e-01 4.9092544991e-21)
    (2.5295360836e-01 7.1103591274e-21)
    (2.5819915170e-01 1.0237342508e-20)
    (2.6378576428e-01 1.4528464722e-20)
    (2.6974626976e-01 2.0409878723e-20)
    (2.7611829297e-01 2.8378278200e-20)
    (2.8294269841e-01 3.9050958638e-20)
    (2.9026321198e-01 5.3183312004e-20)
    (2.9812580887e-01 7.1685188444e-20)
    (3.0657783145e-01 9.5634584893e-20)
    (3.1566682518e-01 1.2628712462e-19)
    (3.2543909275e-01 1.6507952404e-19)
    (3.3590887576e-01 2.1346876993e-19)
    (3.4717223366e-01 2.7347820060e-19)
    (3.5923184525e-01 3.4689897711e-19)
    (3.7211014051e-01 4.3573387868e-19)
    (3.8581860584e-01 5.4203717805e-19)
    (4.0035610545e-01 6.6785763732e-19)
    (4.1570760906e-01 8.1517418811e-19)
    (4.3184344429e-01 9.8582754987e-19)
    (4.4871916534e-01 1.1814514426e-18)
    (4.6627608546e-01 1.4034081503e-18)
    (4.8444246122e-01 1.6527322435e-18)
    (5.0313526437e-01 1.9300861472e-18)
    (5.2226243543e-01 2.2357305308e-18)
    (5.4172546688e-01 2.5695109264e-18)
    (5.6142215538e-01 2.9308610908e-18)
    (5.8124935489e-01 3.3188222003e-18)
    (6.0110557847e-01 3.7320759296e-18)
    (6.2089332763e-01 4.1689889007e-18)
    (6.4052105642e-01 4.6276652037e-18)
    (6.5990472218e-01 5.1060039296e-18)
    (6.7896890624e-01 5.6017585918e-18)
    (6.9764751934e-01 6.1125957562e-18)
    (7.1588412933e-01 6.6361506753e-18)
    (7.3358637930e-01 7.1679851604e-18)
    (7.5079958278e-01 7.7093895857e-18)
    (7.6745534914e-01 8.2565054069e-18)
    (7.8353257443e-01 8.8072242804e-18)
    (7.9901752925e-01 9.3595821448e-18)
    (8.1390306874e-01 9.9117759776e-18)
    (8.2818782881e-01 1.0462174900e-17)
    (8.4187543928e-01 1.1009326464e-17)
    (8.5497377065e-01 1.1551958590e-17)
    (8.6749423532e-01 1.2088978236e-17)
    (8.7945114959e-01 1.2619467409e-17)
    (8.9086116369e-01 1.3142677319e-17)
    (9.0174276209e-01 1.3658021293e-17)
    (9.1211583392e-01 1.4165067050e-17)
    (9.2200131124e-01 1.4663528798e-17)
    (9.3142087166e-01 1.5153259558e-17)
    (9.4039670018e-01 1.5634243980e-17)
    (9.4895130466e-01 1.6106591862e-17)
    (9.5710737851e-01 1.6570532436e-17)
    (9.6488770504e-01 1.7026409525e-17)
    (9.7229590480e-01 1.7473355204e-17)
    (9.7938516806e-01 1.7914183238e-17)
    (9.8616493157e-01 1.8348521723e-17)
    (9.9265725541e-01 1.8777106679e-17)
    (9.9888405066e-01 1.9200768846e-17)
    (1.0048670871e+00 1.9620432099e-17)
    (1.0106280072e+00 2.0037112334e-17)
    (1.0161883436e+00 2.0451916797e-17)
    (1.0215695406e+00 2.0866043856e-17)
    (1.0267929771e+00 2.1280783265e-17)
    (1.0318799906e+00 2.1697516783e-17)
    (1.0368231653e+00 2.2116114696e-17)
    (1.0417033545e+00 2.2541739908e-17)
    (1.0465120906e+00 2.2974292028e-17)
    (1.0510868807e+00 2.3409175496e-17)
    (1.0558591909e+00 2.3870517421e-17)
    (1.0606532018e+00 2.4350968686e-17)
    (1.0655074201e+00 2.4856522955e-17)
    (1.0704684874e+00 2.5395160733e-17)
    (1.0751997678e+00 2.5940034919e-17)
    (1.0804337622e+00 2.6559513683e-17)
    (1.0860944541e+00 2.7264486034e-17)
    (1.0921800386e+00 2.8063549257e-17)
    (1.0986620881e+00 2.8987396108e-17)
    (1.1060807530e+00 3.0074502256e-17)
    (1.1144567565e+00 3.1368532757e-17)
    (1.1240549778e+00 3.2926424344e-17)
    (1.1350476813e+00 3.4818546815e-17)
    (1.1481500998e+00 3.7132348208e-17)
    (1.1636258816e+00 3.9958208426e-17)
    (1.1819885903e+00 4.3406162910e-17)
    (1.2038177970e+00 4.7599560780e-17)
    (1.2301634392e+00 5.2803082402e-17)
    (1.2609969547e+00 5.8922620610e-17)
    (1.2973623011e+00 6.6217071150e-17)
    (1.3400043219e+00 7.4836029016e-17)
    (1.3902463434e+00 8.5075915156e-17)
    (1.4476740790e+00 9.6774762165e-17)
    (1.5134371389e+00 1.1018243680e-16)
    (1.5880617832e+00 1.2538213838e-16)
    (1.6719409936e+00 1.4242279201e-16)
    (1.7660607111e+00 1.6154201207e-16)
    (1.8689224012e+00 1.8223403938e-16)
    (1.9811674971e+00 2.0465762843e-16)
    (2.1024762205e+00 2.2869056920e-16)
    (2.2323544682e+00 2.5417100058e-16)
    (2.3723894733e+00 2.8141538726e-16)
    (2.5173051548e+00 3.0916395040e-16)
    (2.6685098830e+00 3.3770153963e-16)
    (2.8251127850e+00 3.6678340785e-16)
    (2.9864403851e+00 3.9626192164e-16)
    (3.1511716909e+00 4.2570612183e-16)
    (3.3187345269e+00 4.5499973960e-16)
    (3.4884072290e+00 4.8394554323e-16)
    (3.6595680233e+00 5.1237023708e-16)
    (3.8329812664e+00 5.4039729389e-16)
    (4.0054036496e+00 5.6730356168e-16)
    (4.1781426577e+00 5.9332863689e-16)
    (4.3510158693e+00 6.1839872989e-16)
    (4.5239369987e+00 6.4246085932e-16)
    (4.6971621124e+00 6.6555375735e-16)
    (4.8701409956e+00 6.8748843950e-16)
    (5.0433978981e+00 7.0835891418e-16)
    (5.2171246269e+00 7.2816960124e-16)
    (5.3915564385e+00 7.4693336834e-16)
    (5.5669629672e+00 7.6466957502e-16)
    (5.7436400437e+00 7.8140238268e-16)
    (5.9219025873e+00 7.9715932093e-16)
    (6.1010979378e+00 8.1183529701e-16)
    (6.2835570480e+00 8.2573299827e-16)
    (6.4679920424e+00 8.3866080530e-16)
    (6.6560078498e+00 8.5082356285e-16)
    (6.8473428105e+00 8.6216394096e-16)
    (7.0423340173e+00 8.7271152158e-16)
    (7.2409465160e+00 8.8246460489e-16)
    (7.4442081971e+00 8.9150388293e-16)
    (7.6521663603e+00 8.9983161944e-16)
    (7.8676105911e+00 9.0773356739e-16)
    (8.0858487204e+00 9.1467750456e-16)
    (8.3098278045e+00 9.2098025038e-16)
    (8.5398932951e+00 9.2666106305e-16)
    (8.7763949131e+00 9.3173797564e-16)
    (9.0196879697e+00 9.3622788865e-16)
    (9.2670974767e+00 9.3986949054e-16)
    (9.5251096886e+00 9.4324893957e-16)
    (9.7910839770e+00 9.4608492604e-16)
    (1.0065371630e+01 9.4839170470e-16)
    (1.0346344593e+01 9.4999552128e-16)
    (1.0638438926e+01 9.5129369722e-16)
    (1.0940187398e+01 9.5209938191e-16)
    (1.1925355136e+01 9.5562953986e-16)
    (1.2308824412e+01 9.5439083838e-16)
    (1.2709276652e+01 9.5275354963e-16)
    (1.3126439691e+01 9.5057662767e-16)
    (1.3561263285e+01 9.4787540228e-16)
    (1.4012493747e+01 9.4456658006e-16)
    (1.4484291915e+01 9.4087669176e-16)
    (1.4973992379e+01 9.3646897712e-16)
    (1.5487666223e+01 9.3188701437e-16)
    (1.6023909695e+01 9.2688081974e-16)
    (1.6583468512e+01 9.2134700748e-16)
    (1.7168941463e+01 9.1556953195e-16)
    (1.7781023452e+01 9.0944561913e-16)
    (1.8422151615e+01 9.0287749346e-16)
    (1.9092649339e+01 8.9614829943e-16)
    (1.9794733945e+01 8.8916372298e-16)
    (2.0530664058e+01 8.8195544694e-16)
    (2.1299508263e+01 8.7431363850e-16)
    (2.2109288431e+01 8.6678208899e-16)
    (2.2959485968e+01 8.5913025761e-16)
    (2.3850104879e+01 8.5117335149e-16)
    (2.4788921536e+01 8.4341146967e-16)
    (2.5776295005e+01 8.3564229434e-16)
    (2.6817698048e+01 8.2790425078e-16)
    (2.7909067436e+01 8.2008147950e-16)
    (2.9061538888e+01 8.1253900870e-16)
    (3.0279874265e+01 8.0514996739e-16)
    (3.1556757395e+01 7.9783536596e-16)
    (3.2908931845e+01 7.9087608744e-16)
    (3.4342348823e+01 7.8419526373e-16)
    (3.5842127009e+01 7.7761653980e-16)
    (3.7437719791e+01 7.7161427065e-16)
    (3.9117090489e+01 7.6576045940e-16)
    (4.0644106575e+01 7.5849747759e-16)
    (4.2796040127e+01 7.5590676881e-16)
    (4.4789131155e+01 7.5147046958e-16)
    (4.6589221150e+01 7.4549791438e-16)
    (4.9179324484e+01 7.4478560414e-16)
    (5.1201199815e+01 7.4013318996e-16)
    (5.4099126670e+01 7.4031354730e-16)
    (5.6778858337e+01 7.3900158150e-16)
    (5.9117854096e+01 7.3556786937e-16)
    (6.2718461942e+01 7.3860566319e-16)
    (6.5410085846e+01 7.3718739574e-16)
    (6.9496742822e+01 7.4166789327e-16)
    (7.3180976752e+01 7.4414154344e-16)
    (7.7182577491e+01 7.4779278694e-16)
    (8.1420085225e+01 7.5197863099e-16)
    (8.6011788405e+01 7.5747931654e-16)
    (9.0867763137e+01 7.6356030990e-16)
    (9.6165388139e+01 7.7104478311e-16)
    (1.0177823578e+02 7.7911111894e-16)
    (1.0792309375e+02 7.8872674337e-16)
    (1.1458604701e+02 7.9949319670e-16)
    (1.2160542734e+02 8.1081705682e-16)
    (1.2939531717e+02 8.2395083514e-16)
    (1.3542361118e+02 8.3241917002e-16)
    (1.4388362195e+02 8.4650024624e-16)
    (1.5371740495e+02 8.6369347185e-16)
    (1.6736124994e+02 8.8812200037e-16)
    (1.7556818514e+02 9.0066328465e-16)
    (1.9180551086e+02 9.2859509699e-16)
    (2.0148427830e+02 9.4345842393e-16)
);
