// k[EI_N2_EXC_N2_A_PP1] [m^3/s] vs mean energy [eV]; air_plasma [94c490be646f8872], T_gas = 300.000000 K
(
    (0 0.0000000000e+00)
    (1.3716749438e-01 0.0000000000e+00)
    (1.4076979314e-01 0.0000000000e+00)
    (1.4397604008e-01 0.0000000000e+00)
    (1.4684113805e-01 0.0000000000e+00)
    (1.4941204783e-01 0.0000000000e+00)
    (1.5172864004e-01 0.0000000000e+00)
    (1.5382482203e-01 0.0000000000e+00)
    (1.5572964088e-01 0.0000000000e+00)
    (1.5746824649e-01 0.0000000000e+00)
    (1.5906268561e-01 0.0000000000e+00)
    (1.6040186980e-01 0.0000000000e+00)
    (1.6189539494e-01 0.0000000000e+00)
    (1.6316727128e-01 0.0000000000e+00)
    (1.6436286366e-01 0.0000000000e+00)
    (1.6549578572e-01 0.0000000000e+00)
    (1.6657873020e-01 0.0000000000e+00)
    (1.6762359287e-01 0.0000000000e+00)
    (1.6865359887e-01 0.0000000000e+00)
    (1.6965539117e-01 0.0000000000e+00)
    (1.7065096866e-01 0.0000000000e+00)
    (1.7163702901e-01 0.0000000000e+00)
    (1.7264762429e-01 0.0000000000e+00)
    (1.7367878080e-01 0.0000000000e+00)
    (1.7473849913e-01 0.0000000000e+00)
    (1.7583432821e-01 0.0000000000e+00)
    (1.7697337833e-01 0.0000000000e+00)
    (1.7816233417e-01 0.0000000000e+00)
    (1.7940746844e-01 0.0000000000e+00)
    (1.8071465956e-01 0.0000000000e+00)
    (1.8208941158e-01 0.0000000000e+00)
    (1.8353687952e-01 0.0000000000e+00)
    (1.8506190021e-01 0.0000000000e+00)
    (1.8666902928e-01 0.0000000000e+00)
    (1.8836258474e-01 0.0000000000e+00)
    (1.9014669747e-01 0.0000000000e+00)
    (1.9202536831e-01 0.0000000000e+00)
    (1.9400253175e-01 0.0000000000e+00)
    (1.9608212573e-01 0.0000000000e+00)
    (1.9826816696e-01 0.0000000000e+00)
    (2.0056483136e-01 0.0000000000e+00)
    (2.0297653896e-01 0.0000000000e+00)
    (2.0550804255e-01 0.0000000000e+00)
    (2.0816451961e-01 0.0000000000e+00)
    (2.1095166654e-01 0.0000000000e+00)
    (2.1387579417e-01 0.0000000000e+00)
    (2.1694256551e-01 0.0000000000e+00)
    (2.2014788174e-01 0.0000000000e+00)
    (2.2353446165e-01 0.0000000000e+00)
    (2.2709477487e-01 0.0000000000e+00)
    (2.3084127841e-01 0.0000000000e+00)
    (2.3479833990e-01 0.0000000000e+00)
    (2.3896131204e-01 0.0000000000e+00)
    (2.4336011410e-01 0.0000000000e+00)
    (2.4801612280e-01 0.0000000000e+00)
    (2.5295360836e-01 0.0000000000e+00)
    (2.5819915170e-01 0.0000000000e+00)
    (2.6378576428e-01 0.0000000000e+00)
    (2.6974626976e-01 0.0000000000e+00)
    (2.7611829297e-01 0.0000000000e+00)
    (2.8294269841e-01 0.0000000000e+00)
    (2.9026321198e-01 0.0000000000e+00)
    (2.9812580887e-01 0.0000000000e+00)
    (3.0657783145e-01 0.0000000000e+00)
    (3.1566682518e-01 0.0000000000e+00)
    (3.2543909275e-01 0.0000000000e+00)
    (3.3590887576e-01 0.0000000000e+00)
    (3.4717223366e-01 0.0000000000e+00)
    (3.5923184525e-01 0.0000000000e+00)
    (3.7211014051e-01 0.0000000000e+00)
    (3.8581860584e-01 0.0000000000e+00)
    (4.0035610545e-01 0.0000000000e+00)
    (4.1570760906e-01 0.0000000000e+00)
    (4.3184344429e-01 0.0000000000e+00)
    (4.4871916534e-01 0.0000000000e+00)
    (4.6627608546e-01 0.0000000000e+00)
    (4.8444246122e-01 0.0000000000e+00)
    (5.0313526437e-01 0.0000000000e+00)
    (5.2226243543e-01 0.0000000000e+00)
    (5.4172546688e-01 0.0000000000e+00)
    (5.6142215538e-01 0.0000000000e+00)
    (5.8124935489e-01 0.0000000000e+00)
    (6.0110557847e-01 0.0000000000e+00)
    (6.2089332763e-01 0.0000000000e+00)
    (6.4052105642e-01 0.0000000000e+00)
    (6.5990472218e-01 0.0000000000e+00)
    (6.7896890624e-01 0.0000000000e+00)
    (6.9764751934e-01 0.0000000000e+00)
    (7.1588412933e-01 0.0000000000e+00)
    (7.3358637930e-01 0.0000000000e+00)
    (7.5079958278e-01 0.0000000000e+00)
    (7.6745534914e-01 0.0000000000e+00)
    (7.8353257443e-01 0.0000000000e+00)
    (7.9901752925e-01 0.0000000000e+00)
    (8.1390306874e-01 0.0000000000e+00)
    (8.2818782881e-01 0.0000000000e+00)
    (8.4187543928e-01 0.0000000000e+00)
    (8.5497377065e-01 0.0000000000e+00)
    (8.6749423532e-01 0.0000000000e+00)
    (8.7945114959e-01 0.0000000000e+00)
    (8.9086116369e-01 0.0000000000e+00)
    (9.0174276209e-01 0.0000000000e+00)
    (9.1211583392e-01 0.0000000000e+00)
    (9.2200131124e-01 0.0000000000e+00)
    (9.3142087166e-01 0.0000000000e+00)
    (9.4039670018e-01 0.0000000000e+00)
    (9.4895130466e-01 0.0000000000e+00)
    (9.5710737851e-01 0.0000000000e+00)
    (9.6488770504e-01 0.0000000000e+00)
    (9.7229590480e-01 0.0000000000e+00)
    (9.7938516806e-01 0.0000000000e+00)
    (9.8616493157e-01 0.0000000000e+00)
    (9.9265725541e-01 0.0000000000e+00)
    (9.9888405066e-01 0.0000000000e+00)
    (1.0048670871e+00 0.0000000000e+00)
    (1.0106280072e+00 0.0000000000e+00)
    (1.0161883436e+00 0.0000000000e+00)
    (1.0215695406e+00 0.0000000000e+00)
    (1.0267929771e+00 0.0000000000e+00)
    (1.0318799906e+00 0.0000000000e+00)
    (1.0368231653e+00 0.0000000000e+00)
    (1.0417033545e+00 0.0000000000e+00)
    (1.0465120906e+00 0.0000000000e+00)
    (1.0510868807e+00 0.0000000000e+00)
    (1.0558591909e+00 0.0000000000e+00)
    (1.0606532018e+00 0.0000000000e+00)
    (1.0655074201e+00 0.0000000000e+00)
    (1.0704684874e+00 0.0000000000e+00)
    (1.0751997678e+00 0.0000000000e+00)
    (1.0804337622e+00 0.0000000000e+00)
    (1.0860944541e+00 0.0000000000e+00)
    (1.0921800386e+00 0.0000000000e+00)
    (1.0986620881e+00 6.7472098321e-25)
    (1.1060807530e+00 1.3458664044e-24)
    (1.1144567565e+00 2.6009020857e-24)
    (1.1240549778e+00 4.8827156150e-24)
    (1.1350476813e+00 1.0169929629e-22)
    (1.1481500998e+00 1.9330945098e-22)
    (1.1636258816e+00 3.5711239477e-22)
    (1.1819885903e+00 6.4254713661e-22)
    (1.2038177970e+00 1.1276109142e-21)
    (1.2301634392e+00 2.0829990569e-21)
    (1.2609969547e+00 3.5286631940e-21)
    (1.2973623011e+00 5.8518222980e-21)
    (1.3400043219e+00 9.5076783200e-21)
    (1.3902463434e+00 1.5231400048e-20)
    (1.4476740790e+00 2.3837775527e-20)
    (1.5134371389e+00 3.6629174636e-20)
    (1.5880617832e+00 5.5296159676e-20)
    (1.6719409936e+00 8.2057701031e-20)
    (1.7660607111e+00 1.2001666424e-19)
    (1.8689224012e+00 1.7224596208e-19)
    (1.9811674971e+00 2.4343054903e-19)
    (2.1024762205e+00 3.3895806066e-19)
    (2.2323544682e+00 4.6525678370e-19)
    (2.3723894733e+00 6.3082527815e-19)
    (2.5173051548e+00 8.4232189234e-19)
    (2.6685098830e+00 1.1105402774e-18)
    (2.8251127850e+00 1.4464988269e-18)
    (2.9864403851e+00 1.8628779188e-18)
    (3.1511716909e+00 2.3718667448e-18)
    (3.3187345269e+00 2.9883511066e-18)
    (3.4884072290e+00 3.7276439645e-18)
    (3.6595680233e+00 4.6059276260e-18)
    (3.8329812664e+00 5.6433137808e-18)
    (4.0054036496e+00 6.8504431977e-18)
    (4.1781426577e+00 8.2487854986e-18)
    (4.3510158693e+00 9.8565072596e-18)
    (4.5239369987e+00 1.1691802653e-17)
    (4.6971621124e+00 1.3774740704e-17)
    (4.8701409956e+00 1.6118032872e-17)
    (5.0433978981e+00 1.8741068746e-17)
    (5.2171246269e+00 2.1659648414e-17)
    (5.3915564385e+00 2.4888303974e-17)
    (5.5669629672e+00 2.8440027493e-17)
    (5.7436400437e+00 3.2326007165e-17)
    (5.9219025873e+00 3.6555383365e-17)
    (6.1010979378e+00 4.1129260013e-17)
    (6.2835570480e+00 4.6063023370e-17)
    (6.4679920424e+00 5.1350429802e-17)
    (6.6560078498e+00 5.6996627743e-17)
    (6.8473428105e+00 6.2995498224e-17)
    (7.0423340173e+00 6.9340672218e-17)
    (7.2409465160e+00 7.6019411300e-17)
    (7.4442081971e+00 8.3027255075e-17)
    (7.6521663603e+00 9.0347700929e-17)
    (7.8676105911e+00 9.8003658115e-17)
    (8.0858487204e+00 1.0589791417e-16)
    (8.3098278045e+00 1.1405115045e-16)
    (8.5398932951e+00 1.2244222201e-16)
    (8.7763949131e+00 1.3104874232e-16)
    (9.0196879697e+00 1.3984733398e-16)
    (9.2670974767e+00 1.4876576183e-16)
    (9.5251096886e+00 1.5787526943e-16)
    (9.7910839770e+00 1.6710313999e-16)
    (1.0065371630e+01 1.7642409850e-16)
    (1.0346344593e+01 1.8577833707e-16)
    (1.0638438926e+01 1.9520953606e-16)
    (1.0940187398e+01 2.0465880759e-16)
    (1.1925355136e+01 2.3386018701e-16)
    (1.2308824412e+01 2.4431153626e-16)
    (1.2709276652e+01 2.5468941711e-16)
    (1.3126439691e+01 2.6493308744e-16)
    (1.3561263285e+01 2.7501033816e-16)
    (1.4012493747e+01 2.8485146494e-16)
    (1.4484291915e+01 2.9449888832e-16)
    (1.4973992379e+01 3.0381265544e-16)
    (1.5487666223e+01 3.1292405925e-16)
    (1.6023909695e+01 3.2172674538e-16)
    (1.6583468512e+01 3.3015187993e-16)
    (1.7168941463e+01 3.3826957375e-16)
    (1.7781023452e+01 3.4601428656e-16)
    (1.8422151615e+01 3.5333354285e-16)
    (1.9092649339e+01 3.6028007989e-16)
    (1.9794733945e+01 3.6680756495e-16)
    (2.0530664058e+01 3.7290482076e-16)
    (2.1299508263e+01 3.7845794510e-16)
    (2.2109288431e+01 3.8367455045e-16)
    (2.2959485968e+01 3.8843887507e-16)
    (2.3850104879e+01 3.9264289626e-16)
    (2.4788921536e+01 3.9650110678e-16)
    (2.5776295005e+01 3.9990281523e-16)
    (2.6817698048e+01 4.0284874994e-16)
    (2.7909067436e+01 4.0526820594e-16)
    (2.9061538888e+01 4.0732391584e-16)
    (3.0279874265e+01 4.0893912803e-16)
    (3.1556757395e+01 4.1006123347e-16)
    (3.2908931845e+01 4.1083071792e-16)
    (3.4342348823e+01 4.1118626793e-16)
    (3.5842127009e+01 4.1105997994e-16)
    (3.7437719791e+01 4.1064221513e-16)
    (3.9117090489e+01 4.0973036744e-16)
    (4.0644106575e+01 4.0776121382e-16)
    (4.2796040127e+01 4.0711137800e-16)
    (4.4789131155e+01 4.0518853271e-16)
    (4.6589221150e+01 4.0227629182e-16)
    (4.9179324484e+01 4.0065812502e-16)
    (5.1201199815e+01 3.9730921612e-16)
    (5.4099126670e+01 3.9492417084e-16)
    (5.6778858337e+01 3.9160412781e-16)
    (5.9117854096e+01 3.8733960362e-16)
    (6.2718461942e+01 3.8442834864e-16)
    (6.5410085846e+01 3.8000488237e-16)
    (6.9496742822e+01 3.7654983225e-16)
    (7.3180976752e+01 3.7223585253e-16)
    (7.7182577491e+01 3.6787948866e-16)
    (8.1420085225e+01 3.6325596710e-16)
    (8.6011788405e+01 3.5863138937e-16)
    (9.0867763137e+01 3.5377499239e-16)
    (9.6165388139e+01 3.4893222890e-16)
    (1.0177823578e+02 3.4387539152e-16)
    (1.0792309375e+02 3.3885862203e-16)
    (1.1458604701e+02 3.3375906621e-16)
    (1.2160542734e+02 3.2849869626e-16)
    (1.2939531717e+02 3.2328790923e-16)
    (1.3542361118e+02 3.1719712234e-16)
    (1.4388362195e+02 3.1163782646e-16)
    (1.5371740495e+02 3.0643875023e-16)
    (1.6736124994e+02 3.0186419936e-16)
    (1.7556818514e+02 2.9548578972e-16)
    (1.9180551086e+02 2.9108635457e-16)
    (2.0148427830e+02 2.8468753560e-16)
);
