// k[EI_N2_EXC_N2_ROT] [m^3/s] vs mean energy [eV]; air_plasma [94c490be646f8872], T_gas = 300.000000 K
(
    (0 5.1211414473e-17)
    (1.3716736877e-01 5.1211414473e-17)
    (1.4076967004e-01 5.2099389191e-17)
    (1.4397591983e-01 5.2877082111e-17)
    (1.4684102077e-01 5.3560870853e-17)
    (1.4941193350e-01 5.4164516841e-17)
    (1.5172852860e-01 5.4699513092e-17)
    (1.5382471337e-01 5.5175471768e-17)
    (1.5572953486e-01 5.5600481695e-17)
    (1.5746814299e-01 5.5981412351e-17)
    (1.5906258451e-01 5.6324161693e-17)
    (1.6040177321e-01 5.6483648259e-17)
    (1.6189529828e-01 5.6914991725e-17)
    (1.6316717670e-01 5.7171581765e-17)
    (1.6436277106e-01 5.7407222659e-17)
    (1.6549569504e-01 5.7625179247e-17)
    (1.6657864137e-01 5.7828437149e-17)
    (1.6762350584e-01 5.8019744950e-17)
    (1.6865351356e-01 5.8201831200e-17)
    (1.6965530759e-01 5.8376728034e-17)
    (1.7065088677e-01 5.8546796937e-17)
    (1.7163694874e-01 5.8704945142e-17)
    (1.7264754568e-01 5.8871477118e-17)
    (1.7367870384e-01 5.9038929470e-17)
    (1.7473842382e-01 5.9208970276e-17)
    (1.7583425455e-01 5.9383148916e-17)
    (1.7697330632e-01 5.9562899475e-17)
    (1.7816226381e-01 5.9749543668e-17)
    (1.7940739973e-01 5.9944293557e-17)
    (1.8071459251e-01 6.0148254729e-17)
    (1.8208934620e-01 6.0362429766e-17)
    (1.8353681581e-01 6.0587722619e-17)
    (1.8506183817e-01 6.0824943924e-17)
    (1.8666896889e-01 6.1074817448e-17)
    (1.8836252602e-01 6.1337987737e-17)
    (1.9014664040e-01 6.1615029006e-17)
    (1.9202531289e-01 6.1906455270e-17)
    (1.9400247796e-01 6.2212731643e-17)
    (1.9608207355e-01 6.2534286736e-17)
    (1.9826811637e-01 6.2871526050e-17)
    (2.0056478234e-01 6.3224846259e-17)
    (2.0297649148e-01 6.3594650296e-17)
    (2.0550799658e-01 6.3981363164e-17)
    (2.0816447512e-01 6.4385448395e-17)
    (2.1095162348e-01 6.4807425119e-17)
    (2.1387575250e-01 6.5247885652e-17)
    (2.1694252519e-01 6.5705591210e-17)
    (2.2014784268e-01 6.6181450368e-17)
    (2.2353442384e-01 6.6683726000e-17)
    (2.2709473824e-01 6.7208912527e-17)
    (2.3084124291e-01 6.7758710286e-17)
    (2.3479830546e-01 6.8333625223e-17)
    (2.3896127860e-01 6.8939450312e-17)
    (2.4336008158e-01 6.9577741258e-17)
    (2.4801609114e-01 7.0252291805e-17)
    (2.5295357748e-01 7.0967678724e-17)
    (2.5819912151e-01 7.1725610687e-17)
    (2.6378573470e-01 7.2540526119e-17)
    (2.6974624072e-01 7.3416109564e-17)
    (2.7611826438e-01 7.4361416631e-17)
    (2.8294267020e-01 7.5386922301e-17)
    (2.9026318406e-01 7.6504599507e-17)
    (2.9812578117e-01 7.7727956737e-17)
    (3.0657780390e-01 7.9072019219e-17)
    (3.1566679772e-01 8.0553242335e-17)
    (3.2543906532e-01 8.2189345707e-17)
    (3.3590884834e-01 8.3991254654e-17)
    (3.4717220621e-01 8.5994198397e-17)
    (3.5923181777e-01 8.8210003016e-17)
    (3.7211011301e-01 9.0658262010e-17)
    (3.8581857835e-01 9.3357899365e-17)
    (4.0035607801e-01 9.6326663903e-17)
    (4.1570758173e-01 9.9580645281e-17)
    (4.3184341715e-01 1.0313386907e-16)
    (4.4871913847e-01 1.0699795956e-16)
    (4.6627605897e-01 1.1118196604e-16)
    (4.8444243519e-01 1.1569232212e-16)
    (5.0313523891e-01 1.2053295228e-16)
    (5.2226241062e-01 1.2570552690e-16)
    (5.4172544282e-01 1.3120983997e-16)
    (5.6142213216e-01 1.3704428338e-16)
    (5.8124933256e-01 1.4320638206e-16)
    (6.0110555710e-01 1.4969335280e-16)
    (6.2089330726e-01 1.5650265566e-16)
    (6.4052103707e-01 1.6363250564e-16)
    (6.5990470387e-01 1.7108232663e-16)
    (6.7896888897e-01 1.7885313394e-16)
    (6.9764750311e-01 1.8694784104e-16)
    (7.1588411412e-01 1.9537149294e-16)
    (7.3358636508e-01 2.0404276238e-16)
    (7.5079956951e-01 2.1311508940e-16)
    (7.6745533679e-01 2.2253380401e-16)
    (7.8353256295e-01 2.3231018848e-16)
    (7.9901751861e-01 2.4245734594e-16)
    (8.1390305888e-01 2.5299013597e-16)
    (8.2818781969e-01 2.6392512375e-16)
    (8.4187543085e-01 2.7528055877e-16)
    (8.5497376287e-01 2.8707636811e-16)
    (8.6749422815e-01 2.9933418542e-16)
    (8.7945114297e-01 3.1207741535e-16)
    (8.9086115759e-01 3.2533133580e-16)
    (9.0174275648e-01 3.3912323919e-16)
    (9.1211582875e-01 3.5348261263e-16)
    (9.2200130648e-01 3.6844135614e-16)
    (9.3142086729e-01 3.8403403695e-16)
    (9.4039669615e-01 4.0029817708e-16)
    (9.4895130096e-01 4.1727457014e-16)
    (9.5710737510e-01 4.3500762218e-16)
    (9.6488770191e-01 4.5354571101e-16)
    (9.7229590192e-01 4.7287977646e-16)
    (9.7938516542e-01 4.9316354164e-16)
    (9.8616492913e-01 5.1441502952e-16)
    (9.9265725317e-01 5.3669912440e-16)
    (9.9888404860e-01 5.6008582823e-16)
    (1.0048670852e+00 5.8465050626e-16)
    (1.0106280054e+00 6.1047411084e-16)
    (1.0161883420e+00 6.3764338212e-16)
    (1.0215695391e+00 6.6625102513e-16)
    (1.0267929757e+00 6.9639586462e-16)
    (1.0318799893e+00 7.2818297542e-16)
    (1.0368231641e+00 7.6156970086e-16)
    (1.0417033534e+00 7.9697343973e-16)
    (1.0465120896e+00 8.3437075181e-16)
    (1.0510868798e+00 8.7309351830e-16)
    (1.0558591901e+00 9.1489091398e-16)
    (1.0606532011e+00 9.5909600841e-16)
    (1.0655074194e+00 1.0058590823e-15)
    (1.0704684867e+00 1.0553363967e-15)
    (1.0751997672e+00 1.1059963772e-15)
    (1.0804337616e+00 1.1607320863e-15)
    (1.0860944535e+00 1.2193744665e-15)
    (1.0921800381e+00 1.2813919461e-15)
    (1.0986620877e+00 1.3460139358e-15)
    (1.1060807526e+00 1.4152750713e-15)
    (1.1144567561e+00 1.4883557571e-15)
    (1.1240549775e+00 1.5653635032e-15)
    (1.1350476809e+00 1.6434771838e-15)
    (1.1481500995e+00 1.7285869956e-15)
    (1.1636258812e+00 1.8176779814e-15)
    (1.1819885899e+00 1.9106319336e-15)
    (1.2038177966e+00 2.0072366807e-15)
    (1.2301634388e+00 2.1069008912e-15)
    (1.2609969543e+00 2.2096978352e-15)
    (1.2973623006e+00 2.3147896037e-15)
    (1.3400043215e+00 2.4214513405e-15)
    (1.3902463429e+00 2.5276351915e-15)
    (1.4476740785e+00 2.6347905121e-15)
    (1.5134371384e+00 2.7405190570e-15)
    (1.5880617826e+00 2.8436097695e-15)
    (1.6719409929e+00 2.9427958301e-15)
    (1.7660607105e+00 3.0316265456e-15)
    (1.8689224005e+00 3.1193408944e-15)
    (1.9811674964e+00 3.1994926309e-15)
    (2.1024762198e+00 3.2710549487e-15)
    (2.2323544675e+00 3.3331730388e-15)
    (2.3723894726e+00 3.3834783978e-15)
    (2.5173051541e+00 3.4250263733e-15)
    (2.6685098823e+00 3.4558510948e-15)
    (2.8251127843e+00 3.4759763443e-15)
    (2.9864403845e+00 3.4823190373e-15)
    (3.1511716903e+00 3.4822858285e-15)
    (3.3187345263e+00 3.4727106282e-15)
    (3.4884072284e+00 3.4542648025e-15)
    (3.6595680228e+00 3.4276994759e-15)
    (3.8329812660e+00 3.3931152851e-15)
    (4.0054036492e+00 3.3527846238e-15)
    (4.1781426573e+00 3.3067667510e-15)
    (4.3510158689e+00 3.2558406919e-15)
    (4.5239369983e+00 3.2007454997e-15)
    (4.6971621121e+00 3.1408660372e-15)
    (4.8701409953e+00 3.0795931763e-15)
    (5.0433978978e+00 3.0160295181e-15)
    (5.2171246267e+00 2.9506888166e-15)
    (5.3915564382e+00 2.8840263768e-15)
    (5.5669629670e+00 2.8164419120e-15)
    (5.7436400435e+00 2.7482833612e-15)
    (5.9219025871e+00 2.6798512648e-15)
    (6.1010979376e+00 2.6103650720e-15)
    (6.2835570479e+00 2.5422455464e-15)
    (6.4679920423e+00 2.4742969834e-15)
    (6.6560078497e+00 2.4071067664e-15)
    (6.8473428104e+00 2.3405774509e-15)
    (7.0423340172e+00 2.2748208541e-15)
    (7.2409465159e+00 2.2093126442e-15)
    (7.4442081970e+00 2.1454531101e-15)
    (7.6521663603e+00 2.0825861479e-15)
    (7.8676105910e+00 2.0180972060e-15)
    (8.0858487204e+00 1.9575167849e-15)
    (8.3098278044e+00 1.8980519488e-15)
    (8.5398932950e+00 1.8397292011e-15)
    (8.7763949131e+00 1.7825689076e-15)
    (9.0196879697e+00 1.7265861700e-15)
    (9.2670974766e+00 1.6724864675e-15)
    (9.5251096885e+00 1.6188552874e-15)
    (9.7910839770e+00 1.5664210259e-15)
    (1.0065371630e+01 1.5151835451e-15)
    (1.0346344593e+01 1.4650829719e-15)
    (1.0638438926e+01 1.4162193646e-15)
    (1.0940187398e+01 1.3685409913e-15)
    (1.1925355136e+01 1.2081340263e-15)
    (1.2308824412e+01 1.1586853218e-15)
    (1.2709276652e+01 1.1116243256e-15)
    (1.3126439691e+01 1.0659196781e-15)
    (1.3561263285e+01 1.0215647258e-15)
    (1.4012493747e+01 9.7950092576e-16)
    (1.4484291915e+01 9.3775082955e-16)
    (1.4973992379e+01 8.9630452177e-16)
    (1.5487666223e+01 8.5732414413e-16)
    (1.6023909695e+01 8.1963113384e-16)
    (1.6583468512e+01 7.8334535390e-16)
    (1.7168941463e+01 7.4813764260e-16)
    (1.7781023451e+01 7.1416292770e-16)
    (1.8422151615e+01 6.8135184957e-16)
    (1.9092649339e+01 6.4976508317e-16)
    (1.9794733945e+01 6.1933737172e-16)
    (2.0530664058e+01 5.9003903265e-16)
    (2.1299508263e+01 5.6105197544e-16)
    (2.2109288431e+01 5.3403786267e-16)
    (2.2959485968e+01 5.0806269663e-16)
    (2.3850104879e+01 4.8363671459e-16)
    (2.4788921536e+01 4.5958764298e-16)
    (2.5776295005e+01 4.3650916437e-16)
    (2.6817698048e+01 4.1436223635e-16)
    (2.7909067436e+01 3.9333945348e-16)
    (2.9061538888e+01 3.7297302143e-16)
    (3.0279874265e+01 3.5346106449e-16)
    (3.1556757395e+01 3.3421778923e-16)
    (3.2908931845e+01 3.1645695915e-16)
    (3.4342348823e+01 2.9945778206e-16)
    (3.5842127009e+01 2.8300201693e-16)
    (3.7437719791e+01 2.6753132659e-16)
    (3.9117090489e+01 2.5295370417e-16)
    (4.0644106575e+01 2.3828071220e-16)
    (4.2796040127e+01 2.2535172087e-16)
    (4.4789131155e+01 2.1265172765e-16)
    (4.6589221150e+01 1.9977804059e-16)
    (4.9179324484e+01 1.8871119706e-16)
    (5.1201199815e+01 1.7723268611e-16)
    (5.4099126670e+01 1.6696634978e-16)
    (5.6778858337e+01 1.5691141390e-16)
    (5.9117854096e+01 1.4736098648e-16)
    (6.2718461942e+01 1.3819449179e-16)
    (6.5410085846e+01 1.2985402542e-16)
    (6.9496742822e+01 1.2155658806e-16)
    (7.3180976752e+01 1.1394284795e-16)
    (7.7182577491e+01 1.0666423550e-16)
    (8.1420085225e+01 9.9753947730e-17)
    (8.6011788405e+01 9.3236651858e-17)
    (9.0867763137e+01 8.7126867479e-17)
    (9.6165388139e+01 8.1294829399e-17)
    (1.0177823578e+02 7.5787471412e-17)
    (1.0792309375e+02 7.0587439499e-17)
    (1.1458604701e+02 6.5678466710e-17)
    (1.2160542734e+02 6.1087251080e-17)
    (1.2939531717e+02 5.6724268840e-17)
    (1.3542361118e+02 5.2750266166e-17)
    (1.4388362195e+02 4.8892086342e-17)
    (1.5371740495e+02 4.5259195389e-17)
    (1.6736124994e+02 4.1691796572e-17)
    (1.7556818514e+02 3.8434943808e-17)
    (1.9180551086e+02 3.5495917634e-17)
    (2.0148427830e+02 3.2532495249e-17)
);
