// k[EI_O2_ATT] [m^6/s] vs mean energy [eV]; air_plasma [94c490be646f8872], T_gas = 300.000000 K
(
    (0 3.0135732095e-42)
    (1.3716736877e-01 3.0135732095e-42)
    (1.4076967004e-01 2.9898100765e-42)
    (1.4397591983e-01 2.9680999304e-42)
    (1.4684102077e-01 2.9486787822e-42)
    (1.4941193350e-01 2.9316322360e-42)
    (1.5172852860e-01 2.9169492105e-42)
    (1.5382471337e-01 2.9045552225e-42)
    (1.5572953486e-01 2.8943331355e-42)
    (1.5746814299e-01 2.8861363247e-42)
    (1.5906258451e-01 2.8797972880e-42)
    (1.6040177321e-01 2.8767275832e-42)
    (1.6189529828e-01 2.8719518869e-42)
    (1.6316717670e-01 2.8700517608e-42)
    (1.6436277106e-01 2.8692279759e-42)
    (1.6549569504e-01 2.8692731582e-42)
    (1.6657864137e-01 2.8699799579e-42)
    (1.6762350584e-01 2.8711431105e-42)
    (1.6865351356e-01 2.8722780814e-42)
    (1.6965530759e-01 2.8737563057e-42)
    (1.7065088677e-01 2.8751063497e-42)
    (1.7163694874e-01 2.8763566117e-42)
    (1.7264754568e-01 2.8768880681e-42)
    (1.7367870384e-01 2.8767899050e-42)
    (1.7473842382e-01 2.8759180266e-42)
    (1.7583425455e-01 2.8741419294e-42)
    (1.7697330632e-01 2.8713453697e-42)
    (1.7816226381e-01 2.8674268273e-42)
    (1.7940739973e-01 2.8622997636e-42)
    (1.8071459251e-01 2.8558926682e-42)
    (1.8208934620e-01 2.8481489026e-42)
    (1.8353681581e-01 2.8390263386e-42)
    (1.8506183817e-01 2.8284968031e-42)
    (1.8666896889e-01 2.8165453403e-42)
    (1.8836252602e-01 2.8031693070e-42)
    (1.9014664040e-01 2.7883773221e-42)
    (1.9202531289e-01 2.7721880948e-42)
    (1.9400247796e-01 2.7546291590e-42)
    (1.9608207355e-01 2.7357355451e-42)
    (1.9826811637e-01 2.7155484219e-42)
    (2.0056478234e-01 2.6941137396e-42)
    (2.0297649148e-01 2.6714809075e-42)
    (2.0550799658e-01 2.6477015320e-42)
    (2.0816447512e-01 2.6228282428e-42)
    (2.1095162348e-01 2.5969136271e-42)
    (2.1387575250e-01 2.5700092879e-42)
    (2.1694252519e-01 2.5420336932e-42)
    (2.2014784268e-01 2.5132321791e-42)
    (2.2353442384e-01 2.4836454940e-42)
    (2.2709473824e-01 2.4532468691e-42)
    (2.3084124291e-01 2.4220707709e-42)
    (2.3479830546e-01 2.3897502273e-42)
    (2.3896127860e-01 2.3571294337e-42)
    (2.4336008158e-01 2.3238022632e-42)
    (2.4801609114e-01 2.2897814881e-42)
    (2.5295357748e-01 2.2550740604e-42)
    (2.5819912151e-01 2.2195521738e-42)
    (2.6378573470e-01 2.1834682009e-42)
    (2.6974624072e-01 2.1466855918e-42)
    (2.7611826438e-01 2.1091904867e-42)
    (2.8294267020e-01 2.0709657215e-42)
    (2.9026318406e-01 2.0319922442e-42)
    (2.9812578117e-01 1.9922509181e-42)
    (3.0657780390e-01 1.9517247163e-42)
    (3.1566679772e-01 1.9104012723e-42)
    (3.2543906532e-01 1.8682757141e-42)
    (3.3590884834e-01 1.8253328758e-42)
    (3.4717220621e-01 1.7816345947e-42)
    (3.5923181777e-01 1.7371955251e-42)
    (3.7211011301e-01 1.6920701519e-42)
    (3.8581857835e-01 1.6463335833e-42)
    (4.0035607801e-01 1.6000824698e-42)
    (4.1570758173e-01 1.5534348931e-42)
    (4.3184341715e-01 1.5065291316e-42)
    (4.4871913847e-01 1.4595212932e-42)
    (4.6627605897e-01 1.4125819001e-42)
    (4.8444243519e-01 1.3658916133e-42)
    (5.0313523891e-01 1.3196363559e-42)
    (5.2226241062e-01 1.2740021448e-42)
    (5.4172544282e-01 1.2291699610e-42)
    (5.6142213216e-01 1.1853109675e-42)
    (5.8124933256e-01 1.1425823378e-42)
    (6.0110555710e-01 1.1011238890e-42)
    (6.2089330726e-01 1.0610556338e-42)
    (6.4052103707e-01 1.0224762830e-42)
    (6.5990470387e-01 9.8546266186e-43)
    (6.7896888897e-01 9.5006994485e-43)
    (6.9764750311e-01 9.1633257742e-43)
    (7.1588411412e-01 8.8426573237e-43)
    (7.3358636508e-01 8.5387332330e-43)
    (7.5079956951e-01 8.2513557100e-43)
    (7.6745533679e-01 7.9801973719e-43)
    (7.8353256295e-01 7.7248483707e-43)
    (7.9901751861e-01 7.4848113840e-43)
    (8.1390305888e-01 7.2595213374e-43)
    (8.2818781969e-01 7.0483633230e-43)
    (8.4187543085e-01 6.8506884713e-43)
    (8.5497376287e-01 6.6658277628e-43)
    (8.6749422815e-01 6.4931037123e-43)
    (8.7945114297e-01 6.3318400838e-43)
    (8.9086115759e-01 6.1813697537e-43)
    (9.0174275648e-01 6.0410408954e-43)
    (9.1211582875e-01 5.9102216689e-43)
    (9.2200130648e-01 5.7883036034e-43)
    (9.3142086729e-01 5.6747038541e-43)
    (9.4039669615e-01 5.5688665079e-43)
    (9.4895130096e-01 5.4702631007e-43)
    (9.5710737510e-01 5.3783924997e-43)
    (9.6488770191e-01 5.2927802655e-43)
    (9.7229590192e-01 5.2127976171e-43)
    (9.7938516542e-01 5.1384883291e-43)
    (9.8616492913e-01 5.0691852299e-43)
    (9.9265725317e-01 5.0045164206e-43)
    (9.9888404860e-01 4.9441314003e-43)
    (1.0048670852e+00 4.8876996356e-43)
    (1.0106280054e+00 4.8349091581e-43)
    (1.0161883420e+00 4.7854652126e-43)
    (1.0215695391e+00 4.7390889696e-43)
    (1.0267929757e+00 4.6955162912e-43)
    (1.0318799893e+00 4.6544965957e-43)
    (1.0368231641e+00 4.6159123871e-43)
    (1.0417033534e+00 4.5792863625e-43)
    (1.0465120896e+00 4.5445334257e-43)
    (1.0510868798e+00 4.5108457727e-43)
    (1.0558591901e+00 4.4792125312e-43)
    (1.0606532011e+00 4.4488146151e-43)
    (1.0655074194e+00 4.4194496309e-43)
    (1.0704684867e+00 4.3909121057e-43)
    (1.0751997672e+00 4.3638597429e-43)
    (1.0804337616e+00 4.3354872737e-43)
    (1.0860944535e+00 4.3081953851e-43)
    (1.0921800381e+00 4.2808479655e-43)
    (1.0986620877e+00 4.2537300459e-43)
    (1.1060807526e+00 4.2253348560e-43)
    (1.1144567561e+00 4.1960078951e-43)
    (1.1240549775e+00 4.1653905409e-43)
    (1.1350476809e+00 4.1329168392e-43)
    (1.1481500995e+00 4.0984042231e-43)
    (1.1636258812e+00 4.0612969379e-43)
    (1.1819885899e+00 4.0210874348e-43)
    (1.2038177966e+00 3.9772421850e-43)
    (1.2301634388e+00 3.9286458018e-43)
    (1.2609969543e+00 3.8757807989e-43)
    (1.2973623006e+00 3.8176612344e-43)
    (1.3400043215e+00 3.7538110828e-43)
    (1.3902463429e+00 3.6816995071e-43)
    (1.4476740785e+00 3.6052474329e-43)
    (1.5134371384e+00 3.5221986926e-43)
    (1.5880617826e+00 3.4325267290e-43)
    (1.6719409929e+00 3.3363734589e-43)
    (1.7660607105e+00 3.2343337737e-43)
    (1.8689224005e+00 3.1262703688e-43)
    (1.9811674964e+00 3.0132483492e-43)
    (2.1024762198e+00 2.8960815510e-43)
    (2.2323544675e+00 2.7757021285e-43)
    (2.3723894726e+00 2.6502185569e-43)
    (2.5173051541e+00 2.5266414774e-43)
    (2.6685098823e+00 2.4029858965e-43)
    (2.8251127843e+00 2.2802648784e-43)
    (2.9864403845e+00 2.1586839711e-43)
    (3.1511716903e+00 2.0405625742e-43)
    (3.3187345263e+00 1.9258921619e-43)
    (3.4884072284e+00 1.8152708906e-43)
    (3.6595680228e+00 1.7091673800e-43)
    (3.8329812660e+00 1.6056822846e-43)
    (4.0054036492e+00 1.5098572619e-43)
    (4.1781426573e+00 1.4191969471e-43)
    (4.3510158689e+00 1.3337294184e-43)
    (4.5239369983e+00 1.2534054195e-43)
    (4.6971621121e+00 1.1772419879e-43)
    (4.8701409953e+00 1.1069304862e-43)
    (5.0433978978e+00 1.0412762113e-43)
    (5.2171246267e+00 9.8005559584e-44)
    (5.3915564382e+00 9.2302827441e-44)
    (5.5669629670e+00 8.6994485022e-44)
    (5.7436400435e+00 8.2055320204e-44)
    (5.9219025871e+00 7.7460348199e-44)
    (6.1010979376e+00 7.3204691896e-44)
    (6.2835570479e+00 6.9224833293e-44)
    (6.4679920423e+00 6.5486691691e-44)
    (6.6560078497e+00 6.2036005733e-44)
    (6.8473428104e+00 5.8818101128e-44)
    (7.0423340172e+00 5.5814468670e-44)
    (7.2409465159e+00 5.2955140871e-44)
    (7.4442081970e+00 5.0334161910e-44)
    (7.6521663603e+00 4.7879519197e-44)
    (7.8676105910e+00 4.5441739501e-44)
    (8.0858487204e+00 4.3294289880e-44)
    (8.3098278044e+00 4.1274723555e-44)
    (8.5398932950e+00 3.9372995183e-44)
    (8.7763949131e+00 3.7579939766e-44)
    (9.0196879697e+00 3.5887203528e-44)
    (9.2670974766e+00 3.4325457339e-44)
    (9.5251096885e+00 3.2807204054e-44)
    (9.7910839770e+00 3.1368846532e-44)
    (1.0065371630e+01 3.0004550102e-44)
    (1.0346344593e+01 2.8711074467e-44)
    (1.0638438926e+01 2.7479138679e-44)
    (1.0940187398e+01 2.6306844172e-44)
    (1.1925355136e+01 2.2419019142e-44)
    (1.2308824412e+01 2.1320536042e-44)
    (1.2709276652e+01 2.0277136404e-44)
    (1.3126439691e+01 1.9284198407e-44)
    (1.3561263285e+01 1.8338884954e-44)
    (1.4012493747e+01 1.7400423916e-44)
    (1.4484291915e+01 1.6548080671e-44)
    (1.4973992379e+01 1.5785267115e-44)
    (1.5487666223e+01 1.5004776325e-44)
    (1.6023909695e+01 1.4260935850e-44)
    (1.6583468512e+01 1.3519078208e-44)
    (1.7168941463e+01 1.2847021988e-44)
    (1.7781023451e+01 1.2205964748e-44)
    (1.8422151615e+01 1.1570249278e-44)
    (1.9092649339e+01 1.0989731392e-44)
    (1.9794733945e+01 1.0435680219e-44)
    (2.0530664058e+01 9.9068301473e-45)
    (2.1299508263e+01 9.4342482679e-45)
    (2.2109288431e+01 8.9483202374e-45)
    (2.2959485968e+01 8.4849305916e-45)
    (2.3850104879e+01 8.0451035544e-45)
    (2.4788921536e+01 7.6235039160e-45)
    (2.5776295005e+01 7.2215569721e-45)
    (2.6817698048e+01 6.8381981174e-45)
    (2.7909067436e+01 6.4573590842e-45)
    (2.9061538888e+01 6.1114670840e-45)
    (3.0279874265e+01 5.7815267542e-45)
    (3.1556757395e+01 5.4513120184e-45)
    (3.2908931845e+01 5.1545109443e-45)
    (3.4342348823e+01 4.8713494941e-45)
    (3.5842127009e+01 4.6077773687e-45)
    (3.7437719791e+01 4.3502794159e-45)
    (3.9117090489e+01 4.1230169681e-45)
    (4.0644106575e+01 3.8460047069e-45)
    (4.2796040127e+01 3.6626194237e-45)
    (4.4789131155e+01 3.4500289757e-45)
    (4.6589221150e+01 3.2181076332e-45)
    (4.9179324484e+01 3.0549113029e-45)
    (5.1201199815e+01 2.8538244255e-45)
    (5.4099126670e+01 2.6945063126e-45)
    (5.6778858337e+01 2.5287628071e-45)
    (5.9117854096e+01 2.3694940260e-45)
    (6.2718461942e+01 2.2251142378e-45)
    (6.5410085846e+01 2.0878185730e-45)
    (6.9496742822e+01 1.9562290238e-45)
    (7.3180976752e+01 1.8332724109e-45)
    (7.7182577491e+01 1.7159011739e-45)
    (8.1420085225e+01 1.6043156689e-45)
    (8.6011788405e+01 1.4993683193e-45)
    (9.0867763137e+01 1.4008045211e-45)
    (9.6165388139e+01 1.3069795665e-45)
    (1.0177823578e+02 1.2182428205e-45)
    (1.0792309375e+02 1.1346325528e-45)
    (1.1458604701e+02 1.0557058094e-45)
    (1.2160542734e+02 9.8183330005e-46)
    (1.2939531717e+02 9.1170187893e-46)
    (1.3542361118e+02 8.4777307847e-46)
    (1.4388362195e+02 7.8576654799e-46)
    (1.5371740495e+02 7.2738073555e-46)
    (1.6736124994e+02 6.7004747645e-46)
    (1.7556818514e+02 6.1770514162e-46)
    (1.9180551086e+02 5.7047073982e-46)
    (2.0148427830e+02 5.2284425562e-46)
);
