// k[EI_O2_EXC_O2_V2] [m^3/s] vs reducedE [V m^2]; air_plasma [94c490be646f8872], T_gas = 300.000000 K
(
    (0 1.1608331785e-21)
    (1.0000000000e-22 1.1608331785e-21)
    (1.0452754953e-22 1.1328741163e-21)
    (1.0926008611e-22 1.1263474996e-21)
    (1.1420689063e-22 1.1397538926e-21)
    (1.1937766417e-22 1.1722675661e-21)
    (1.2478254705e-22 1.2237639515e-21)
    (1.3043213867e-22 1.2947997543e-21)
    (1.3633751836e-22 1.3866640513e-21)
    (1.4251026703e-22 1.5014717589e-21)
    (1.4896248996e-22 1.6423201138e-21)
    (1.5570684048e-22 0.0000000000e+00)
    (1.6275654480e-22 2.0207946494e-21)
    (1.7012542799e-22 2.2719207511e-21)
    (1.7782794100e-22 2.5769840023e-21)
    (1.8587918911e-22 2.9491500444e-21)
    (1.9429496147e-22 3.4054305617e-21)
    (2.0309176209e-22 3.9676487799e-21)
    (2.1228684221e-22 3.5493784015e-21)
    (2.2189823415e-22 4.2404209268e-21)
    (2.3194478661e-22 5.1031988548e-21)
    (2.4244620171e-22 8.8245396569e-21)
    (2.5342307358e-22 1.0260206487e-20)
    (2.6489692876e-22 1.2076182937e-20)
    (2.7689026842e-22 1.4371793712e-20)
    (2.8942661247e-22 1.7270641969e-20)
    (3.0253054571e-22 2.0925924907e-20)
    (3.1622776602e-22 2.5526832215e-20)
    (3.3054513476e-22 3.1306086267e-20)
    (3.4551072946e-22 3.8549175531e-20)
    (3.6115389887e-22 4.7605084286e-20)
    (3.7750532053e-22 5.8899136643e-20)
    (3.9459706091e-22 7.2948129267e-20)
    (4.1246263829e-22 9.0378117111e-20)
    (4.3113708854e-22 1.1194522202e-19)
    (4.5065703377e-22 1.3855985821e-19)
    (4.7106075420e-22 1.7131478439e-19)
    (4.9238826317e-22 2.1151739400e-19)
    (5.1468138568e-22 2.6072663185e-19)
    (5.3798384034e-22 3.2079487109e-19)
    (5.6234132519e-22 3.9391499667e-19)
    (5.8780160723e-22 4.8267281375e-19)
    (6.1441461614e-22 5.9010470815e-19)
    (6.4223254222e-22 7.1976020948e-19)
    (6.7130993868e-22 8.7576873882e-19)
    (7.0170382867e-22 1.0629093554e-18)
    (7.3347381708e-22 1.2924008520e-18)
    (7.6668220745e-22 1.5589516142e-18)
    (8.0139412415e-22 1.8783641113e-18)
    (8.3767764007e-22 2.2571112211e-18)
    (8.7560391014e-22 2.7046771944e-18)
    (9.1524731088e-22 3.2370028607e-18)
    (9.5668558622e-22 3.8557159118e-18)
    (1.0000000000e-21 4.5786634144e-18)
    (1.0452754953e-21 5.4199556032e-18)
    (1.0926008611e-21 6.3947590998e-18)
    (1.1420689063e-21 7.5219652087e-18)
    (1.1937766417e-21 8.8129970492e-18)
    (1.2478254705e-21 1.0287580706e-17)
    (1.3043213867e-21 1.1962877163e-17)
    (1.3633751836e-21 1.3855555520e-17)
    (1.4251026703e-21 1.5981208212e-17)
    (1.4896248996e-21 1.8353679330e-17)
    (1.5570684048e-21 2.0984321180e-17)
    (1.6275654480e-21 2.3881206507e-17)
    (1.7012542799e-21 2.7048332904e-17)
    (1.7782794100e-21 3.0489238388e-17)
    (1.8587918911e-21 3.4188837099e-17)
    (1.9429496147e-21 3.8139222456e-17)
    (2.0309176209e-21 4.2321783532e-17)
    (2.1228684221e-21 4.6711576253e-17)
    (2.2189823415e-21 5.1277586155e-17)
    (2.3194478661e-21 5.5983306635e-17)
    (2.4244620171e-21 6.0787623012e-17)
    (2.5342307358e-21 6.5645967483e-17)
    (2.6489692876e-21 7.0511683183e-17)
    (2.7689026842e-21 7.5337515832e-17)
    (2.8942661247e-21 8.0077138612e-17)
    (3.0253054571e-21 8.4686613436e-17)
    (3.1622776602e-21 8.9125698911e-17)
    (3.3054513476e-21 9.3358931943e-17)
    (3.4551072946e-21 9.7356432293e-17)
    (3.6115389887e-21 1.0109440528e-16)
    (3.7750532053e-21 1.0455534262e-16)
    (3.9459706091e-21 1.0772794419e-16)
    (4.1246263829e-21 1.1060679983e-16)
    (4.3113708854e-21 1.1319188095e-16)
    (4.5065703377e-21 1.1548789656e-16)
    (4.7106075420e-21 1.1750356730e-16)
    (4.9238826317e-21 1.1925384094e-16)
    (5.1468138568e-21 1.2074813036e-16)
    (5.3798384034e-21 1.2200521681e-16)
    (5.6234132519e-21 1.2304264042e-16)
    (5.8780160723e-21 1.2387855006e-16)
    (6.1441461614e-21 1.2453122364e-16)
    (6.4223254222e-21 1.2501867446e-16)
    (6.7130993868e-21 1.2535834028e-16)
    (7.0170382867e-21 1.2556684817e-16)
    (7.3347381708e-21 1.2565984707e-16)
    (7.6668220745e-21 1.2565189827e-16)
    (8.0139412415e-21 1.2555641412e-16)
    (8.3767764007e-21 1.2538563580e-16)
    (8.7560391014e-21 1.2515064137e-16)
    (9.1524731088e-21 1.2486137655e-16)
    (9.5668558622e-21 1.2452670164e-16)
    (1.0000000000e-20 1.2415444911e-16)
    (1.0452754953e-20 1.2375148742e-16)
    (1.0926008611e-20 1.2332378772e-16)
    (1.1420689063e-20 1.2287649063e-16)
    (1.1937766417e-20 1.2241646160e-16)
    (1.2478254705e-20 1.2194263689e-16)
    (1.3043213867e-20 1.2146046286e-16)
    (1.3633751836e-20 1.2097243727e-16)
    (1.4251026703e-20 1.2048053732e-16)
    (1.4896248996e-20 1.1998626974e-16)
    (1.5570684048e-20 1.1949071725e-16)
    (1.6275654480e-20 1.1899458171e-16)
    (1.7012542799e-20 1.1849822417e-16)
    (1.7782794100e-20 1.1800170191e-16)
    (1.8587918911e-20 1.1750480284e-16)
    (1.9429496147e-20 1.1700599439e-16)
    (2.0309176209e-20 1.1650660787e-16)
    (2.1228684221e-20 1.1600480735e-16)
    (2.2189823415e-20 1.1550057653e-16)
    (2.3194478661e-20 1.1498820727e-16)
    (2.4244620171e-20 1.1446910622e-16)
    (2.5342307358e-20 1.1394137306e-16)
    (2.6489692876e-20 1.1340277723e-16)
    (2.7689026842e-20 1.1284346579e-16)
    (2.8942661247e-20 1.1229573451e-16)
    (3.0253054571e-20 1.1170616277e-16)
    (3.1622776602e-20 1.1109354866e-16)
    (3.3054513476e-20 1.1041979882e-16)
    (3.4551072946e-20 1.0974744861e-16)
    (3.6115389887e-20 1.0903521213e-16)
    (3.7750532053e-20 1.0827567571e-16)
    (3.9459706091e-20 1.0746411253e-16)
    (4.1246263829e-20 1.0658057208e-16)
    (4.3113708854e-20 1.0562107828e-16)
    (4.5065703377e-20 1.0457400134e-16)
    (4.7106075420e-20 1.0342695721e-16)
    (4.9238826317e-20 1.0214128106e-16)
    (5.1468138568e-20 1.0075293920e-16)
    (5.3798384034e-20 9.9226625462e-17)
    (5.6234132519e-20 9.7551069502e-17)
    (5.8780160723e-20 9.5656267072e-17)
    (6.1441461614e-20 9.3656249196e-17)
    (6.4223254222e-20 9.1486938636e-17)
    (6.7130993868e-20 8.9148241608e-17)
    (7.0170382867e-20 8.6644288432e-17)
    (7.3347381708e-20 8.3965231592e-17)
    (7.6668220745e-20 8.1162475471e-17)
    (8.0139412415e-20 7.8234033799e-17)
    (8.3767764007e-20 7.5200916552e-17)
    (8.7560391014e-20 7.2087091330e-17)
    (9.1524731088e-20 6.8840994081e-17)
    (9.5668558622e-20 6.5647925227e-17)
    (1.0000000000e-19 6.2454521395e-17)
    (1.0452754953e-19 5.9286602003e-17)
    (1.0926008611e-19 5.6148282784e-17)
    (1.1420689063e-19 5.3101026611e-17)
    (1.1937766417e-19 5.0143198299e-17)
    (1.2478254705e-19 4.7289977624e-17)
    (1.3043213867e-19 4.4553235181e-17)
    (1.3633751836e-19 4.1878394395e-17)
    (1.4251026703e-19 3.9406697087e-17)
    (1.4896248996e-19 3.7067679735e-17)
    (1.5570684048e-19 3.4861987085e-17)
    (1.6275654480e-19 3.2788297780e-17)
    (1.7012542799e-19 3.0818147162e-17)
    (1.7782794100e-19 2.9001732943e-17)
    (1.8587918911e-19 2.7304704897e-17)
    (1.9429496147e-19 2.5721327799e-17)
    (2.0309176209e-19 2.4245442397e-17)
    (2.1228684221e-19 2.2870662987e-17)
    (2.2189823415e-19 2.1590537902e-17)
    (2.3194478661e-19 2.0398676523e-17)
    (2.4244620171e-19 1.9291136571e-17)
    (2.5342307358e-19 1.8257421362e-17)
    (2.6489692876e-19 1.7283606097e-17)
    (2.7689026842e-19 1.6386019284e-17)
    (2.8942661247e-19 1.5548133978e-17)
    (3.0253054571e-19 1.4765235673e-17)
    (3.1622776602e-19 1.4021345041e-17)
    (3.3054513476e-19 1.3336588644e-17)
    (3.4551072946e-19 1.2694617212e-17)
    (3.6115389887e-19 1.2057995193e-17)
    (3.7750532053e-19 1.1495038204e-17)
    (3.9459706091e-19 1.0965072162e-17)
    (4.1246263829e-19 1.0465532456e-17)
    (4.3113708854e-19 9.9940789056e-18)
    (4.5065703377e-19 9.5485780478e-18)
    (4.7106075420e-19 9.1333834521e-18)
    (4.9238826317e-19 8.7335987464e-18)
    (5.1468138568e-19 8.3544869836e-18)
    (5.3798384034e-19 7.9945646959e-18)
    (5.6234132519e-19 7.6541604333e-18)
    (5.8780160723e-19 7.3285690147e-18)
    (6.1441461614e-19 7.0184888599e-18)
    (6.4223254222e-19 6.0191984296e-18)
    (6.7130993868e-19 5.7287032676e-18)
    (7.0170382867e-19 5.4507733658e-18)
    (7.3347381708e-19 5.1860511196e-18)
    (7.6668220745e-19 4.9338123131e-18)
    (8.0139412415e-19 4.6830928597e-18)
    (8.3767764007e-19 4.4553108804e-18)
    (8.7560391014e-19 4.2501637084e-18)
    (9.1524731088e-19 4.0414008511e-18)
    (9.5668558622e-19 3.8422994932e-18)
    (1.0000000000e-18 3.6422197944e-18)
    (1.0452754953e-18 3.4622384426e-18)
    (1.0926008611e-18 3.2904444021e-18)
    (1.1420689063e-18 3.1189979484e-18)
    (1.1937766417e-18 2.9633415476e-18)
    (1.2478254705e-18 2.8146900808e-18)
    (1.3043213867e-18 2.6727175816e-18)
    (1.3633751836e-18 2.5455700000e-18)
    (1.4251026703e-18 2.4149917963e-18)
    (1.4896248996e-18 2.2904101835e-18)
    (1.5570684048e-18 2.1718175283e-18)
    (1.6275654480e-18 2.0583946623e-18)
    (1.7012542799e-18 1.9502137986e-18)
    (1.7782794100e-18 1.8469952019e-18)
    (1.8587918911e-18 1.7443638052e-18)
    (1.9429496147e-18 1.6511632096e-18)
    (2.0309176209e-18 1.5622317336e-18)
    (2.1228684221e-18 1.4733398800e-18)
    (2.2189823415e-18 1.3932654743e-18)
    (2.3194478661e-18 1.3168526756e-18)
    (2.4244620171e-18 1.2458280201e-18)
    (2.5342307358e-18 1.1762891178e-18)
    (2.6489692876e-18 1.1150666054e-18)
    (2.7689026842e-18 1.0405851597e-18)
    (2.8942661247e-18 9.9063767380e-19)
    (3.0253054571e-18 9.3334999676e-19)
    (3.1622776602e-18 8.7069967420e-19)
    (3.3054513476e-18 8.2647777918e-19)
    (3.4551072946e-18 7.7213825043e-19)
    (3.6115389887e-18 7.2902393194e-19)
    (3.7750532053e-18 6.8418811691e-19)
    (3.9459706091e-18 6.4109654234e-19)
    (4.1246263829e-18 6.0203276670e-19)
    (4.3113708854e-18 5.6488569013e-19)
    (4.5065703377e-18 5.2928247525e-19)
    (4.7106075420e-18 4.9601501033e-19)
    (4.9238826317e-18 4.6425873943e-19)
    (5.1468138568e-18 4.3406787138e-19)
    (5.3798384034e-18 4.0567304017e-19)
    (5.6234132519e-18 3.7900535942e-19)
    (5.8780160723e-18 3.5361983268e-19)
    (6.1441461614e-18 3.2961098504e-19)
    (6.4223254222e-18 3.0698917086e-19)
    (6.7130993868e-18 2.8563454336e-19)
    (7.0170382867e-18 2.6564740274e-19)
    (7.3347381708e-18 2.4667246079e-19)
    (7.6668220745e-18 2.2937571622e-19)
    (8.0139412415e-18 2.1259906608e-19)
    (8.3767764007e-18 1.9680204694e-19)
    (8.7560391014e-18 1.8128980940e-19)
    (9.1524731088e-18 1.6712792948e-19)
    (9.5668558622e-18 1.5434806536e-19)
    (1.0000000000e-17 1.4146211840e-19)
);
