// k[EI_O2_EXC_O2_V1RES] [m^3/s] vs mean energy [eV]; air_plasma [94c490be646f8872], T_gas = 300.000000 K
(
    (0 0.0000000000e+00)
    (1.3716736877e-01 0.0000000000e+00)
    (1.4076967004e-01 0.0000000000e+00)
    (1.4397591983e-01 0.0000000000e+00)
    (1.4684102077e-01 0.0000000000e+00)
    (1.4941193350e-01 0.0000000000e+00)
    (1.5172852860e-01 0.0000000000e+00)
    (1.5382471337e-01 0.0000000000e+00)
    (1.5572953486e-01 0.0000000000e+00)
    (1.5746814299e-01 0.0000000000e+00)
    (1.5906258451e-01 0.0000000000e+00)
    (1.6040177321e-01 0.0000000000e+00)
    (1.6189529828e-01 0.0000000000e+00)
    (1.6316717670e-01 0.0000000000e+00)
    (1.6436277106e-01 0.0000000000e+00)
    (1.6549569504e-01 0.0000000000e+00)
    (1.6657864137e-01 0.0000000000e+00)
    (1.6762350584e-01 0.0000000000e+00)
    (1.6865351356e-01 0.0000000000e+00)
    (1.6965530759e-01 0.0000000000e+00)
    (1.7065088677e-01 0.0000000000e+00)
    (1.7163694874e-01 0.0000000000e+00)
    (1.7264754568e-01 0.0000000000e+00)
    (1.7367870384e-01 0.0000000000e+00)
    (1.7473842382e-01 0.0000000000e+00)
    (1.7583425455e-01 0.0000000000e+00)
    (1.7697330632e-01 0.0000000000e+00)
    (1.7816226381e-01 0.0000000000e+00)
    (1.7940739973e-01 0.0000000000e+00)
    (1.8071459251e-01 0.0000000000e+00)
    (1.8208934620e-01 0.0000000000e+00)
    (1.8353681581e-01 0.0000000000e+00)
    (1.8506183817e-01 0.0000000000e+00)
    (1.8666896889e-01 0.0000000000e+00)
    (1.8836252602e-01 0.0000000000e+00)
    (1.9014664040e-01 0.0000000000e+00)
    (1.9202531289e-01 0.0000000000e+00)
    (1.9400247796e-01 0.0000000000e+00)
    (1.9608207355e-01 0.0000000000e+00)
    (1.9826811637e-01 0.0000000000e+00)
    (2.0056478234e-01 0.0000000000e+00)
    (2.0297649148e-01 0.0000000000e+00)
    (2.0550799658e-01 0.0000000000e+00)
    (2.0816447512e-01 0.0000000000e+00)
    (2.1095162348e-01 0.0000000000e+00)
    (2.1387575250e-01 0.0000000000e+00)
    (2.1694252519e-01 0.0000000000e+00)
    (2.2014784268e-01 0.0000000000e+00)
    (2.2353442384e-01 0.0000000000e+00)
    (2.2709473824e-01 0.0000000000e+00)
    (2.3084124291e-01 0.0000000000e+00)
    (2.3479830546e-01 0.0000000000e+00)
    (2.3896127860e-01 0.0000000000e+00)
    (2.4336008158e-01 0.0000000000e+00)
    (2.4801609114e-01 0.0000000000e+00)
    (2.5295357748e-01 0.0000000000e+00)
    (2.5819912151e-01 0.0000000000e+00)
    (2.6378573470e-01 0.0000000000e+00)
    (2.6974624072e-01 0.0000000000e+00)
    (2.7611826438e-01 0.0000000000e+00)
    (2.8294267020e-01 0.0000000000e+00)
    (2.9026318406e-01 0.0000000000e+00)
    (2.9812578117e-01 0.0000000000e+00)
    (3.0657780390e-01 0.0000000000e+00)
    (3.1566679772e-01 0.0000000000e+00)
    (3.2543906532e-01 0.0000000000e+00)
    (3.3590884834e-01 0.0000000000e+00)
    (3.4717220621e-01 0.0000000000e+00)
    (3.5923181777e-01 0.0000000000e+00)
    (3.7211011301e-01 0.0000000000e+00)
    (3.8581857835e-01 0.0000000000e+00)
    (4.0035607801e-01 0.0000000000e+00)
    (4.1570758173e-01 0.0000000000e+00)
    (4.3184341715e-01 0.0000000000e+00)
    (4.4871913847e-01 0.0000000000e+00)
    (4.6627605897e-01 0.0000000000e+00)
    (4.8444243519e-01 0.0000000000e+00)
    (5.0313523891e-01 0.0000000000e+00)
    (5.2226241062e-01 0.0000000000e+00)
    (5.4172544282e-01 0.0000000000e+00)
    (5.6142213216e-01 0.0000000000e+00)
    (5.8124933256e-01 0.0000000000e+00)
    (6.0110555710e-01 0.0000000000e+00)
    (6.2089330726e-01 0.0000000000e+00)
    (6.4052103707e-01 0.0000000000e+00)
    (6.5990470387e-01 0.0000000000e+00)
    (6.7896888897e-01 0.0000000000e+00)
    (6.9764750311e-01 0.0000000000e+00)
    (7.1588411412e-01 0.0000000000e+00)
    (7.3358636508e-01 0.0000000000e+00)
    (7.5079956951e-01 0.0000000000e+00)
    (7.6745533679e-01 0.0000000000e+00)
    (7.8353256295e-01 0.0000000000e+00)
    (7.9901751861e-01 0.0000000000e+00)
    (8.1390305888e-01 0.0000000000e+00)
    (8.2818781969e-01 0.0000000000e+00)
    (8.4187543085e-01 0.0000000000e+00)
    (8.5497376287e-01 0.0000000000e+00)
    (8.6749422815e-01 0.0000000000e+00)
    (8.7945114297e-01 0.0000000000e+00)
    (8.9086115759e-01 0.0000000000e+00)
    (9.0174275648e-01 0.0000000000e+00)
    (9.1211582875e-01 0.0000000000e+00)
    (9.2200130648e-01 0.0000000000e+00)
    (9.3142086729e-01 0.0000000000e+00)
    (9.4039669615e-01 0.0000000000e+00)
    (9.4895130096e-01 0.0000000000e+00)
    (9.5710737510e-01 0.0000000000e+00)
    (9.6488770191e-01 0.0000000000e+00)
    (9.7229590192e-01 0.0000000000e+00)
    (9.7938516542e-01 0.0000000000e+00)
    (9.8616492913e-01 0.0000000000e+00)
    (9.9265725317e-01 0.0000000000e+00)
    (9.9888404860e-01 0.0000000000e+00)
    (1.0048670852e+00 0.0000000000e+00)
    (1.0106280054e+00 0.0000000000e+00)
    (1.0161883420e+00 0.0000000000e+00)
    (1.0215695391e+00 0.0000000000e+00)
    (1.0267929757e+00 0.0000000000e+00)
    (1.0318799893e+00 0.0000000000e+00)
    (1.0368231641e+00 0.0000000000e+00)
    (1.0417033534e+00 0.0000000000e+00)
    (1.0465120896e+00 0.0000000000e+00)
    (1.0510868798e+00 5.5260897886e-21)
    (1.0558591901e+00 1.0244626150e-20)
    (1.0606532011e+00 1.8380009155e-20)
    (1.0655074194e+00 3.2047204085e-20)
    (1.0704684867e+00 5.4437855116e-20)
    (1.0751997672e+00 1.3450574246e-19)
    (1.0804337616e+00 2.1659911306e-19)
    (1.0860944535e+00 3.4757088334e-19)
    (1.0921800381e+00 5.4684922395e-19)
    (1.0986620877e+00 8.5497155778e-19)
    (1.1060807526e+00 1.2940827943e-18)
    (1.1144567561e+00 1.9250780884e-18)
    (1.1240549775e+00 2.8164216566e-18)
    (1.1350476809e+00 4.0858720637e-18)
    (1.1481500995e+00 5.7873593586e-18)
    (1.1636258812e+00 8.0771530927e-18)
    (1.1819885899e+00 1.1112949201e-17)
    (1.2038177966e+00 1.5079522000e-17)
    (1.2301634388e+00 2.0355447203e-17)
    (1.2609969543e+00 2.6873779243e-17)
    (1.2973623006e+00 3.5035111794e-17)
    (1.3400043215e+00 4.5116538567e-17)
    (1.3902463429e+00 5.7614798162e-17)
    (1.4476740785e+00 7.2414279548e-17)
    (1.5134371384e+00 8.9978649788e-17)
    (1.5880617826e+00 1.1055590083e-16)
    (1.6719409929e+00 1.3435525652e-16)
    (1.7660607105e+00 1.6190572440e-16)
    (1.8689224005e+00 1.9254276201e-16)
    (1.9811674964e+00 2.2666804940e-16)
    (2.1024762198e+00 2.6422780465e-16)
    (2.2323544675e+00 3.0509083798e-16)
    (2.3723894726e+00 3.4986252230e-16)
    (2.5173051541e+00 3.9663875111e-16)
    (2.6685098823e+00 4.4590547468e-16)
    (2.8251127843e+00 4.9729163209e-16)
    (2.9864403845e+00 5.5060197175e-16)
    (3.1511716903e+00 6.0499625127e-16)
    (3.3187345263e+00 6.6027496516e-16)
    (3.4884072284e+00 7.1602778391e-16)
    (3.6595680228e+00 7.7186213292e-16)
    (3.8329812660e+00 8.2787044084e-16)
    (4.0054036492e+00 8.8270108643e-16)
    (4.1781426573e+00 9.3661141119e-16)
    (4.3510158689e+00 9.8933002088e-16)
    (4.5239369983e+00 1.0406185644e-15)
    (4.6971621121e+00 1.0904311213e-15)
    (4.8701409953e+00 1.1382280286e-15)
    (5.0433978978e+00 1.1840702048e-15)
    (5.2171246267e+00 1.2278345769e-15)
    (5.3915564382e+00 1.2694212097e-15)
    (5.5669629670e+00 1.3087510046e-15)
    (5.7436400435e+00 1.3457635535e-15)
    (5.9219025871e+00 1.3804151604e-15)
    (6.1010979376e+00 1.4124337702e-15)
    (6.2835570479e+00 1.4422901251e-15)
    (6.4679920423e+00 1.4696005642e-15)
    (6.6560078497e+00 1.4946459929e-15)
    (6.8473428104e+00 1.5173033612e-15)
    (7.0423340172e+00 1.5375971841e-15)
    (7.2409465159e+00 1.5554762918e-15)
    (7.4442081970e+00 1.5711319867e-15)
    (7.6521663603e+00 1.5845350472e-15)
    (7.8676105910e+00 1.5963030652e-15)
    (8.0858487204e+00 1.6052794671e-15)
    (8.3098278044e+00 1.6121586875e-15)
    (8.5398932950e+00 1.6169955157e-15)
    (8.7763949131e+00 1.6198466623e-15)
    (9.0196879697e+00 1.6207702908e-15)
    (9.2670974766e+00 1.6192897462e-15)
    (9.5251096885e+00 1.6165746344e-15)
    (9.7910839770e+00 1.6121074033e-15)
    (1.0065371630e+01 1.6059516644e-15)
    (1.0346344593e+01 1.5978645514e-15)
    (1.0638438926e+01 1.5885406327e-15)
    (1.0940187398e+01 1.5777090451e-15)
    (1.1925355136e+01 1.5490305609e-15)
    (1.2308824412e+01 1.5306892275e-15)
    (1.2709276652e+01 1.5110431853e-15)
    (1.3126439691e+01 1.4899045709e-15)
    (1.3561263285e+01 1.4673556628e-15)
    (1.4012493747e+01 1.4433247767e-15)
    (1.4484291915e+01 1.4182535283e-15)
    (1.4973992379e+01 1.3916677385e-15)
    (1.5487666223e+01 1.3644446566e-15)
    (1.6023909695e+01 1.3362622772e-15)
    (1.6583468512e+01 1.3069792411e-15)
    (1.7168941463e+01 1.2771569421e-15)
    (1.7781023451e+01 1.2466489033e-15)
    (1.8422151615e+01 1.2153199956e-15)
    (1.9092649339e+01 1.1837059820e-15)
    (1.9794733945e+01 1.1516729133e-15)
    (2.0530664058e+01 1.1192999681e-15)
    (2.1299508263e+01 1.0863274779e-15)
    (2.2109288431e+01 1.0535608424e-15)
    (2.2959485968e+01 1.0206939417e-15)
    (2.3850104879e+01 9.8748663025e-16)
    (2.4788921536e+01 9.5467633094e-16)
    (2.5776295005e+01 9.2198183837e-16)
    (2.6817698048e+01 8.8944850602e-16)
    (2.7909067436e+01 8.5699453805e-16)
    (2.9061538888e+01 8.2505283090e-16)
    (3.0279874265e+01 7.9344821367e-16)
    (3.1556757395e+01 7.6219239219e-16)
    (3.2908931845e+01 7.3149436919e-16)
    (3.4342348823e+01 7.0127555618e-16)
    (3.5842127009e+01 6.7140637154e-16)
    (3.7437719791e+01 6.4237373858e-16)
    (3.9117090489e+01 6.1371610688e-16)
    (4.0644106575e+01 5.8516350122e-16)
    (4.2796040127e+01 5.5892105957e-16)
    (4.4789131155e+01 5.3238818760e-16)
    (4.6589221150e+01 5.0576206387e-16)
    (4.9179324484e+01 4.8185179431e-16)
    (5.1201199815e+01 4.5700542863e-16)
    (5.4099126670e+01 4.3420825916e-16)
    (5.6778858337e+01 4.1165029315e-16)
    (5.9117854096e+01 3.8890837359e-16)
    (6.2718461942e+01 3.6838201871e-16)
    (6.5410085846e+01 3.4774719133e-16)
    (6.9496742822e+01 3.2856889925e-16)
    (7.3180976752e+01 3.0980395893e-16)
    (7.7182577491e+01 2.9178898577e-16)
    (8.1420085225e+01 2.7433376603e-16)
    (8.6011788405e+01 2.5781617085e-16)
    (9.0867763137e+01 2.4198009141e-16)
    (9.6165388139e+01 2.2689266347e-16)
    (1.0177823578e+02 2.1238164938e-16)
    (1.0792309375e+02 1.9867122087e-16)
    (1.1458604701e+02 1.8561156868e-16)
    (1.2160542734e+02 1.7317632609e-16)
    (1.2939531717e+02 1.6138907819e-16)
    (1.3542361118e+02 1.4996775030e-16)
    (1.4388362195e+02 1.3970180531e-16)
    (1.5371740495e+02 1.2968379299e-16)
    (1.6736124994e+02 1.1984535642e-16)
    (1.7556818514e+02 1.1102747862e-16)
    (1.9180551086e+02 1.0245593130e-16)
    (2.0148427830e+02 9.4623653207e-17)
);
