// k[EI_O2_ATT_O_O] [m^3/s] vs mean energy [eV]; air_plasma [94c490be646f8872], T_gas = 300.000000 K
(
    (0 0.0000000000e+00)
    (1.3716749438e-01 0.0000000000e+00)
    (1.4076979314e-01 0.0000000000e+00)
    (1.4397604008e-01 0.0000000000e+00)
    (1.4684113805e-01 0.0000000000e+00)
    (1.4941204783e-01 0.0000000000e+00)
    (1.5172864004e-01 0.0000000000e+00)
    (1.5382482203e-01 0.0000000000e+00)
    (1.5572964088e-01 0.0000000000e+00)
    (1.5746824649e-01 0.0000000000e+00)
    (1.5906268561e-01 0.0000000000e+00)
    (1.6040186980e-01 0.0000000000e+00)
    (1.6189539494e-01 0.0000000000e+00)
    (1.6316727128e-01 0.0000000000e+00)
    (1.6436286366e-01 0.0000000000e+00)
    (1.6549578572e-01 0.0000000000e+00)
    (1.6657873020e-01 0.0000000000e+00)
    (1.6762359287e-01 0.0000000000e+00)
    (1.6865359887e-01 0.0000000000e+00)
    (1.6965539117e-01 0.0000000000e+00)
    (1.7065096866e-01 0.0000000000e+00)
    (1.7163702901e-01 0.0000000000e+00)
    (1.7264762429e-01 0.0000000000e+00)
    (1.7367878080e-01 0.0000000000e+00)
    (1.7473849913e-01 0.0000000000e+00)
    (1.7583432821e-01 0.0000000000e+00)
    (1.7697337833e-01 0.0000000000e+00)
    (1.7816233417e-01 0.0000000000e+00)
    (1.7940746844e-01 0.0000000000e+00)
    (1.8071465956e-01 0.0000000000e+00)
    (1.8208941158e-01 0.0000000000e+00)
    (1.8353687952e-01 0.0000000000e+00)
    (1.8506190021e-01 0.0000000000e+00)
    (1.8666902928e-01 0.0000000000e+00)
    (1.8836258474e-01 0.0000000000e+00)
    (1.9014669747e-01 0.0000000000e+00)
    (1.9202536831e-01 0.0000000000e+00)
    (1.9400253175e-01 0.0000000000e+00)
    (1.9608212573e-01 0.0000000000e+00)
    (1.9826816696e-01 0.0000000000e+00)
    (2.0056483136e-01 0.0000000000e+00)
    (2.0297653896e-01 0.0000000000e+00)
    (2.0550804255e-01 0.0000000000e+00)
    (2.0816451961e-01 0.0000000000e+00)
    (2.1095166654e-01 0.0000000000e+00)
    (2.1387579417e-01 0.0000000000e+00)
    (2.1694256551e-01 0.0000000000e+00)
    (2.2014788174e-01 0.0000000000e+00)
    (2.2353446165e-01 0.0000000000e+00)
    (2.2709477487e-01 0.0000000000e+00)
    (2.3084127841e-01 0.0000000000e+00)
    (2.3479833990e-01 0.0000000000e+00)
    (2.3896131204e-01 0.0000000000e+00)
    (2.4336011410e-01 0.0000000000e+00)
    (2.4801612280e-01 0.0000000000e+00)
    (2.5295360836e-01 0.0000000000e+00)
    (2.5819915170e-01 0.0000000000e+00)
    (2.6378576428e-01 0.0000000000e+00)
    (2.6974626976e-01 0.0000000000e+00)
    (2.7611829297e-01 0.0000000000e+00)
    (2.8294269841e-01 0.0000000000e+00)
    (2.9026321198e-01 0.0000000000e+00)
    (2.9812580887e-01 0.0000000000e+00)
    (3.0657783145e-01 0.0000000000e+00)
    (3.1566682518e-01 0.0000000000e+00)
    (3.2543909275e-01 0.0000000000e+00)
    (3.3590887576e-01 0.0000000000e+00)
    (3.4717223366e-01 0.0000000000e+00)
    (3.5923184525e-01 0.0000000000e+00)
    (3.7211014051e-01 0.0000000000e+00)
    (3.8581860584e-01 0.0000000000e+00)
    (4.0035610545e-01 0.0000000000e+00)
    (4.1570760906e-01 0.0000000000e+00)
    (4.3184344429e-01 0.0000000000e+00)
    (4.4871916534e-01 0.0000000000e+00)
    (4.6627608546e-01 0.0000000000e+00)
    (4.8444246122e-01 0.0000000000e+00)
    (5.0313526437e-01 0.0000000000e+00)
    (5.2226243543e-01 0.0000000000e+00)
    (5.4172546688e-01 0.0000000000e+00)
    (5.6142215538e-01 0.0000000000e+00)
    (5.8124935489e-01 0.0000000000e+00)
    (6.0110557847e-01 0.0000000000e+00)
    (6.2089332763e-01 0.0000000000e+00)
    (6.4052105642e-01 0.0000000000e+00)
    (6.5990472218e-01 0.0000000000e+00)
    (6.7896890624e-01 0.0000000000e+00)
    (6.9764751934e-01 0.0000000000e+00)
    (7.1588412933e-01 0.0000000000e+00)
    (7.3358637930e-01 0.0000000000e+00)
    (7.5079958278e-01 0.0000000000e+00)
    (7.6745534914e-01 0.0000000000e+00)
    (7.8353257443e-01 0.0000000000e+00)
    (7.9901752925e-01 0.0000000000e+00)
    (8.1390306874e-01 0.0000000000e+00)
    (8.2818782881e-01 0.0000000000e+00)
    (8.4187543928e-01 0.0000000000e+00)
    (8.5497377065e-01 0.0000000000e+00)
    (8.6749423532e-01 0.0000000000e+00)
    (8.7945114959e-01 0.0000000000e+00)
    (8.9086116369e-01 0.0000000000e+00)
    (9.0174276209e-01 0.0000000000e+00)
    (9.1211583392e-01 0.0000000000e+00)
    (9.2200131124e-01 0.0000000000e+00)
    (9.3142087166e-01 0.0000000000e+00)
    (9.4039670018e-01 0.0000000000e+00)
    (9.4895130466e-01 0.0000000000e+00)
    (9.5710737851e-01 0.0000000000e+00)
    (9.6488770504e-01 0.0000000000e+00)
    (9.7229590480e-01 0.0000000000e+00)
    (9.7938516806e-01 0.0000000000e+00)
    (9.8616493157e-01 0.0000000000e+00)
    (9.9265725541e-01 0.0000000000e+00)
    (9.9888405066e-01 0.0000000000e+00)
    (1.0048670871e+00 0.0000000000e+00)
    (1.0106280072e+00 0.0000000000e+00)
    (1.0161883436e+00 0.0000000000e+00)
    (1.0215695406e+00 0.0000000000e+00)
    (1.0267929771e+00 0.0000000000e+00)
    (1.0318799906e+00 0.0000000000e+00)
    (1.0368231653e+00 0.0000000000e+00)
    (1.0417033545e+00 0.0000000000e+00)
    (1.0465120906e+00 0.0000000000e+00)
    (1.0510868807e+00 2.8933153696e-22)
    (1.0558591909e+00 5.4059526588e-22)
    (1.0606532018e+00 9.7603755925e-22)
    (1.0655074201e+00 1.7110489343e-21)
    (1.0704684874e+00 2.9204663353e-21)
    (1.0751997678e+00 7.8942753850e-21)
    (1.0804337622e+00 1.2695601971e-20)
    (1.0860944541e+00 2.0222012784e-20)
    (1.0921800386e+00 3.1556900208e-20)
    (1.0986620881e+00 4.9046245707e-20)
    (1.1060807530e+00 7.3571422142e-20)
    (1.1144567565e+00 1.0840128599e-19)
    (1.1240549778e+00 1.5699279486e-19)
    (1.1350476813e+00 2.2549529914e-19)
    (1.1481500998e+00 3.1591535184e-19)
    (1.1636258816e+00 4.3590849061e-19)
    (1.1819885903e+00 5.9269834292e-19)
    (1.2038177970e+00 7.9449452823e-19)
    (1.2301634392e+00 1.0590935951e-18)
    (1.2609969547e+00 1.3803243617e-18)
    (1.2973623011e+00 1.7759020753e-18)
    (1.3400043219e+00 2.2562590399e-18)
    (1.3902463434e+00 2.8418803475e-18)
    (1.4476740790e+00 3.5221494250e-18)
    (1.5134371389e+00 4.3145708845e-18)
    (1.5880617832e+00 5.2252454788e-18)
    (1.6719409936e+00 6.2578809845e-18)
    (1.7660607111e+00 7.4304341752e-18)
    (1.8689224012e+00 8.7055823445e-18)
    (1.9811674971e+00 1.0095500879e-17)
    (2.1024762205e+00 1.1591511898e-17)
    (2.2323544682e+00 1.3181975503e-17)
    (2.3723894733e+00 1.4887145118e-17)
    (2.5173051548e+00 1.6620947347e-17)
    (2.6685098830e+00 1.8400991835e-17)
    (2.8251127850e+00 2.0209095633e-17)
    (2.9864403851e+00 2.2035735260e-17)
    (3.1511716909e+00 2.3845378130e-17)
    (3.3187345269e+00 2.5630835154e-17)
    (3.4884072290e+00 2.7377084042e-17)
    (3.6595680233e+00 2.9070855192e-17)
    (3.8329812664e+00 3.0717841079e-17)
    (4.0054036496e+00 3.2270838216e-17)
    (4.1781426577e+00 3.3743565216e-17)
    (4.3510158693e+00 3.5130386427e-17)
    (4.5239369987e+00 3.6427343327e-17)
    (4.6971621124e+00 3.7637507935e-17)
    (4.8701409956e+00 3.8747063783e-17)
    (5.0433978981e+00 3.9763407672e-17)
    (5.2171246269e+00 4.0687494957e-17)
    (5.3915564385e+00 4.1521080139e-17)
    (5.5669629672e+00 4.2266565797e-17)
    (5.7436400437e+00 4.2926867732e-17)
    (5.9219025873e+00 4.3505296111e-17)
    (6.1010979378e+00 4.3997666682e-17)
    (6.2835570480e+00 4.4423338699e-17)
    (6.4679920424e+00 4.4774987764e-17)
    (6.6560078498e+00 4.5063475118e-17)
    (6.8473428105e+00 4.5289293426e-17)
    (7.0423340173e+00 4.5456384506e-17)
    (7.2409465160e+00 4.5565990973e-17)
    (7.4442081971e+00 4.5626846093e-17)
    (7.6521663603e+00 4.5640297014e-17)
    (7.8676105911e+00 4.5625904246e-17)
    (8.0858487204e+00 4.5553100403e-17)
    (8.3098278045e+00 4.5443215578e-17)
    (8.5398932951e+00 4.5299312372e-17)
    (8.7763949131e+00 4.5124312513e-17)
    (9.0196879697e+00 4.4920999912e-17)
    (9.2670974767e+00 4.4677200069e-17)
    (9.5251096886e+00 4.4426099536e-17)
    (9.7910839770e+00 4.4154213492e-17)
    (1.0065371630e+01 4.3863851871e-17)
    (1.0346344593e+01 4.3548128295e-17)
    (1.0638438926e+01 4.3227842718e-17)
    (1.0940187398e+01 4.2895342633e-17)
    (1.1925355136e+01 4.1966204734e-17)
    (1.2308824412e+01 4.1549862044e-17)
    (1.2709276652e+01 4.1134417978e-17)
    (1.3126439691e+01 4.0715572939e-17)
    (1.3561263285e+01 4.0295535643e-17)
    (1.4012493747e+01 3.9871602410e-17)
    (1.4484291915e+01 3.9455756776e-17)
    (1.4973992379e+01 3.9034450267e-17)
    (1.5487666223e+01 3.8631557337e-17)
    (1.6023909695e+01 3.8237421893e-17)
    (1.6583468512e+01 3.7848957524e-17)
    (1.7168941463e+01 3.7477747585e-17)
    (1.7781023452e+01 3.7120418740e-17)
    (1.8422151615e+01 3.6772466012e-17)
    (1.9092649339e+01 3.6447723780e-17)
    (1.9794733945e+01 3.6141311012e-17)
    (2.0530664058e+01 3.5854577834e-17)
    (2.1299508263e+01 3.5579776968e-17)
    (2.2109288431e+01 3.5336853552e-17)
    (2.2959485968e+01 3.5117126531e-17)
    (2.3850104879e+01 3.4912447002e-17)
    (2.4788921536e+01 3.4743020006e-17)
    (2.5776295005e+01 3.4599796575e-17)
    (2.6817698048e+01 3.4484047934e-17)
    (2.7909067436e+01 3.4389459581e-17)
    (2.9061538888e+01 3.4330537504e-17)
    (3.0279874265e+01 3.4301763817e-17)
    (3.1556757395e+01 3.4297950397e-17)
    (3.2908931845e+01 3.4330012690e-17)
    (3.4342348823e+01 3.4394786735e-17)
    (3.5842127009e+01 3.4481751163e-17)
    (3.7437719791e+01 3.4611734298e-17)
    (3.9117090489e+01 3.4763909228e-17)
    (4.0644106575e+01 3.4848461347e-17)
    (4.2796040127e+01 3.5196656141e-17)
    (4.4789131155e+01 3.5455383015e-17)
    (4.6589221150e+01 3.5637893828e-17)
    (4.9179324484e+01 3.6105900728e-17)
    (5.1201199815e+01 3.6363671308e-17)
    (5.4099126670e+01 3.6894218396e-17)
    (5.6778858337e+01 3.7341095518e-17)
    (5.9117854096e+01 3.7658918317e-17)
    (6.2718461942e+01 3.8365068237e-17)
    (6.5410085846e+01 3.8788749830e-17)
    (6.9496742822e+01 3.9576026835e-17)
    (7.3180976752e+01 4.0229923052e-17)
    (7.7182577491e+01 4.0947877304e-17)
    (8.1420085225e+01 4.1695943549e-17)
    (8.6011788405e+01 4.2510317006e-17)
    (9.0867763137e+01 4.3350900198e-17)
    (9.6165388139e+01 4.4269237810e-17)
    (1.0177823578e+02 4.5212883134e-17)
    (1.0792309375e+02 4.6243816757e-17)
    (1.1458604701e+02 4.7336652380e-17)
    (1.2160542734e+02 4.8453327263e-17)
    (1.2939531717e+02 4.9673367293e-17)
    (1.3542361118e+02 5.0595799677e-17)
    (1.4388362195e+02 5.1849687586e-17)
    (1.5371740495e+02 5.3291031899e-17)
    (1.6736124994e+02 5.5184930420e-17)
    (1.7556818514e+02 5.6318024417e-17)
    (1.9180551086e+02 5.8410872431e-17)
    (2.0148427830e+02 5.9663635665e-17)
);
