// k[EI_O2_EXC_O2_V1RES] [m^3/s] vs reducedE [V m^2]; air_plasma [94c490be646f8872], T_gas = 300.000000 K
(
    (0 0.0000000000e+00)
    (1.0000000000e-22 0.0000000000e+00)
    (1.0452754953e-22 0.0000000000e+00)
    (1.0926008611e-22 0.0000000000e+00)
    (1.1420689063e-22 0.0000000000e+00)
    (1.1937766417e-22 0.0000000000e+00)
    (1.2478254705e-22 0.0000000000e+00)
    (1.3043213867e-22 0.0000000000e+00)
    (1.3633751836e-22 0.0000000000e+00)
    (1.4251026703e-22 0.0000000000e+00)
    (1.4896248996e-22 0.0000000000e+00)
    (1.5570684048e-22 0.0000000000e+00)
    (1.6275654480e-22 0.0000000000e+00)
    (1.7012542799e-22 0.0000000000e+00)
    (1.7782794100e-22 0.0000000000e+00)
    (1.8587918911e-22 0.0000000000e+00)
    (1.9429496147e-22 0.0000000000e+00)
    (2.0309176209e-22 0.0000000000e+00)
    (2.1228684221e-22 0.0000000000e+00)
    (2.2189823415e-22 0.0000000000e+00)
    (2.3194478661e-22 0.0000000000e+00)
    (2.4244620171e-22 0.0000000000e+00)
    (2.5342307358e-22 0.0000000000e+00)
    (2.6489692876e-22 0.0000000000e+00)
    (2.7689026842e-22 0.0000000000e+00)
    (2.8942661247e-22 0.0000000000e+00)
    (3.0253054571e-22 0.0000000000e+00)
    (3.1622776602e-22 0.0000000000e+00)
    (3.3054513476e-22 0.0000000000e+00)
    (3.4551072946e-22 0.0000000000e+00)
    (3.6115389887e-22 0.0000000000e+00)
    (3.7750532053e-22 0.0000000000e+00)
    (3.9459706091e-22 0.0000000000e+00)
    (4.1246263829e-22 0.0000000000e+00)
    (4.3113708854e-22 0.0000000000e+00)
    (4.5065703377e-22 0.0000000000e+00)
    (4.7106075420e-22 0.0000000000e+00)
    (4.9238826317e-22 0.0000000000e+00)
    (5.1468138568e-22 0.0000000000e+00)
    (5.3798384034e-22 0.0000000000e+00)
    (5.6234132519e-22 0.0000000000e+00)
    (5.8780160723e-22 0.0000000000e+00)
    (6.1441461614e-22 0.0000000000e+00)
    (6.4223254222e-22 0.0000000000e+00)
    (6.7130993868e-22 0.0000000000e+00)
    (7.0170382867e-22 0.0000000000e+00)
    (7.3347381708e-22 0.0000000000e+00)
    (7.6668220745e-22 0.0000000000e+00)
    (8.0139412415e-22 0.0000000000e+00)
    (8.3767764007e-22 0.0000000000e+00)
    (8.7560391014e-22 0.0000000000e+00)
    (9.1524731088e-22 0.0000000000e+00)
    (9.5668558622e-22 0.0000000000e+00)
    (1.0000000000e-21 0.0000000000e+00)
    (1.0452754953e-21 0.0000000000e+00)
    (1.0926008611e-21 0.0000000000e+00)
    (1.1420689063e-21 0.0000000000e+00)
    (1.1937766417e-21 0.0000000000e+00)
    (1.2478254705e-21 0.0000000000e+00)
    (1.3043213867e-21 0.0000000000e+00)
    (1.3633751836e-21 0.0000000000e+00)
    (1.4251026703e-21 0.0000000000e+00)
    (1.4896248996e-21 0.0000000000e+00)
    (1.5570684048e-21 0.0000000000e+00)
    (1.6275654480e-21 0.0000000000e+00)
    (1.7012542799e-21 0.0000000000e+00)
    (1.7782794100e-21 0.0000000000e+00)
    (1.8587918911e-21 0.0000000000e+00)
    (1.9429496147e-21 0.0000000000e+00)
    (2.0309176209e-21 0.0000000000e+00)
    (2.1228684221e-21 0.0000000000e+00)
    (2.2189823415e-21 0.0000000000e+00)
    (2.3194478661e-21 0.0000000000e+00)
    (2.4244620171e-21 0.0000000000e+00)
    (2.5342307358e-21 0.0000000000e+00)
    (2.6489692876e-21 0.0000000000e+00)
    (2.7689026842e-21 0.0000000000e+00)
    (2.8942661247e-21 0.0000000000e+00)
    (3.0253054571e-21 0.0000000000e+00)
    (3.1622776602e-21 0.0000000000e+00)
    (3.3054513476e-21 0.0000000000e+00)
    (3.4551072946e-21 0.0000000000e+00)
    (3.6115389887e-21 0.0000000000e+00)
    (3.7750532053e-21 0.0000000000e+00)
    (3.9459706091e-21 0.0000000000e+00)
    (4.1246263829e-21 0.0000000000e+00)
    (4.3113708854e-21 0.0000000000e+00)
    (4.5065703377e-21 0.0000000000e+00)
    (4.7106075420e-21 0.0000000000e+00)
    (4.9238826317e-21 0.0000000000e+00)
    (5.1468138568e-21 0.0000000000e+00)
    (5.3798384034e-21 0.0000000000e+00)
    (5.6234132519e-21 0.0000000000e+00)
    (5.8780160723e-21 0.0000000000e+00)
    (6.1441461614e-21 0.0000000000e+00)
    (6.4223254222e-21 0.0000000000e+00)
    (6.7130993868e-21 0.0000000000e+00)
    (7.0170382867e-21 0.0000000000e+00)
    (7.3347381708e-21 0.0000000000e+00)
    (7.6668220745e-21 0.0000000000e+00)
    (8.0139412415e-21 0.0000000000e+00)
    (8.3767764007e-21 0.0000000000e+00)
    (8.7560391014e-21 0.0000000000e+00)
    (9.1524731088e-21 0.0000000000e+00)
    (9.5668558622e-21 0.0000000000e+00)
    (1.0000000000e-20 0.0000000000e+00)
    (1.0452754953e-20 0.0000000000e+00)
    (1.0926008611e-20 0.0000000000e+00)
    (1.1420689063e-20 0.0000000000e+00)
    (1.1937766417e-20 0.0000000000e+00)
    (1.2478254705e-20 0.0000000000e+00)
    (1.3043213867e-20 0.0000000000e+00)
    (1.3633751836e-20 0.0000000000e+00)
    (1.4251026703e-20 0.0000000000e+00)
    (1.4896248996e-20 0.0000000000e+00)
    (1.5570684048e-20 0.0000000000e+00)
    (1.6275654480e-20 0.0000000000e+00)
    (1.7012542799e-20 0.0000000000e+00)
    (1.7782794100e-20 0.0000000000e+00)
    (1.8587918911e-20 0.0000000000e+00)
    (1.9429496147e-20 0.0000000000e+00)
    (2.0309176209e-20 0.0000000000e+00)
    (2.1228684221e-20 0.0000000000e+00)
    (2.2189823415e-20 5.5260893398e-21)
    (2.3194478661e-20 1.0244625819e-20)
    (2.4244620171e-20 1.8380008913e-20)
    (2.5342307358e-20 3.2047203995e-20)
    (2.6489692876e-20 5.4437855215e-20)
    (2.7689026842e-20 1.3450574275e-19)
    (2.8942661247e-20 2.1659911501e-19)
    (3.0253054571e-20 3.4757088610e-19)
    (3.1622776602e-20 5.4684922787e-19)
    (3.3054513476e-20 8.5497156325e-19)
    (3.4551072946e-20 1.2940828020e-18)
    (3.6115389887e-20 1.9250780989e-18)
    (3.7750532053e-20 2.8164216708e-18)
    (3.9459706091e-20 4.0858720822e-18)
    (4.1246263829e-20 5.7873593829e-18)
    (4.3113708854e-20 8.0771531240e-18)
    (4.5065703377e-20 1.1112949241e-17)
    (4.7106075420e-20 1.5079522050e-17)
    (4.9238826317e-20 2.0355447265e-17)
    (5.1468138568e-20 2.6873779318e-17)
    (5.3798384034e-20 3.5035111883e-17)
    (5.6234132519e-20 4.5116538673e-17)
    (5.8780160723e-20 5.7614798284e-17)
    (6.1441461614e-20 7.2414279688e-17)
    (6.4223254222e-20 8.9978649946e-17)
    (6.7130993868e-20 1.1055590100e-16)
    (7.0170382867e-20 1.3435525671e-16)
    (7.3347381708e-20 1.6190572461e-16)
    (7.6668220745e-20 1.9254276223e-16)
    (8.0139412415e-20 2.2666804963e-16)
    (8.3767764007e-20 2.6422780489e-16)
    (8.7560391014e-20 3.0509083823e-16)
    (9.1524731088e-20 3.4986252255e-16)
    (9.5668558622e-20 3.9663875135e-16)
    (1.0000000000e-19 4.4590547493e-16)
    (1.0452754953e-19 4.9729163233e-16)
    (1.0926008611e-19 5.5060197198e-16)
    (1.1420689063e-19 6.0499625149e-16)
    (1.1937766417e-19 6.6027496536e-16)
    (1.2478254705e-19 7.1602778410e-16)
    (1.3043213867e-19 7.7186213310e-16)
    (1.3633751836e-19 8.2787044100e-16)
    (1.4251026703e-19 8.8270108658e-16)
    (1.4896248996e-19 9.3661141132e-16)
    (1.5570684048e-19 9.8933002100e-16)
    (1.6275654480e-19 1.0406185645e-15)
    (1.7012542799e-19 1.0904311214e-15)
    (1.7782794100e-19 1.1382280287e-15)
    (1.8587918911e-19 1.1840702049e-15)
    (1.9429496147e-19 1.2278345770e-15)
    (2.0309176209e-19 1.2694212098e-15)
    (2.1228684221e-19 1.3087510046e-15)
    (2.2189823415e-19 1.3457635535e-15)
    (2.3194478661e-19 1.3804151605e-15)
    (2.4244620171e-19 1.4124337702e-15)
    (2.5342307358e-19 1.4422901252e-15)
    (2.6489692876e-19 1.4696005642e-15)
    (2.7689026842e-19 1.4946459929e-15)
    (2.8942661247e-19 1.5173033612e-15)
    (3.0253054571e-19 1.5375971841e-15)
    (3.1622776602e-19 1.5554762919e-15)
    (3.3054513476e-19 1.5711319867e-15)
    (3.4551072946e-19 1.5845350473e-15)
    (3.6115389887e-19 1.5963030652e-15)
    (3.7750532053e-19 1.6052794671e-15)
    (3.9459706091e-19 1.6121586875e-15)
    (4.1246263829e-19 1.6169955157e-15)
    (4.3113708854e-19 1.6198466623e-15)
    (4.5065703377e-19 1.6207702908e-15)
    (4.7106075420e-19 1.6192897462e-15)
    (4.9238826317e-19 1.6165746344e-15)
    (5.1468138568e-19 1.6121074033e-15)
    (5.3798384034e-19 1.6059516644e-15)
    (5.6234132519e-19 1.5978645514e-15)
    (5.8780160723e-19 1.5885406327e-15)
    (6.1441461614e-19 1.5777090451e-15)
    (6.4223254222e-19 1.5490305609e-15)
    (6.7130993868e-19 1.5306892275e-15)
    (7.0170382867e-19 1.5110431853e-15)
    (7.3347381708e-19 1.4899045709e-15)
    (7.6668220745e-19 1.4673556628e-15)
    (8.0139412415e-19 1.4433247767e-15)
    (8.3767764007e-19 1.4182535283e-15)
    (8.7560391014e-19 1.3916677385e-15)
    (9.1524731088e-19 1.3644446566e-15)
    (9.5668558622e-19 1.3362622772e-15)
    (1.0000000000e-18 1.3069792411e-15)
    (1.0452754953e-18 1.2771569421e-15)
    (1.0926008611e-18 1.2466489033e-15)
    (1.1420689063e-18 1.2153199956e-15)
    (1.1937766417e-18 1.1837059820e-15)
    (1.2478254705e-18 1.1516729133e-15)
    (1.3043213867e-18 1.1192999681e-15)
    (1.3633751836e-18 1.0863274779e-15)
    (1.4251026703e-18 1.0535608424e-15)
    (1.4896248996e-18 1.0206939417e-15)
    (1.5570684048e-18 9.8748663025e-16)
    (1.6275654480e-18 9.5467633094e-16)
    (1.7012542799e-18 9.2198183837e-16)
    (1.7782794100e-18 8.8944850602e-16)
    (1.8587918911e-18 8.5699453805e-16)
    (1.9429496147e-18 8.2505283090e-16)
    (2.0309176209e-18 7.9344821367e-16)
    (2.1228684221e-18 7.6219239219e-16)
    (2.2189823415e-18 7.3149436919e-16)
    (2.3194478661e-18 7.0127555618e-16)
    (2.4244620171e-18 6.7140637154e-16)
    (2.5342307358e-18 6.4237373858e-16)
    (2.6489692876e-18 6.1371610688e-16)
    (2.7689026842e-18 5.8516350122e-16)
    (2.8942661247e-18 5.5892105957e-16)
    (3.0253054571e-18 5.3238818760e-16)
    (3.1622776602e-18 5.0576206387e-16)
    (3.3054513476e-18 4.8185179431e-16)
    (3.4551072946e-18 4.5700542863e-16)
    (3.6115389887e-18 4.3420825916e-16)
    (3.7750532053e-18 4.1165029315e-16)
    (3.9459706091e-18 3.8890837359e-16)
    (4.1246263829e-18 3.6838201871e-16)
    (4.3113708854e-18 3.4774719133e-16)
    (4.5065703377e-18 3.2856889925e-16)
    (4.7106075420e-18 3.0980395893e-16)
    (4.9238826317e-18 2.9178898577e-16)
    (5.1468138568e-18 2.7433376603e-16)
    (5.3798384034e-18 2.5781617085e-16)
    (5.6234132519e-18 2.4198009141e-16)
    (5.8780160723e-18 2.2689266347e-16)
    (6.1441461614e-18 2.1238164938e-16)
    (6.4223254222e-18 1.9867122087e-16)
    (6.7130993868e-18 1.8561156868e-16)
    (7.0170382867e-18 1.7317632609e-16)
    (7.3347381708e-18 1.6138907819e-16)
    (7.6668220745e-18 1.4996775030e-16)
    (8.0139412415e-18 1.3970180531e-16)
    (8.3767764007e-18 1.2968379299e-16)
    (8.7560391014e-18 1.1984535642e-16)
    (9.1524731088e-18 1.1102747862e-16)
    (9.5668558622e-18 1.0245593130e-16)
    (1.0000000000e-17 9.4623653207e-17)
);
