// k[EI_N2_EXC_N2_A3_V5_9] [m^3/s] vs mean energy [eV]; air_plasma [94c490be646f8872], T_gas = 300.000000 K
(
    (0 0.0000000000e+00)
    (1.3716736877e-01 0.0000000000e+00)
    (1.4076967004e-01 0.0000000000e+00)
    (1.4397591983e-01 0.0000000000e+00)
    (1.4684102077e-01 0.0000000000e+00)
    (1.4941193350e-01 0.0000000000e+00)
    (1.5172852860e-01 0.0000000000e+00)
    (1.5382471337e-01 0.0000000000e+00)
    (1.5572953486e-01 0.0000000000e+00)
    (1.5746814299e-01 0.0000000000e+00)
    (1.5906258451e-01 0.0000000000e+00)
    (1.6040177321e-01 0.0000000000e+00)
    (1.6189529828e-01 0.0000000000e+00)
    (1.6316717670e-01 0.0000000000e+00)
    (1.6436277106e-01 0.0000000000e+00)
    (1.6549569504e-01 0.0000000000e+00)
    (1.6657864137e-01 0.0000000000e+00)
    (1.6762350584e-01 0.0000000000e+00)
    (1.6865351356e-01 0.0000000000e+00)
    (1.6965530759e-01 0.0000000000e+00)
    (1.7065088677e-01 0.0000000000e+00)
    (1.7163694874e-01 0.0000000000e+00)
    (1.7264754568e-01 0.0000000000e+00)
    (1.7367870384e-01 0.0000000000e+00)
    (1.7473842382e-01 0.0000000000e+00)
    (1.7583425455e-01 0.0000000000e+00)
    (1.7697330632e-01 0.0000000000e+00)
    (1.7816226381e-01 0.0000000000e+00)
    (1.7940739973e-01 0.0000000000e+00)
    (1.8071459251e-01 0.0000000000e+00)
    (1.8208934620e-01 0.0000000000e+00)
    (1.8353681581e-01 0.0000000000e+00)
    (1.8506183817e-01 0.0000000000e+00)
    (1.8666896889e-01 0.0000000000e+00)
    (1.8836252602e-01 0.0000000000e+00)
    (1.9014664040e-01 0.0000000000e+00)
    (1.9202531289e-01 0.0000000000e+00)
    (1.9400247796e-01 0.0000000000e+00)
    (1.9608207355e-01 0.0000000000e+00)
    (1.9826811637e-01 0.0000000000e+00)
    (2.0056478234e-01 0.0000000000e+00)
    (2.0297649148e-01 0.0000000000e+00)
    (2.0550799658e-01 0.0000000000e+00)
    (2.0816447512e-01 0.0000000000e+00)
    (2.1095162348e-01 0.0000000000e+00)
    (2.1387575250e-01 0.0000000000e+00)
    (2.1694252519e-01 0.0000000000e+00)
    (2.2014784268e-01 0.0000000000e+00)
    (2.2353442384e-01 0.0000000000e+00)
    (2.2709473824e-01 0.0000000000e+00)
    (2.3084124291e-01 0.0000000000e+00)
    (2.3479830546e-01 0.0000000000e+00)
    (2.3896127860e-01 0.0000000000e+00)
    (2.4336008158e-01 0.0000000000e+00)
    (2.4801609114e-01 0.0000000000e+00)
    (2.5295357748e-01 0.0000000000e+00)
    (2.5819912151e-01 0.0000000000e+00)
    (2.6378573470e-01 0.0000000000e+00)
    (2.6974624072e-01 0.0000000000e+00)
    (2.7611826438e-01 0.0000000000e+00)
    (2.8294267020e-01 0.0000000000e+00)
    (2.9026318406e-01 0.0000000000e+00)
    (2.9812578117e-01 0.0000000000e+00)
    (3.0657780390e-01 0.0000000000e+00)
    (3.1566679772e-01 0.0000000000e+00)
    (3.2543906532e-01 0.0000000000e+00)
    (3.3590884834e-01 0.0000000000e+00)
    (3.4717220621e-01 0.0000000000e+00)
    (3.5923181777e-01 0.0000000000e+00)
    (3.7211011301e-01 0.0000000000e+00)
    (3.8581857835e-01 0.0000000000e+00)
    (4.0035607801e-01 0.0000000000e+00)
    (4.1570758173e-01 0.0000000000e+00)
    (4.3184341715e-01 0.0000000000e+00)
    (4.4871913847e-01 0.0000000000e+00)
    (4.6627605897e-01 0.0000000000e+00)
    (4.8444243519e-01 0.0000000000e+00)
    (5.0313523891e-01 0.0000000000e+00)
    (5.2226241062e-01 0.0000000000e+00)
    (5.4172544282e-01 0.0000000000e+00)
    (5.6142213216e-01 0.0000000000e+00)
    (5.8124933256e-01 0.0000000000e+00)
    (6.0110555710e-01 0.0000000000e+00)
    (6.2089330726e-01 0.0000000000e+00)
    (6.4052103707e-01 0.0000000000e+00)
    (6.5990470387e-01 0.0000000000e+00)
    (6.7896888897e-01 0.0000000000e+00)
    (6.9764750311e-01 0.0000000000e+00)
    (7.1588411412e-01 0.0000000000e+00)
    (7.3358636508e-01 0.0000000000e+00)
    (7.5079956951e-01 0.0000000000e+00)
    (7.6745533679e-01 0.0000000000e+00)
    (7.8353256295e-01 0.0000000000e+00)
    (7.9901751861e-01 0.0000000000e+00)
    (8.1390305888e-01 0.0000000000e+00)
    (8.2818781969e-01 0.0000000000e+00)
    (8.4187543085e-01 0.0000000000e+00)
    (8.5497376287e-01 0.0000000000e+00)
    (8.6749422815e-01 0.0000000000e+00)
    (8.7945114297e-01 0.0000000000e+00)
    (8.9086115759e-01 0.0000000000e+00)
    (9.0174275648e-01 0.0000000000e+00)
    (9.1211582875e-01 0.0000000000e+00)
    (9.2200130648e-01 0.0000000000e+00)
    (9.3142086729e-01 0.0000000000e+00)
    (9.4039669615e-01 0.0000000000e+00)
    (9.4895130096e-01 0.0000000000e+00)
    (9.5710737510e-01 0.0000000000e+00)
    (9.6488770191e-01 0.0000000000e+00)
    (9.7229590192e-01 0.0000000000e+00)
    (9.7938516542e-01 0.0000000000e+00)
    (9.8616492913e-01 0.0000000000e+00)
    (9.9265725317e-01 0.0000000000e+00)
    (9.9888404860e-01 0.0000000000e+00)
    (1.0048670852e+00 0.0000000000e+00)
    (1.0106280054e+00 0.0000000000e+00)
    (1.0161883420e+00 0.0000000000e+00)
    (1.0215695391e+00 0.0000000000e+00)
    (1.0267929757e+00 0.0000000000e+00)
    (1.0318799893e+00 0.0000000000e+00)
    (1.0368231641e+00 0.0000000000e+00)
    (1.0417033534e+00 0.0000000000e+00)
    (1.0465120896e+00 0.0000000000e+00)
    (1.0510868798e+00 0.0000000000e+00)
    (1.0558591901e+00 0.0000000000e+00)
    (1.0606532011e+00 0.0000000000e+00)
    (1.0655074194e+00 0.0000000000e+00)
    (1.0704684867e+00 0.0000000000e+00)
    (1.0751997672e+00 1.9645121533e-21)
    (1.0804337616e+00 3.4808761504e-21)
    (1.0860944535e+00 5.9820813282e-21)
    (1.0921800381e+00 1.0062776324e-20)
    (1.0986620877e+00 1.6772553181e-20)
    (1.1060807526e+00 2.7079577690e-20)
    (1.1144567561e+00 4.2910250895e-20)
    (1.1240549775e+00 6.6786703323e-20)
    (1.1350476809e+00 1.0266018508e-19)
    (1.1481500995e+00 1.5426731664e-19)
    (1.1636258812e+00 2.2816574549e-19)
    (1.1819885899e+00 3.3233095243e-19)
    (1.2038177966e+00 4.7692950926e-19)
    (1.2301634388e+00 6.8001838437e-19)
    (1.2609969543e+00 9.4772016866e-19)
    (1.2973623006e+00 1.3031674006e-18)
    (1.3400043215e+00 1.7686013368e-18)
    (1.3902463429e+00 2.3782588148e-18)
    (1.4476740785e+00 3.1456069050e-18)
    (1.5134371384e+00 4.1103342603e-18)
    (1.5880617826e+00 5.3075680360e-18)
    (1.6719409929e+00 6.7745253791e-18)
    (1.7660607105e+00 8.5692259469e-18)
    (1.8689224005e+00 1.0691092325e-17)
    (1.9811674964e+00 1.3197150888e-17)
    (2.1024762198e+00 1.6123445963e-17)
    (2.2323544675e+00 1.9503261506e-17)
    (2.3723894726e+00 2.3420051103e-17)
    (2.5173051541e+00 2.7793330555e-17)
    (2.6685098823e+00 3.2695862257e-17)
    (2.8251127843e+00 3.8144125658e-17)
    (2.9864403845e+00 4.4165610970e-17)
    (3.1511716903e+00 5.0736688465e-17)
    (3.3187345263e+00 5.7877569696e-17)
    (3.4884072284e+00 6.5589255639e-17)
    (3.6595680228e+00 7.3870033514e-17)
    (3.8329812660e+00 8.2761653067e-17)
    (4.0054036492e+00 9.2158749451e-17)
    (4.1781426573e+00 1.0210782304e-16)
    (4.3510158689e+00 1.1260020312e-16)
    (4.5239369983e+00 1.2362591540e-16)
    (4.6971621121e+00 1.3519213899e-16)
    (4.8701409953e+00 1.4724472061e-16)
    (5.0433978978e+00 1.5979312032e-16)
    (5.2171246267e+00 1.7282173031e-16)
    (5.3915564382e+00 1.8631319291e-16)
    (5.5669629670e+00 2.0024825190e-16)
    (5.7436400435e+00 2.1460561989e-16)
    (5.9219025871e+00 2.2936187710e-16)
    (6.1010979376e+00 2.4445607871e-16)
    (6.2835570479e+00 2.5993253618e-16)
    (6.4679920423e+00 2.7570100510e-16)
    (6.6560078497e+00 2.9177962892e-16)
    (6.8473428104e+00 3.0811064730e-16)
    (7.0423340172e+00 3.2465889738e-16)
    (7.2409465159e+00 3.4136672622e-16)
    (7.4442081970e+00 3.5823563376e-16)
    (7.6521663603e+00 3.7520961096e-16)
    (7.8676105910e+00 3.9238725325e-16)
    (8.0858487204e+00 4.0944219590e-16)
    (8.3098278044e+00 4.2648447165e-16)
    (8.5398932950e+00 4.4347467820e-16)
    (8.7763949131e+00 4.6037381490e-16)
    (9.0196879697e+00 4.7714348326e-16)
    (9.2670974766e+00 4.9358898434e-16)
    (9.5251096885e+00 5.0999245591e-16)
    (9.7910839770e+00 5.2615509273e-16)
    (1.0065371630e+01 5.4204280275e-16)
    (1.0346344593e+01 5.5751923803e-16)
    (1.0638438926e+01 5.7276154738e-16)
    (1.0940187398e+01 5.8763037391e-16)
    (1.1925355136e+01 6.3435053118e-16)
    (1.2308824412e+01 6.4911269596e-16)
    (1.2709276652e+01 6.6335158943e-16)
    (1.3126439691e+01 6.7693123807e-16)
    (1.3561263285e+01 6.8981117091e-16)
    (1.4012493747e+01 7.0186790811e-16)
    (1.4484291915e+01 7.1324144452e-16)
    (1.4973992379e+01 7.2361623770e-16)
    (1.5487666223e+01 7.3336086424e-16)
    (1.6023909695e+01 7.4224004925e-16)
    (1.6583468512e+01 7.5011413805e-16)
    (1.7168941463e+01 7.5718614168e-16)
    (1.7781023451e+01 7.6332142024e-16)
    (1.8422151615e+01 7.6840085003e-16)
    (1.9092649339e+01 7.7260437299e-16)
    (1.9794733945e+01 7.7582440841e-16)
    (2.0530664058e+01 7.7804885744e-16)
    (2.1299508263e+01 7.7904210273e-16)
    (2.2109288431e+01 7.7927410759e-16)
    (2.2959485968e+01 7.7849693253e-16)
    (2.3850104879e+01 7.7649514232e-16)
    (2.4788921536e+01 7.7372591518e-16)
    (2.5776295005e+01 7.6996274140e-16)
    (2.6817698048e+01 7.6520520064e-16)
    (2.7909067436e+01 7.5933093102e-16)
    (2.9061538888e+01 7.5268047568e-16)
    (3.0279874265e+01 7.4508686844e-16)
    (3.1556757395e+01 7.3650565496e-16)
    (3.2908931845e+01 7.2715434253e-16)
    (3.4342348823e+01 7.1693687339e-16)
    (3.5842127009e+01 7.0578148986e-16)
    (3.7437719791e+01 6.9401109412e-16)
    (3.9117090489e+01 6.8128422896e-16)
    (4.0644106575e+01 6.6713503023e-16)
    (4.2796040127e+01 6.5426730328e-16)
    (4.4789131155e+01 6.3964650321e-16)
    (4.6589221150e+01 6.2376733840e-16)
    (4.9179324484e+01 6.0913701876e-16)
    (5.1201199815e+01 5.9255429434e-16)
    (5.4099126670e+01 5.7669509518e-16)
    (5.6778858337e+01 5.5984989800e-16)
    (5.9117854096e+01 5.4199443082e-16)
    (6.2718461942e+01 5.2530866263e-16)
    (6.5410085846e+01 5.0741855668e-16)
    (6.9496742822e+01 4.9012754000e-16)
    (7.3180976752e+01 4.7227096607e-16)
    (7.7182577491e+01 4.5443349337e-16)
    (8.1420085225e+01 4.3641870491e-16)
    (8.6011788405e+01 4.1861363508e-16)
    (9.0867763137e+01 4.0080690720e-16)
    (9.6165388139e+01 3.8320939259e-16)
    (1.0177823578e+02 3.6565175330e-16)
    (1.0792309375e+02 3.4842843287e-16)
    (1.1458604701e+02 3.3143130373e-16)
    (1.2160542734e+02 3.1467441570e-16)
    (1.2939531717e+02 2.9827281047e-16)
    (1.3542361118e+02 2.8158984381e-16)
    (1.4388362195e+02 2.6585151056e-16)
    (1.5371740495e+02 2.5068056706e-16)
    (1.6736124994e+02 2.3612862379e-16)
    (1.7556818514e+02 2.2090721245e-16)
    (1.9180551086e+02 2.0768237234e-16)
    (2.0148427830e+02 1.9344332184e-16)
);
