// k[EI_N2_EXC_N2_V3] [m^3/s] vs mean energy [eV]; air_plasma [94c490be646f8872], T_gas = 300.000000 K
(
    (0 0.0000000000e+00)
    (1.3716736877e-01 0.0000000000e+00)
    (1.4076967004e-01 0.0000000000e+00)
    (1.4397591983e-01 0.0000000000e+00)
    (1.4684102077e-01 0.0000000000e+00)
    (1.4941193350e-01 0.0000000000e+00)
    (1.5172852860e-01 0.0000000000e+00)
    (1.5382471337e-01 0.0000000000e+00)
    (1.5572953486e-01 0.0000000000e+00)
    (1.5746814299e-01 0.0000000000e+00)
    (1.5906258451e-01 0.0000000000e+00)
    (1.6040177321e-01 0.0000000000e+00)
    (1.6189529828e-01 0.0000000000e+00)
    (1.6316717670e-01 0.0000000000e+00)
    (1.6436277106e-01 0.0000000000e+00)
    (1.6549569504e-01 0.0000000000e+00)
    (1.6657864137e-01 0.0000000000e+00)
    (1.6762350584e-01 0.0000000000e+00)
    (1.6865351356e-01 0.0000000000e+00)
    (1.6965530759e-01 0.0000000000e+00)
    (1.7065088677e-01 0.0000000000e+00)
    (1.7163694874e-01 0.0000000000e+00)
    (1.7264754568e-01 0.0000000000e+00)
    (1.7367870384e-01 0.0000000000e+00)
    (1.7473842382e-01 0.0000000000e+00)
    (1.7583425455e-01 0.0000000000e+00)
    (1.7697330632e-01 0.0000000000e+00)
    (1.7816226381e-01 0.0000000000e+00)
    (1.7940739973e-01 0.0000000000e+00)
    (1.8071459251e-01 0.0000000000e+00)
    (1.8208934620e-01 0.0000000000e+00)
    (1.8353681581e-01 0.0000000000e+00)
    (1.8506183817e-01 0.0000000000e+00)
    (1.8666896889e-01 0.0000000000e+00)
    (1.8836252602e-01 0.0000000000e+00)
    (1.9014664040e-01 0.0000000000e+00)
    (1.9202531289e-01 0.0000000000e+00)
    (1.9400247796e-01 0.0000000000e+00)
    (1.9608207355e-01 0.0000000000e+00)
    (1.9826811637e-01 0.0000000000e+00)
    (2.0056478234e-01 0.0000000000e+00)
    (2.0297649148e-01 0.0000000000e+00)
    (2.0550799658e-01 0.0000000000e+00)
    (2.0816447512e-01 0.0000000000e+00)
    (2.1095162348e-01 0.0000000000e+00)
    (2.1387575250e-01 0.0000000000e+00)
    (2.1694252519e-01 0.0000000000e+00)
    (2.2014784268e-01 0.0000000000e+00)
    (2.2353442384e-01 0.0000000000e+00)
    (2.2709473824e-01 0.0000000000e+00)
    (2.3084124291e-01 0.0000000000e+00)
    (2.3479830546e-01 0.0000000000e+00)
    (2.3896127860e-01 0.0000000000e+00)
    (2.4336008158e-01 0.0000000000e+00)
    (2.4801609114e-01 0.0000000000e+00)
    (2.5295357748e-01 0.0000000000e+00)
    (2.5819912151e-01 0.0000000000e+00)
    (2.6378573470e-01 0.0000000000e+00)
    (2.6974624072e-01 0.0000000000e+00)
    (2.7611826438e-01 0.0000000000e+00)
    (2.8294267020e-01 0.0000000000e+00)
    (2.9026318406e-01 0.0000000000e+00)
    (2.9812578117e-01 0.0000000000e+00)
    (3.0657780390e-01 0.0000000000e+00)
    (3.1566679772e-01 0.0000000000e+00)
    (3.2543906532e-01 0.0000000000e+00)
    (3.3590884834e-01 6.8347656490e-24)
    (3.4717220621e-01 1.3894185647e-23)
    (3.5923181777e-01 2.7908875281e-23)
    (3.7211011301e-01 5.5341711296e-23)
    (3.8581857835e-01 1.0694753678e-22)
    (4.0035607801e-01 2.0288998354e-22)
    (4.1570758173e-01 3.7605103745e-22)
    (4.3184341715e-01 6.8600660203e-22)
    (4.4871913847e-01 1.2177870218e-21)
    (4.6627605897e-01 2.1061427552e-21)
    (4.8444243519e-01 3.5585444454e-21)
    (5.0313523891e-01 5.8833425787e-21)
    (5.2226241062e-01 9.5285936136e-21)
    (5.4172544282e-01 1.5130665083e-20)
    (5.6142213216e-01 2.3574074860e-20)
    (5.8124933256e-01 3.6062958306e-20)
    (6.0110555710e-01 5.4203912813e-20)
    (6.2089330726e-01 8.0100176939e-20)
    (6.4052103707e-01 1.1645479648e-19)
    (6.5990470387e-01 1.6668120310e-19)
    (6.7896888897e-01 2.3501791989e-19)
    (6.9764750311e-01 3.2664374311e-19)
    (7.1588411412e-01 4.4778921339e-19)
    (7.3358636508e-01 5.8759444532e-19)
    (7.5079956951e-01 7.8500904705e-19)
    (7.6745533679e-01 1.0368956265e-18)
    (7.8353256295e-01 1.3549539994e-18)
    (7.9901751861e-01 1.7526649659e-18)
    (8.1390305888e-01 2.2454422783e-18)
    (8.2818781969e-01 2.8507919452e-18)
    (8.4187543085e-01 3.5884808196e-18)
    (8.5497376287e-01 4.4807035745e-18)
    (8.6749422815e-01 5.5522548593e-18)
    (8.7945114297e-01 6.8307046168e-18)
    (8.9086115759e-01 8.3465747537e-18)
    (9.0174275648e-01 1.0133515332e-17)
    (9.1211582875e-01 1.2228477944e-17)
    (9.2200130648e-01 1.4671883634e-17)
    (9.3142086729e-01 1.7507782529e-17)
    (9.4039669615e-01 2.0784002404e-17)
    (9.4895130096e-01 2.4552283520e-17)
    (9.5710737510e-01 2.8868397502e-17)
    (9.6488770191e-01 3.3792247914e-17)
    (9.7229590192e-01 3.9339846504e-17)
    (9.7938516542e-01 4.5643579028e-17)
    (9.8616492913e-01 5.2745547958e-17)
    (9.9265725317e-01 6.0717378048e-17)
    (9.9888404860e-01 6.9633468080e-17)
    (1.0048670852e+00 7.9570663960e-17)
    (1.0106280054e+00 9.0607891599e-17)
    (1.0161883420e+00 1.0282575784e-16)
    (1.0215695391e+00 1.1630612921e-16)
    (1.0267929757e+00 1.3113169915e-16)
    (1.0318799893e+00 1.4738555548e-16)
    (1.0368231641e+00 1.6510409592e-16)
    (1.0417033534e+00 1.8445466787e-16)
    (1.0465120896e+00 2.0547905148e-16)
    (1.0510868798e+00 2.2820950492e-16)
    (1.0558591901e+00 2.5280132456e-16)
    (1.0606532011e+00 2.7930104780e-16)
    (1.0655074194e+00 3.0778287681e-16)
    (1.0704684867e+00 3.3831808036e-16)
    (1.0751997672e+00 3.7056331884e-16)
    (1.0804337616e+00 4.0525710406e-16)
    (1.0860944535e+00 4.4229477568e-16)
    (1.0921800381e+00 4.8162974228e-16)
    (1.0986620877e+00 5.2294587930e-16)
    (1.1060807526e+00 5.6696887048e-16)
    (1.1144567561e+00 6.1337448319e-16)
    (1.1240549775e+00 6.6215464380e-16)
    (1.1350476809e+00 7.1184336337e-16)
    (1.1481500995e+00 7.6524022800e-16)
    (1.1636258812e+00 8.2080574655e-16)
    (1.1819885899e+00 8.7838372325e-16)
    (1.2038177966e+00 9.3776242899e-16)
    (1.2301634388e+00 9.9844877173e-16)
    (1.2609969543e+00 1.0604982485e-15)
    (1.2973623006e+00 1.1233152068e-15)
    (1.3400043215e+00 1.1864114522e-15)
    (1.3902463429e+00 1.2480497781e-15)
    (1.4476740785e+00 1.3100248191e-15)
    (1.5134371384e+00 1.3704314825e-15)
    (1.5880617826e+00 1.4285684172e-15)
    (1.6719409929e+00 1.4837247663e-15)
    (1.7660607105e+00 1.5324416374e-15)
    (1.8689224005e+00 1.5796507605e-15)
    (1.9811674964e+00 1.6219689887e-15)
    (2.1024762198e+00 1.6589061156e-15)
    (2.2323544675e+00 1.6900838746e-15)
    (2.3723894726e+00 1.7142767516e-15)
    (2.5173051541e+00 1.7333272284e-15)
    (2.6685098823e+00 1.7462536142e-15)
    (2.8251127843e+00 1.7531842875e-15)
    (2.9864403845e+00 1.7521041315e-15)
    (3.1511716903e+00 1.7480924778e-15)
    (3.3187345263e+00 1.7390179772e-15)
    (3.4884072284e+00 1.7253256659e-15)
    (3.6595680228e+00 1.7074904183e-15)
    (3.8329812660e+00 1.6852956474e-15)
    (4.0054036492e+00 1.6607039060e-15)
    (4.1781426573e+00 1.6334072099e-15)
    (4.3510158689e+00 1.6038449333e-15)
    (4.5239369983e+00 1.5724250966e-15)
    (4.6971621121e+00 1.5387656584e-15)
    (4.8701409953e+00 1.5048028697e-15)
    (5.0433978978e+00 1.4699779754e-15)
    (5.2171246267e+00 1.4345526939e-15)
    (5.3915564382e+00 1.3987541175e-15)
    (5.5669629670e+00 1.3627772168e-15)
    (5.7436400435e+00 1.3267877113e-15)
    (5.9219025871e+00 1.2909250943e-15)
    (6.1010979376e+00 1.2547910445e-15)
    (6.2835570479e+00 1.2195765977e-15)
    (6.4679920423e+00 1.1846372544e-15)
    (6.6560078497e+00 1.1503216982e-15)
    (6.8473428104e+00 1.1165282567e-15)
    (7.0423340172e+00 1.0832984839e-15)
    (7.2409465159e+00 1.0502299825e-15)
    (7.4442081970e+00 1.0182764144e-15)
    (7.6521663603e+00 9.8695432218e-16)
    (7.8676105910e+00 9.5476620506e-16)
    (8.0858487204e+00 9.2483974195e-16)
    (8.3098278044e+00 8.9557036738e-16)
    (8.5398932950e+00 8.6696141894e-16)
    (8.7763949131e+00 8.3901380678e-16)
    (9.0196879697e+00 8.1172643272e-16)
    (9.2670974766e+00 7.8567230599e-16)
    (9.5251096885e+00 7.5965740798e-16)
    (9.7910839770e+00 7.3429210440e-16)
    (1.0065371630e+01 7.0956971845e-16)
    (1.0346344593e+01 6.8547437492e-16)
    (1.0638438926e+01 6.6200576479e-16)
    (1.0940187398e+01 6.3915797372e-16)
    (1.1925355136e+01 5.6257287907e-16)
    (1.2308824412e+01 5.3878009582e-16)
    (1.2709276652e+01 5.1647443065e-16)
    (1.3126439691e+01 4.9485041740e-16)
    (1.3561263285e+01 4.7390101300e-16)
    (1.4012493747e+01 4.5433443048e-16)
    (1.4484291915e+01 4.3464780807e-16)
    (1.4973992379e+01 4.1488289353e-16)
    (1.5487666223e+01 3.9659099638e-16)
    (1.6023909695e+01 3.7892730689e-16)
    (1.6583468512e+01 3.6204834575e-16)
    (1.7168941463e+01 3.4557795625e-16)
    (1.7781023451e+01 3.2970460954e-16)
    (1.8422151615e+01 3.1440391042e-16)
    (1.9092649339e+01 2.9968155200e-16)
    (1.9794733945e+01 2.8551463701e-16)
    (2.0530664058e+01 2.7188753054e-16)
    (2.1299508263e+01 2.5831043860e-16)
    (2.2109288431e+01 2.4578333796e-16)
    (2.2959485968e+01 2.3374784468e-16)
    (2.3850104879e+01 2.2251537084e-16)
    (2.4788921536e+01 2.1137899588e-16)
    (2.5776295005e+01 2.0070033725e-16)
    (2.6817698048e+01 1.9046021157e-16)
    (2.7909067436e+01 1.8077931631e-16)
    (2.9061538888e+01 1.7136990923e-16)
    (3.0279874265e+01 1.6236118450e-16)
    (3.1556757395e+01 1.5341668827e-16)
    (3.2908931845e+01 1.4523644665e-16)
    (3.4342348823e+01 1.3741036970e-16)
    (3.5842127009e+01 1.2982325017e-16)
    (3.7437719791e+01 1.2270924909e-16)
    (3.9117090489e+01 1.1603920780e-16)
    (4.0644106575e+01 1.0929616205e-16)
    (4.2796040127e+01 1.0334767453e-16)
    (4.4789131155e+01 9.7520337895e-17)
    (4.6589221150e+01 9.1605435789e-17)
    (4.9179324484e+01 8.6518550221e-17)
    (5.1201199815e+01 8.1252627675e-17)
    (5.4099126670e+01 7.6524718385e-17)
    (5.6778858337e+01 7.1905749716e-17)
    (5.9117854096e+01 6.7529703472e-17)
    (6.2718461942e+01 6.3324495529e-17)
    (6.5410085846e+01 5.9502241116e-17)
    (6.9496742822e+01 5.5694296851e-17)
    (7.3180976752e+01 5.2209449476e-17)
    (7.7182577491e+01 4.8871873187e-17)
    (8.1420085225e+01 4.5706341696e-17)
    (8.6011788405e+01 4.2718407612e-17)
    (9.0867763137e+01 3.9918530987e-17)
    (9.6165388139e+01 3.7245310372e-17)
    (1.0177823578e+02 3.4719879537e-17)
    (1.0792309375e+02 3.2337013779e-17)
    (1.1458604701e+02 3.0087623070e-17)
    (1.2160542734e+02 2.7982412592e-17)
    (1.2939531717e+02 2.5983655408e-17)
    (1.3542361118e+02 2.4161673947e-17)
    (1.4388362195e+02 2.2394477500e-17)
    (1.5371740495e+02 2.0730472120e-17)
    (1.6736124994e+02 1.9096464686e-17)
    (1.7556818514e+02 1.7604699425e-17)
    (1.9180551086e+02 1.6258511106e-17)
    (2.0148427830e+02 1.4901148373e-17)
);
