// k[EI_O2_EXC_O2_V1] [m^3/s] vs reducedE [V m^2]; air_plasma [94c490be646f8872], T_gas = 300.000000 K
(
    (0 2.6792957091e-18)
    (1.0000000000e-22 2.6792957091e-18)
    (1.0452754953e-22 3.0111784840e-18)
    (1.0926008611e-22 3.3629853528e-18)
    (1.1420689063e-22 3.7364306086e-18)
    (1.1937766417e-22 4.1332490886e-18)
    (1.2478254705e-22 4.5551691515e-18)
    (1.3043213867e-22 5.0039077250e-18)
    (1.3633751836e-22 5.4811796634e-18)
    (1.4251026703e-22 5.9887151987e-18)
    (1.4896248996e-22 6.5282825671e-18)
    (1.5570684048e-22 7.3680937087e-18)
    (1.6275654480e-22 7.7109321707e-18)
    (1.7012542799e-22 8.3579837222e-18)
    (1.7782794100e-22 9.0450659061e-18)
    (1.8587918911e-22 9.7745601997e-18)
    (1.9429496147e-22 1.0549063954e-17)
    (2.0309176209e-22 1.1371422831e-17)
    (2.1228684221e-22 1.2232070518e-17)
    (2.2189823415e-22 1.3157608900e-17)
    (2.3194478661e-22 1.4140820884e-17)
    (2.4244620171e-22 1.5192385557e-17)
    (2.5342307358e-22 1.6303757354e-17)
    (2.6489692876e-22 1.7486202834e-17)
    (2.7689026842e-22 1.8745020212e-17)
    (2.8942661247e-22 2.0085981290e-17)
    (3.0253054571e-22 2.1515359544e-17)
    (3.1622776602e-22 2.3039957928e-17)
    (3.3054513476e-22 2.4667135890e-17)
    (3.4551072946e-22 2.6404836568e-17)
    (3.6115389887e-22 2.8261612493e-17)
    (3.7750532053e-22 3.0246650636e-17)
    (3.9459706091e-22 3.2369795939e-17)
    (4.1246263829e-22 3.4641572856e-17)
    (4.3113708854e-22 3.7073204171e-17)
    (4.5065703377e-22 3.9676626185e-17)
    (4.7106075420e-22 4.2464499095e-17)
    (4.9238826317e-22 4.5450211181e-17)
    (5.1468138568e-22 4.8647875059e-17)
    (5.3798384034e-22 5.2072314013e-17)
    (5.6234132519e-22 5.5739036016e-17)
    (5.8780160723e-22 5.9664192764e-17)
    (6.1441461614e-22 6.3864520687e-17)
    (6.4223254222e-22 6.8357260551e-17)
    (6.7130993868e-22 7.3160051941e-17)
    (7.0170382867e-22 7.8290798659e-17)
    (7.3347381708e-22 8.3773275486e-17)
    (7.6668220745e-22 8.9605943148e-17)
    (8.0139412415e-22 9.5829718998e-17)
    (8.3767764007e-22 1.0245202643e-16)
    (8.7560391014e-22 1.0948868185e-16)
    (9.1524731088e-22 1.1697991472e-16)
    (9.5668558622e-22 1.2488465356e-16)
    (1.0000000000e-21 1.3324012583e-16)
    (1.0452754953e-21 1.4205283448e-16)
    (1.0926008611e-21 1.5132530222e-16)
    (1.1420689063e-21 1.6110617209e-16)
    (1.1937766417e-21 1.7128406190e-16)
    (1.2478254705e-21 1.8189686602e-16)
    (1.3043213867e-21 1.9292262498e-16)
    (1.3633751836e-21 2.0433101648e-16)
    (1.4251026703e-21 2.1608255850e-16)
    (1.4896248996e-21 2.2812796155e-16)
    (1.5570684048e-21 2.4040770403e-16)
    (1.6275654480e-21 2.5285190905e-16)
    (1.7012542799e-21 2.6538060146e-16)
    (1.7782794100e-21 2.7793080952e-16)
    (1.8587918911e-21 2.9035227386e-16)
    (1.9429496147e-21 3.0256724015e-16)
    (2.0309176209e-21 3.1446760676e-16)
    (2.1228684221e-21 3.2594382083e-16)
    (2.2189823415e-21 3.3688794597e-16)
    (2.3194478661e-21 3.4719693136e-16)
    (2.4244620171e-21 3.5677590035e-16)
    (2.5342307358e-21 3.6554125410e-16)
    (2.6489692876e-21 3.7342338763e-16)
    (2.7689026842e-21 3.8036883879e-16)
    (2.8942661247e-21 3.8634173339e-16)
    (3.0253054571e-21 3.9132444255e-16)
    (3.1622776602e-21 3.9531743969e-16)
    (3.3054513476e-21 3.9833840081e-16)
    (3.4551072946e-21 4.0042065070e-16)
    (3.6115389887e-21 4.0161109752e-16)
    (3.7750532053e-21 4.0196781674e-16)
    (3.9459706091e-21 4.0155745756e-16)
    (4.1246263829e-21 4.0045262602e-16)
    (4.3113708854e-21 3.9872938101e-16)
    (4.5065703377e-21 3.9646494790e-16)
    (4.7106075420e-21 3.9373572193e-16)
    (4.9238826317e-21 3.9062801252e-16)
    (5.1468138568e-21 3.8719060507e-16)
    (5.3798384034e-21 3.8349901962e-16)
    (5.6234132519e-21 3.7961351719e-16)
    (5.8780160723e-21 3.7558860146e-16)
    (6.1441461614e-21 3.7147287040e-16)
    (6.4223254222e-21 3.6730905856e-16)
    (6.7130993868e-21 3.6313422726e-16)
    (7.0170382867e-21 3.5898006486e-16)
    (7.3347381708e-21 3.5487326115e-16)
    (7.6668220745e-21 3.5083592723e-16)
    (8.0139412415e-21 3.4688603630e-16)
    (8.3767764007e-21 3.4303786583e-16)
    (8.7560391014e-21 3.3930242663e-16)
    (9.1524731088e-21 3.3568786783e-16)
    (9.5668558622e-21 3.3219985083e-16)
    (1.0000000000e-20 3.2884188780e-16)
    (1.0452754953e-20 3.2561564314e-16)
    (1.0926008611e-20 3.2252119783e-16)
    (1.1420689063e-20 3.1955727802e-16)
    (1.1937766417e-20 3.1672900902e-16)
    (1.2478254705e-20 3.1402137657e-16)
    (1.3043213867e-20 3.1143535156e-16)
    (1.3633751836e-20 3.0896630686e-16)
    (1.4251026703e-20 3.0660906691e-16)
    (1.4896248996e-20 3.0435800073e-16)
    (1.5570684048e-20 3.0220710143e-16)
    (1.6275654480e-20 3.0015005448e-16)
    (1.7012542799e-20 2.9818029638e-16)
    (1.7782794100e-20 2.9629106473e-16)
    (1.8587918911e-20 2.9447544220e-16)
    (1.9429496147e-20 2.9272496839e-16)
    (2.0309176209e-20 2.9103517147e-16)
    (2.1228684221e-20 2.8939751127e-16)
    (2.2189823415e-20 2.8781556530e-16)
    (2.3194478661e-20 2.8625450049e-16)
    (2.4244620171e-20 2.8472148253e-16)
    (2.5342307358e-20 2.8320793681e-16)
    (2.6489692876e-20 2.8170469042e-16)
    (2.7689026842e-20 2.8022339412e-16)
    (2.8942661247e-20 2.7867879870e-16)
    (3.0253054571e-20 2.7714736672e-16)
    (3.1622776602e-20 2.7558248523e-16)
    (3.3054513476e-20 2.7400769719e-16)
    (3.4551072946e-20 2.7232267738e-16)
    (3.6115389887e-20 2.7055525977e-16)
    (3.7750532053e-20 2.6868447217e-16)
    (3.9459706091e-20 2.6666354325e-16)
    (4.1246263829e-20 2.6450841422e-16)
    (4.3113708854e-20 2.6217139311e-16)
    (4.5065703377e-20 2.5962143865e-16)
    (4.7106075420e-20 2.5682573617e-16)
    (4.9238826317e-20 2.5373264162e-16)
    (5.1468138568e-20 2.5033464706e-16)
    (5.3798384034e-20 2.4659102993e-16)
    (5.6234132519e-20 2.4247230011e-16)
    (5.8780160723e-20 2.3780678768e-16)
    (6.1441461614e-20 2.3286863427e-16)
    (6.4223254222e-20 2.2750247860e-16)
    (6.7130993868e-20 2.2170746626e-16)
    (7.0170382867e-20 2.1549350509e-16)
    (7.3347381708e-20 2.0885276617e-16)
    (7.6668220745e-20 2.0187639549e-16)
    (8.0139412415e-20 1.9458033611e-16)
    (8.3767764007e-20 1.8701742374e-16)
    (8.7560391014e-20 1.7924802375e-16)
    (9.1524731088e-20 1.7118414969e-16)
    (9.5668558622e-20 1.6320600105e-16)
    (1.0000000000e-19 1.5522421721e-16)
    (1.0452754953e-19 1.4730403876e-16)
    (1.0926008611e-19 1.3942915457e-16)
    (1.1420689063e-19 1.3181072241e-16)
    (1.1937766417e-19 1.2441545913e-16)
    (1.2478254705e-19 1.1728178615e-16)
    (1.3043213867e-19 1.1043977433e-16)
    (1.3633751836e-19 1.0376821329e-16)
    (1.4251026703e-19 9.7589055451e-17)
    (1.4896248996e-19 9.1742942515e-17)
    (1.5570684048e-19 8.6231585548e-17)
    (1.6275654480e-19 8.1051727605e-17)
    (1.7012542799e-19 7.6134869574e-17)
    (1.7782794100e-19 7.1600705551e-17)
    (1.8587918911e-19 6.7366480408e-17)
    (1.9429496147e-19 6.3417765380e-17)
    (2.0309176209e-19 5.9739058927e-17)
    (2.1228684221e-19 5.6314285671e-17)
    (2.2189823415e-19 5.3127201531e-17)
    (2.3194478661e-19 5.0161714457e-17)
    (2.4244620171e-19 4.7409522360e-17)
    (2.5342307358e-19 4.4840723728e-17)
    (2.6489692876e-19 4.2425711867e-17)
    (2.7689026842e-19 4.0197894844e-17)
    (2.8942661247e-19 3.8119850531e-17)
    (3.0253054571e-19 3.6179689069e-17)
    (3.1622776602e-19 3.4339292697e-17)
    (3.3054513476e-19 3.2644841675e-17)
    (3.4551072946e-19 3.1057537156e-17)
    (3.6115389887e-19 2.9479026081e-17)
    (3.7750532053e-19 2.8090040654e-17)
    (3.9459706091e-19 2.6783440891e-17)
    (4.1246263829e-19 2.5552773262e-17)
    (4.3113708854e-19 2.4392149845e-17)
    (4.5065703377e-19 2.3296203774e-17)
    (4.7106075420e-19 2.2283381645e-17)
    (4.9238826317e-19 2.1300349464e-17)
    (5.1468138568e-19 2.0368821947e-17)
    (5.3798384034e-19 1.9485057783e-17)
    (5.6234132519e-19 1.8649508732e-17)
    (5.8780160723e-19 1.7851094897e-17)
    (6.1441461614e-19 1.7091183769e-17)
    (6.4223254222e-19 1.4614452950e-17)
    (6.7130993868e-19 1.3901529136e-17)
    (7.0170382867e-19 1.3223351723e-17)
    (7.3347381708e-19 1.2577775608e-17)
    (7.6668220745e-19 1.1962982263e-17)
    (8.0139412415e-19 1.1351190356e-17)
    (8.3767764007e-19 1.0796683294e-17)
    (8.7560391014e-19 1.0297571420e-17)
    (9.1524731088e-19 9.7898211321e-18)
    (9.5668558622e-19 9.3057718260e-18)
    (1.0000000000e-18 8.8211818013e-18)
    (1.0452754953e-18 8.3837776241e-18)
    (1.0926008611e-18 7.9664315613e-18)
    (1.1420689063e-18 7.5522054393e-18)
    (1.1937766417e-18 7.1740875131e-18)
    (1.2478254705e-18 6.8131205348e-18)
    (1.3043213867e-18 6.4684930123e-18)
    (1.3633751836e-18 6.1609435088e-18)
    (1.4251026703e-18 5.8440747107e-18)
    (1.4896248996e-18 5.5418513294e-18)
    (1.5570684048e-18 5.2554209540e-18)
    (1.6275654480e-18 4.9802913893e-18)
    (1.7012542799e-18 4.7179546583e-18)
    (1.7782794100e-18 4.4677207822e-18)
    (1.8587918911e-18 4.2194568973e-18)
    (1.9429496147e-18 3.9935748144e-18)
    (2.0309176209e-18 3.7780932461e-18)
    (2.1228684221e-18 3.5626675423e-18)
    (2.2189823415e-18 3.3687613680e-18)
    (2.3194478661e-18 3.1837577834e-18)
    (2.4244620171e-18 3.0116478854e-18)
    (2.5342307358e-18 2.8433804528e-18)
    (2.6489692876e-18 2.6949211145e-18)
    (2.7689026842e-18 2.5140466990e-18)
    (2.8942661247e-18 2.3940290438e-18)
    (3.0253054571e-18 2.2551712795e-18)
    (3.1622776602e-18 2.1036045165e-18)
    (3.3054513476e-18 1.9969030234e-18)
    (3.4551072946e-18 1.8654807842e-18)
    (3.6115389887e-18 1.7613360206e-18)
    (3.7750532053e-18 1.6529952142e-18)
    (3.9459706091e-18 1.5488849048e-18)
    (4.1246263829e-18 1.4545070874e-18)
    (4.3113708854e-18 1.3647600020e-18)
    (4.5065703377e-18 1.2787428759e-18)
    (4.7106075420e-18 1.1983689060e-18)
    (4.9238826317e-18 1.1216459705e-18)
    (5.1468138568e-18 1.0487050378e-18)
    (5.3798384034e-18 9.8010331786e-19)
    (5.6234132519e-18 9.1567438175e-19)
    (5.8780160723e-18 8.5434312106e-19)
    (6.1441461614e-18 7.9633790775e-19)
    (6.4223254222e-18 7.4168375788e-19)
    (6.7130993868e-18 6.9009112246e-19)
    (7.0170382867e-18 6.4180232606e-19)
    (7.3347381708e-18 5.9595899482e-19)
    (7.6668220745e-18 5.5417017706e-19)
    (8.0139412415e-18 5.1363790393e-19)
    (8.3767764007e-18 4.7547241266e-19)
    (8.7560391014e-18 4.3799495183e-19)
    (9.1524731088e-18 4.0377994584e-19)
    (9.5668558622e-18 3.7290388068e-19)
    (1.0000000000e-17 3.4177152008e-19)
);
