// k[EI_O2_EXC_O2_V2] [m^3/s] vs mean energy [eV]; air_plasma [94c490be646f8872], T_gas = 300.000000 K
(
    (0 1.1608345565e-21)
    (1.3716749438e-01 1.1608345565e-21)
    (1.4076979314e-01 1.1328756194e-21)
    (1.4397604008e-01 1.1263491771e-21)
    (1.4684113805e-01 1.1397557843e-21)
    (1.4941204783e-01 1.1722697081e-21)
    (1.5172864004e-01 1.2237663799e-21)
    (1.5382482203e-01 1.2948025076e-21)
    (1.5572964088e-01 1.3866671734e-21)
    (1.5746824649e-01 1.5014753021e-21)
    (1.5906268561e-01 1.6423241410e-21)
    (1.6040186980e-01 0.0000000000e+00)
    (1.6189539494e-01 2.0207998962e-21)
    (1.6316727128e-01 2.2719267762e-21)
    (1.6436286366e-01 2.5769909565e-21)
    (1.6549578572e-01 2.9491581164e-21)
    (1.6657873020e-01 3.4054399867e-21)
    (1.6762359287e-01 3.9676598504e-21)
    (1.6865359887e-01 3.5493885972e-21)
    (1.6965539117e-01 4.2404330931e-21)
    (1.7065096866e-01 5.1032134342e-21)
    (1.7163702901e-01 8.8245631764e-21)
    (1.7264762429e-01 1.0260234288e-20)
    (1.7367878080e-01 1.2076215894e-20)
    (1.7473849913e-01 1.4371832876e-20)
    (1.7583432821e-01 1.7270688601e-20)
    (1.7697337833e-01 2.0925980502e-20)
    (1.7816233417e-01 2.5526898545e-20)
    (1.7940746844e-01 3.1306165407e-20)
    (1.8071465956e-01 3.8549269906e-20)
    (1.8208941158e-01 4.7605196715e-20)
    (1.8353687952e-01 5.8899270376e-20)
    (1.8506190021e-01 7.2948288041e-20)
    (1.8666902928e-01 9.0378305195e-20)
    (1.8836258474e-01 1.1194544427e-19)
    (1.9014669747e-01 1.3856012012e-19)
    (1.9202536831e-01 1.7131509215e-19)
    (1.9400253175e-01 2.1151775453e-19)
    (1.9608212573e-01 2.6072705289e-19)
    (1.9826816696e-01 3.2079536120e-19)
    (2.0056483136e-01 3.9391556529e-19)
    (2.0297653896e-01 4.8267347124e-19)
    (2.0550804255e-01 5.9010546579e-19)
    (2.0816451961e-01 7.1976107947e-19)
    (2.1095166654e-01 8.7576973429e-19)
    (2.1387579417e-01 1.0629104903e-18)
    (2.1694256551e-01 1.2924021540e-18)
    (2.2014788174e-01 1.5589530885e-18)
    (2.2353446165e-01 1.8783657764e-18)
    (2.2709477487e-01 2.2571130950e-18)
    (2.3084127841e-01 2.7046792955e-18)
    (2.3479833990e-01 3.2370052117e-18)
    (2.3896131204e-01 3.8557185281e-18)
    (2.4336011410e-01 4.5786663145e-18)
    (2.4801612280e-01 5.4199588048e-18)
    (2.5295360836e-01 6.3947626193e-18)
    (2.5819915170e-01 7.5219690629e-18)
    (2.6378576428e-01 8.8130012480e-18)
    (2.6974626976e-01 1.0287585258e-17)
    (2.7611829297e-01 1.1962882073e-17)
    (2.8294269841e-01 1.3855560789e-17)
    (2.9026321198e-01 1.5981213833e-17)
    (2.9812580887e-01 1.8353685293e-17)
    (3.0657783145e-01 2.0984327466e-17)
    (3.1566682518e-01 2.3881213091e-17)
    (3.2543909275e-01 2.7048339753e-17)
    (3.3590887576e-01 3.0489245466e-17)
    (3.4717223366e-01 3.4188844357e-17)
    (3.5923184525e-01 3.8139229841e-17)
    (3.7211014051e-01 4.2321790988e-17)
    (3.8581860584e-01 4.6711583718e-17)
    (4.0035610545e-01 5.1277593568e-17)
    (4.1570760906e-01 5.5983313933e-17)
    (4.3184344429e-01 6.0787630135e-17)
    (4.4871916534e-01 6.5645974374e-17)
    (4.6627608546e-01 7.0511689792e-17)
    (4.8444246122e-01 7.5337522115e-17)
    (5.0313526437e-01 8.0077144532e-17)
    (5.2226243543e-01 8.4686618967e-17)
    (5.4172546688e-01 8.9125704034e-17)
    (5.6142215538e-01 9.3358936650e-17)
    (5.8124935489e-01 9.7356436582e-17)
    (6.0110557847e-01 1.0109440916e-16)
    (6.2089332763e-01 1.0455534610e-16)
    (6.4052105642e-01 1.0772794729e-16)
    (6.5990472218e-01 1.1060680257e-16)
    (6.7896890624e-01 1.1319188335e-16)
    (6.9764751934e-01 1.1548789865e-16)
    (7.1588412933e-01 1.1750356912e-16)
    (7.3358637930e-01 1.1925384251e-16)
    (7.5079958278e-01 1.2074813170e-16)
    (7.6745534914e-01 1.2200521794e-16)
    (7.8353257443e-01 1.2304264138e-16)
    (7.9901752925e-01 1.2387855086e-16)
    (8.1390306874e-01 1.2453122430e-16)
    (8.2818782881e-01 1.2501867501e-16)
    (8.4187543928e-01 1.2535834073e-16)
    (8.5497377065e-01 1.2556684853e-16)
    (8.6749423532e-01 1.2565984736e-16)
    (8.7945114959e-01 1.2565189849e-16)
    (8.9086116369e-01 1.2555641429e-16)
    (9.0174276209e-01 1.2538563593e-16)
    (9.1211583392e-01 1.2515064147e-16)
    (9.2200131124e-01 1.2486137661e-16)
    (9.3142087166e-01 1.2452670168e-16)
    (9.4039670018e-01 1.2415444913e-16)
    (9.4895130466e-01 1.2375148743e-16)
    (9.5710737851e-01 1.2332378771e-16)
    (9.6488770504e-01 1.2287649061e-16)
    (9.7229590480e-01 1.2241646157e-16)
    (9.7938516806e-01 1.2194263686e-16)
    (9.8616493157e-01 1.2146046283e-16)
    (9.9265725541e-01 1.2097243723e-16)
    (9.9888405066e-01 1.2048053728e-16)
    (1.0048670871e+00 1.1998626970e-16)
    (1.0106280072e+00 1.1949071721e-16)
    (1.0161883436e+00 1.1899458166e-16)
    (1.0215695406e+00 1.1849822413e-16)
    (1.0267929771e+00 1.1800170187e-16)
    (1.0318799906e+00 1.1750480281e-16)
    (1.0368231653e+00 1.1700599435e-16)
    (1.0417033545e+00 1.1650660783e-16)
    (1.0465120906e+00 1.1600480732e-16)
    (1.0510868807e+00 1.1550057650e-16)
    (1.0558591909e+00 1.1498820724e-16)
    (1.0606532018e+00 1.1446910619e-16)
    (1.0655074201e+00 1.1394137303e-16)
    (1.0704684874e+00 1.1340277720e-16)
    (1.0751997678e+00 1.1284346576e-16)
    (1.0804337622e+00 1.1229573448e-16)
    (1.0860944541e+00 1.1170616275e-16)
    (1.0921800386e+00 1.1109354864e-16)
    (1.0986620881e+00 1.1041979880e-16)
    (1.1060807530e+00 1.0974744859e-16)
    (1.1144567565e+00 1.0903521211e-16)
    (1.1240549778e+00 1.0827567570e-16)
    (1.1350476813e+00 1.0746411252e-16)
    (1.1481500998e+00 1.0658057206e-16)
    (1.1636258816e+00 1.0562107826e-16)
    (1.1819885903e+00 1.0457400132e-16)
    (1.2038177970e+00 1.0342695719e-16)
    (1.2301634392e+00 1.0214128105e-16)
    (1.2609969547e+00 1.0075293919e-16)
    (1.2973623011e+00 9.9226625447e-17)
    (1.3400043219e+00 9.7551069486e-17)
    (1.3902463434e+00 9.5656267056e-17)
    (1.4476740790e+00 9.3656249180e-17)
    (1.5134371389e+00 9.1486938620e-17)
    (1.5880617832e+00 8.9148241591e-17)
    (1.6719409936e+00 8.6644288416e-17)
    (1.7660607111e+00 8.3965231576e-17)
    (1.8689224012e+00 8.1162475455e-17)
    (1.9811674971e+00 7.8234033784e-17)
    (2.1024762205e+00 7.5200916537e-17)
    (2.2323544682e+00 7.2087091315e-17)
    (2.3723894733e+00 6.8840994067e-17)
    (2.5173051548e+00 6.5647925214e-17)
    (2.6685098830e+00 6.2454521383e-17)
    (2.8251127850e+00 5.9286601992e-17)
    (2.9864403851e+00 5.6148282773e-17)
    (3.1511716909e+00 5.3101026601e-17)
    (3.3187345269e+00 5.0143198291e-17)
    (3.4884072290e+00 4.7289977617e-17)
    (3.6595680233e+00 4.4553235174e-17)
    (3.8329812664e+00 4.1878394388e-17)
    (4.0054036496e+00 3.9406697082e-17)
    (4.1781426577e+00 3.7067679730e-17)
    (4.3510158693e+00 3.4861987081e-17)
    (4.5239369987e+00 3.2788297777e-17)
    (4.6971621124e+00 3.0818147158e-17)
    (4.8701409956e+00 2.9001732940e-17)
    (5.0433978981e+00 2.7304704895e-17)
    (5.2171246269e+00 2.5721327797e-17)
    (5.3915564385e+00 2.4245442395e-17)
    (5.5669629672e+00 2.2870662986e-17)
    (5.7436400437e+00 2.1590537901e-17)
    (5.9219025873e+00 2.0398676522e-17)
    (6.1010979378e+00 1.9291136570e-17)
    (6.2835570480e+00 1.8257421361e-17)
    (6.4679920424e+00 1.7283606096e-17)
    (6.6560078498e+00 1.6386019283e-17)
    (6.8473428105e+00 1.5548133977e-17)
    (7.0423340173e+00 1.4765235672e-17)
    (7.2409465160e+00 1.4021345040e-17)
    (7.4442081971e+00 1.3336588643e-17)
    (7.6521663603e+00 1.2694617212e-17)
    (7.8676105911e+00 1.2057995193e-17)
    (8.0858487204e+00 1.1495038204e-17)
    (8.3098278045e+00 1.0965072162e-17)
    (8.5398932951e+00 1.0465532456e-17)
    (8.7763949131e+00 9.9940789054e-18)
    (9.0196879697e+00 9.5485780476e-18)
    (9.2670974767e+00 9.1333834519e-18)
    (9.5251096886e+00 8.7335987463e-18)
    (9.7910839770e+00 8.3544869835e-18)
    (1.0065371630e+01 7.9945646958e-18)
    (1.0346344593e+01 7.6541604332e-18)
    (1.0638438926e+01 7.3285690147e-18)
    (1.0940187398e+01 7.0184888598e-18)
    (1.1925355136e+01 6.0191984295e-18)
    (1.2308824412e+01 5.7287032676e-18)
    (1.2709276652e+01 5.4507733657e-18)
    (1.3126439691e+01 5.1860511196e-18)
    (1.3561263285e+01 4.9338123130e-18)
    (1.4012493747e+01 4.6830928597e-18)
    (1.4484291915e+01 4.4553108803e-18)
    (1.4973992379e+01 4.2501637083e-18)
    (1.5487666223e+01 4.0414008511e-18)
    (1.6023909695e+01 3.8422994932e-18)
    (1.6583468512e+01 3.6422197944e-18)
    (1.7168941463e+01 3.4622384426e-18)
    (1.7781023452e+01 3.2904444020e-18)
    (1.8422151615e+01 3.1189979484e-18)
    (1.9092649339e+01 2.9633415476e-18)
    (1.9794733945e+01 2.8146900808e-18)
    (2.0530664058e+01 2.6727175816e-18)
    (2.1299508263e+01 2.5455700000e-18)
    (2.2109288431e+01 2.4149917962e-18)
    (2.2959485968e+01 2.2904101835e-18)
    (2.3850104879e+01 2.1718175283e-18)
    (2.4788921536e+01 2.0583946623e-18)
    (2.5776295005e+01 1.9502137986e-18)
    (2.6817698048e+01 1.8469952019e-18)
    (2.7909067436e+01 1.7443638052e-18)
    (2.9061538888e+01 1.6511632096e-18)
    (3.0279874265e+01 1.5622317336e-18)
    (3.1556757395e+01 1.4733398800e-18)
    (3.2908931845e+01 1.3932654743e-18)
    (3.4342348823e+01 1.3168526756e-18)
    (3.5842127009e+01 1.2458280201e-18)
    (3.7437719791e+01 1.1762891178e-18)
    (3.9117090489e+01 1.1150666054e-18)
    (4.0644106575e+01 1.0405851597e-18)
    (4.2796040127e+01 9.9063767380e-19)
    (4.4789131155e+01 9.3334999676e-19)
    (4.6589221150e+01 8.7069967420e-19)
    (4.9179324484e+01 8.2647777918e-19)
    (5.1201199815e+01 7.7213825043e-19)
    (5.4099126670e+01 7.2902393194e-19)
    (5.6778858337e+01 6.8418811691e-19)
    (5.9117854096e+01 6.4109654234e-19)
    (6.2718461942e+01 6.0203276670e-19)
    (6.5410085846e+01 5.6488569013e-19)
    (6.9496742822e+01 5.2928247525e-19)
    (7.3180976752e+01 4.9601501033e-19)
    (7.7182577491e+01 4.6425873943e-19)
    (8.1420085225e+01 4.3406787138e-19)
    (8.6011788405e+01 4.0567304017e-19)
    (9.0867763137e+01 3.7900535942e-19)
    (9.6165388139e+01 3.5361983268e-19)
    (1.0177823578e+02 3.2961098504e-19)
    (1.0792309375e+02 3.0698917086e-19)
    (1.1458604701e+02 2.8563454336e-19)
    (1.2160542734e+02 2.6564740274e-19)
    (1.2939531717e+02 2.4667246079e-19)
    (1.3542361118e+02 2.2937571622e-19)
    (1.4388362195e+02 2.1259906608e-19)
    (1.5371740495e+02 1.9680204694e-19)
    (1.6736124994e+02 1.8128980940e-19)
    (1.7556818514e+02 1.6712792948e-19)
    (1.9180551086e+02 1.5434806536e-19)
    (2.0148427830e+02 1.4146211840e-19)
);
