// k[EI_O2_EXC_O2_6_0EV] [m^3/s] vs reducedE [V m^2]; air_plasma [94c490be646f8872], T_gas = 300.000000 K
(
    (0 0.0000000000e+00)
    (1.0000000000e-22 0.0000000000e+00)
    (1.0452754953e-22 0.0000000000e+00)
    (1.0926008611e-22 0.0000000000e+00)
    (1.1420689063e-22 0.0000000000e+00)
    (1.1937766417e-22 0.0000000000e+00)
    (1.2478254705e-22 0.0000000000e+00)
    (1.3043213867e-22 0.0000000000e+00)
    (1.3633751836e-22 0.0000000000e+00)
    (1.4251026703e-22 0.0000000000e+00)
    (1.4896248996e-22 0.0000000000e+00)
    (1.5570684048e-22 0.0000000000e+00)
    (1.6275654480e-22 0.0000000000e+00)
    (1.7012542799e-22 0.0000000000e+00)
    (1.7782794100e-22 0.0000000000e+00)
    (1.8587918911e-22 0.0000000000e+00)
    (1.9429496147e-22 0.0000000000e+00)
    (2.0309176209e-22 0.0000000000e+00)
    (2.1228684221e-22 0.0000000000e+00)
    (2.2189823415e-22 0.0000000000e+00)
    (2.3194478661e-22 0.0000000000e+00)
    (2.4244620171e-22 0.0000000000e+00)
    (2.5342307358e-22 0.0000000000e+00)
    (2.6489692876e-22 0.0000000000e+00)
    (2.7689026842e-22 0.0000000000e+00)
    (2.8942661247e-22 0.0000000000e+00)
    (3.0253054571e-22 0.0000000000e+00)
    (3.1622776602e-22 0.0000000000e+00)
    (3.3054513476e-22 0.0000000000e+00)
    (3.4551072946e-22 0.0000000000e+00)
    (3.6115389887e-22 0.0000000000e+00)
    (3.7750532053e-22 0.0000000000e+00)
    (3.9459706091e-22 0.0000000000e+00)
    (4.1246263829e-22 0.0000000000e+00)
    (4.3113708854e-22 0.0000000000e+00)
    (4.5065703377e-22 0.0000000000e+00)
    (4.7106075420e-22 0.0000000000e+00)
    (4.9238826317e-22 0.0000000000e+00)
    (5.1468138568e-22 0.0000000000e+00)
    (5.3798384034e-22 0.0000000000e+00)
    (5.6234132519e-22 0.0000000000e+00)
    (5.8780160723e-22 0.0000000000e+00)
    (6.1441461614e-22 0.0000000000e+00)
    (6.4223254222e-22 0.0000000000e+00)
    (6.7130993868e-22 0.0000000000e+00)
    (7.0170382867e-22 0.0000000000e+00)
    (7.3347381708e-22 0.0000000000e+00)
    (7.6668220745e-22 0.0000000000e+00)
    (8.0139412415e-22 0.0000000000e+00)
    (8.3767764007e-22 0.0000000000e+00)
    (8.7560391014e-22 0.0000000000e+00)
    (9.1524731088e-22 0.0000000000e+00)
    (9.5668558622e-22 0.0000000000e+00)
    (1.0000000000e-21 0.0000000000e+00)
    (1.0452754953e-21 0.0000000000e+00)
    (1.0926008611e-21 0.0000000000e+00)
    (1.1420689063e-21 0.0000000000e+00)
    (1.1937766417e-21 0.0000000000e+00)
    (1.2478254705e-21 0.0000000000e+00)
    (1.3043213867e-21 0.0000000000e+00)
    (1.3633751836e-21 0.0000000000e+00)
    (1.4251026703e-21 0.0000000000e+00)
    (1.4896248996e-21 0.0000000000e+00)
    (1.5570684048e-21 0.0000000000e+00)
    (1.6275654480e-21 0.0000000000e+00)
    (1.7012542799e-21 0.0000000000e+00)
    (1.7782794100e-21 0.0000000000e+00)
    (1.8587918911e-21 0.0000000000e+00)
    (1.9429496147e-21 0.0000000000e+00)
    (2.0309176209e-21 0.0000000000e+00)
    (2.1228684221e-21 0.0000000000e+00)
    (2.2189823415e-21 0.0000000000e+00)
    (2.3194478661e-21 0.0000000000e+00)
    (2.4244620171e-21 0.0000000000e+00)
    (2.5342307358e-21 0.0000000000e+00)
    (2.6489692876e-21 0.0000000000e+00)
    (2.7689026842e-21 0.0000000000e+00)
    (2.8942661247e-21 0.0000000000e+00)
    (3.0253054571e-21 0.0000000000e+00)
    (3.1622776602e-21 0.0000000000e+00)
    (3.3054513476e-21 0.0000000000e+00)
    (3.4551072946e-21 0.0000000000e+00)
    (3.6115389887e-21 0.0000000000e+00)
    (3.7750532053e-21 0.0000000000e+00)
    (3.9459706091e-21 0.0000000000e+00)
    (4.1246263829e-21 0.0000000000e+00)
    (4.3113708854e-21 0.0000000000e+00)
    (4.5065703377e-21 0.0000000000e+00)
    (4.7106075420e-21 0.0000000000e+00)
    (4.9238826317e-21 0.0000000000e+00)
    (5.1468138568e-21 0.0000000000e+00)
    (5.3798384034e-21 0.0000000000e+00)
    (5.6234132519e-21 0.0000000000e+00)
    (5.8780160723e-21 0.0000000000e+00)
    (6.1441461614e-21 0.0000000000e+00)
    (6.4223254222e-21 0.0000000000e+00)
    (6.7130993868e-21 0.0000000000e+00)
    (7.0170382867e-21 0.0000000000e+00)
    (7.3347381708e-21 0.0000000000e+00)
    (7.6668220745e-21 0.0000000000e+00)
    (8.0139412415e-21 0.0000000000e+00)
    (8.3767764007e-21 0.0000000000e+00)
    (8.7560391014e-21 0.0000000000e+00)
    (9.1524731088e-21 0.0000000000e+00)
    (9.5668558622e-21 0.0000000000e+00)
    (1.0000000000e-20 0.0000000000e+00)
    (1.0452754953e-20 0.0000000000e+00)
    (1.0926008611e-20 0.0000000000e+00)
    (1.1420689063e-20 0.0000000000e+00)
    (1.1937766417e-20 0.0000000000e+00)
    (1.2478254705e-20 0.0000000000e+00)
    (1.3043213867e-20 0.0000000000e+00)
    (1.3633751836e-20 0.0000000000e+00)
    (1.4251026703e-20 0.0000000000e+00)
    (1.4896248996e-20 0.0000000000e+00)
    (1.5570684048e-20 0.0000000000e+00)
    (1.6275654480e-20 0.0000000000e+00)
    (1.7012542799e-20 0.0000000000e+00)
    (1.7782794100e-20 0.0000000000e+00)
    (1.8587918911e-20 0.0000000000e+00)
    (1.9429496147e-20 0.0000000000e+00)
    (2.0309176209e-20 0.0000000000e+00)
    (2.1228684221e-20 0.0000000000e+00)
    (2.2189823415e-20 1.2859144056e-22)
    (2.3194478661e-20 2.4160089379e-22)
    (2.4244620171e-20 4.3806428237e-22)
    (2.5342307358e-20 7.7066436743e-22)
    (2.6489692876e-20 1.3194274360e-21)
    (2.7689026842e-20 7.1605793096e-20)
    (2.8942661247e-20 1.1549436567e-19)
    (3.0253054571e-20 1.8942720533e-19)
    (3.1622776602e-20 3.0430235204e-19)
    (3.3054513476e-20 4.8438094763e-19)
    (3.4551072946e-20 7.4694997386e-19)
    (3.6115389887e-20 1.1310891725e-18)
    (3.7750532053e-20 1.6831389883e-18)
    (3.9459706091e-20 2.4812649443e-18)
    (4.1246263829e-20 3.5695216379e-18)
    (4.3113708854e-20 5.0565547217e-18)
    (4.5065703377e-20 7.0573133813e-18)
    (4.7106075420e-20 9.7090727349e-18)
    (4.9238826317e-20 1.3281796301e-17)
    (5.1468138568e-20 1.7761413689e-17)
    (5.3798384034e-20 2.3444594361e-17)
    (5.6234132519e-20 3.0556083545e-17)
    (5.8780160723e-20 3.9477883519e-17)
    (6.1441461614e-20 5.0184478280e-17)
    (6.4223254222e-20 6.3049137435e-17)
    (6.7130993868e-20 7.8306144530e-17)
    (7.0170382867e-20 9.6168421029e-17)
    (7.3347381708e-20 1.1708525781e-16)
    (7.6668220745e-20 1.4064916088e-16)
    (8.0139412415e-20 1.6721902547e-16)
    (8.3767764007e-20 1.9682594863e-16)
    (8.7560391014e-20 2.2944127689e-16)
    (9.1524731088e-20 2.6559058270e-16)
    (9.5668558622e-20 3.0389838434e-16)
    (1.0000000000e-19 3.4478062599e-16)
    (1.0452754953e-19 3.8800060032e-16)
    (1.0926008611e-19 4.3344807718e-16)
    (1.1420689063e-19 4.8050470631e-16)
    (1.1937766417e-19 5.2903554513e-16)
    (1.2478254705e-19 5.7873387415e-16)
    (1.3043213867e-19 6.2929752602e-16)
    (1.3633751836e-19 6.8081380314e-16)
    (1.4251026703e-19 7.3217608557e-16)
    (1.4896248996e-19 7.8358689685e-16)
    (1.5570684048e-19 8.3481105226e-16)
    (1.6275654480e-19 8.8563467598e-16)
    (1.7012542799e-19 9.3599830282e-16)
    (1.7782794100e-19 9.8542862172e-16)
    (1.8587918911e-19 1.0339466868e-15)
    (1.9429496147e-19 1.0814183734e-15)
    (2.0309176209e-19 1.1277263962e-15)
    (2.1228684221e-19 1.1727688911e-15)
    (2.2189823415e-19 1.2164580527e-15)
    (2.3194478661e-19 1.2587188525e-15)
    (2.4244620171e-19 1.2992700525e-15)
    (2.5342307358e-19 1.3384951574e-15)
    (2.6489692876e-19 1.3760062547e-15)
    (2.7689026842e-19 1.4120230026e-15)
    (2.8942661247e-19 1.4463912024e-15)
    (3.0253054571e-19 1.4790918430e-15)
    (3.1622776602e-19 1.5100247545e-15)
    (3.3054513476e-19 1.5393462408e-15)
    (3.4551072946e-19 1.5669788101e-15)
    (3.6115389887e-19 1.5934856179e-15)
    (3.7750532053e-19 1.6176927656e-15)
    (3.9459706091e-19 1.6402346407e-15)
    (4.1246263829e-19 1.6611237669e-15)
    (4.3113708854e-19 1.6803753371e-15)
    (4.5065703377e-19 1.6980068154e-15)
    (4.7106075420e-19 1.7134779080e-15)
    (4.9238826317e-19 1.7279627398e-15)
    (5.1468138568e-19 1.7408862937e-15)
    (5.3798384034e-19 1.7522747166e-15)
    (5.6234132519e-19 1.7618222700e-15)
    (5.8780160723e-19 1.7702383597e-15)
    (6.1441461614e-19 1.7771928488e-15)
    (6.4223254222e-19 1.8041260014e-15)
    (6.7130993868e-19 1.8056445419e-15)
    (7.0170382867e-19 1.8057697861e-15)
    (7.3347381708e-19 1.8042417348e-15)
    (7.6668220745e-19 1.8010927193e-15)
    (8.0139412415e-19 1.7961503037e-15)
    (8.3767764007e-19 1.7899002049e-15)
    (8.7560391014e-19 1.7816751147e-15)
    (9.1524731088e-19 1.7725082977e-15)
    (9.5668558622e-19 1.7619259711e-15)
    (1.0000000000e-18 1.7496999416e-15)
    (1.0452754953e-18 1.7364224224e-15)
    (1.0926008611e-18 1.7218630885e-15)
    (1.1420689063e-18 1.7058077110e-15)
    (1.1937766417e-18 1.6888113492e-15)
    (1.2478254705e-18 1.6706673177e-15)
    (1.3043213867e-18 1.6514124892e-15)
    (1.3633751836e-18 1.6305979064e-15)
    (1.4251026703e-18 1.6092923921e-15)
    (1.4896248996e-18 1.5869966339e-15)
    (1.5570684048e-18 1.5632875517e-15)
    (1.6275654480e-18 1.5391694163e-15)
    (1.7012542799e-18 1.5141757718e-15)
    (1.7782794100e-18 1.4883171237e-15)
    (1.8587918911e-18 1.4614018032e-15)
    (1.9429496147e-18 1.4340325482e-15)
    (2.0309176209e-18 1.4059054765e-15)
    (2.1228684221e-18 1.3769255389e-15)
    (2.2189823415e-18 1.3475125710e-15)
    (2.3194478661e-18 1.3174493992e-15)
    (2.4244620171e-18 1.2865238185e-15)
    (2.5342307358e-18 1.2554462356e-15)
    (2.6489692876e-18 1.2235145671e-15)
    (2.7689026842e-18 1.1897926170e-15)
    (2.8942661247e-18 1.1592141577e-15)
    (3.0253054571e-18 1.1261828513e-15)
    (3.1622776602e-18 1.0915030791e-15)
    (3.3054513476e-18 1.0600096225e-15)
    (3.4551072946e-18 1.0254342298e-15)
    (3.6115389887e-18 9.9289907378e-16)
    (3.7750532053e-18 9.5928531410e-16)
    (3.9459706091e-18 9.2420238957e-16)
    (4.1246263829e-18 8.9163586896e-16)
    (4.3113708854e-18 8.5760144403e-16)
    (4.5065703377e-18 8.2488011029e-16)
    (4.7106075420e-18 7.9170227611e-16)
    (4.9238826317e-18 7.5886879487e-16)
    (5.1468138568e-18 7.2603650000e-16)
    (5.3798384034e-18 6.9392377033e-16)
    (5.6234132519e-18 6.6217481565e-16)
    (5.8780160723e-18 6.3097454159e-16)
    (6.1441461614e-18 6.0006635132e-16)
    (6.4223254222e-18 5.6999177256e-16)
    (6.7130993868e-18 5.4051690631e-16)
    (7.0170382867e-18 5.1166153556e-16)
    (7.3347381708e-18 4.8357504897e-16)
    (7.6668220745e-18 4.5544948821e-16)
    (8.0139412415e-18 4.2902224959e-16)
    (8.3767764007e-18 4.0340475087e-16)
    (8.7560391014e-18 3.7855409682e-16)
    (9.1524731088e-18 3.5390019457e-16)
    (9.5668558622e-18 3.3126162439e-16)
    (1.0000000000e-17 3.0857578814e-16)
);
