// meanEnergy vs reducedE [V m^2]; air_plasma [94c490be646f8872], T_gas = 300.000000 K
(
    (0 1.3716749438e-01)
    (1.0000000000e-22 1.3716749438e-01)
    (1.0452754953e-22 1.4076979314e-01)
    (1.0926008611e-22 1.4397604008e-01)
    (1.1420689063e-22 1.4684113805e-01)
    (1.1937766417e-22 1.4941204783e-01)
    (1.2478254705e-22 1.5172864004e-01)
    (1.3043213867e-22 1.5382482203e-01)
    (1.3633751836e-22 1.5572964088e-01)
    (1.4251026703e-22 1.5746824649e-01)
    (1.4896248996e-22 1.5906268561e-01)
    (1.5570684048e-22 1.6040186980e-01)
    (1.6275654480e-22 1.6189539494e-01)
    (1.7012542799e-22 1.6316727128e-01)
    (1.7782794100e-22 1.6436286366e-01)
    (1.8587918911e-22 1.6549578572e-01)
    (1.9429496147e-22 1.6657873020e-01)
    (2.0309176209e-22 1.6762359287e-01)
    (2.1228684221e-22 1.6865359887e-01)
    (2.2189823415e-22 1.6965539117e-01)
    (2.3194478661e-22 1.7065096866e-01)
    (2.4244620171e-22 1.7163702901e-01)
    (2.5342307358e-22 1.7264762429e-01)
    (2.6489692876e-22 1.7367878080e-01)
    (2.7689026842e-22 1.7473849913e-01)
    (2.8942661247e-22 1.7583432821e-01)
    (3.0253054571e-22 1.7697337833e-01)
    (3.1622776602e-22 1.7816233417e-01)
    (3.3054513476e-22 1.7940746844e-01)
    (3.4551072946e-22 1.8071465956e-01)
    (3.6115389887e-22 1.8208941158e-01)
    (3.7750532053e-22 1.8353687952e-01)
    (3.9459706091e-22 1.8506190021e-01)
    (4.1246263829e-22 1.8666902928e-01)
    (4.3113708854e-22 1.8836258474e-01)
    (4.5065703377e-22 1.9014669747e-01)
    (4.7106075420e-22 1.9202536831e-01)
    (4.9238826317e-22 1.9400253175e-01)
    (5.1468138568e-22 1.9608212573e-01)
    (5.3798384034e-22 1.9826816696e-01)
    (5.6234132519e-22 2.0056483136e-01)
    (5.8780160723e-22 2.0297653896e-01)
    (6.1441461614e-22 2.0550804255e-01)
    (6.4223254222e-22 2.0816451961e-01)
    (6.7130993868e-22 2.1095166654e-01)
    (7.0170382867e-22 2.1387579417e-01)
    (7.3347381708e-22 2.1694256551e-01)
    (7.6668220745e-22 2.2014788174e-01)
    (8.0139412415e-22 2.2353446165e-01)
    (8.3767764007e-22 2.2709477487e-01)
    (8.7560391014e-22 2.3084127841e-01)
    (9.1524731088e-22 2.3479833990e-01)
    (9.5668558622e-22 2.3896131204e-01)
    (1.0000000000e-21 2.4336011410e-01)
    (1.0452754953e-21 2.4801612280e-01)
    (1.0926008611e-21 2.5295360836e-01)
    (1.1420689063e-21 2.5819915170e-01)
    (1.1937766417e-21 2.6378576428e-01)
    (1.2478254705e-21 2.6974626976e-01)
    (1.3043213867e-21 2.7611829297e-01)
    (1.3633751836e-21 2.8294269841e-01)
    (1.4251026703e-21 2.9026321198e-01)
    (1.4896248996e-21 2.9812580887e-01)
    (1.5570684048e-21 3.0657783145e-01)
    (1.6275654480e-21 3.1566682518e-01)
    (1.7012542799e-21 3.2543909275e-01)
    (1.7782794100e-21 3.3590887576e-01)
    (1.8587918911e-21 3.4717223366e-01)
    (1.9429496147e-21 3.5923184525e-01)
    (2.0309176209e-21 3.7211014051e-01)
    (2.1228684221e-21 3.8581860584e-01)
    (2.2189823415e-21 4.0035610545e-01)
    (2.3194478661e-21 4.1570760906e-01)
    (2.4244620171e-21 4.3184344429e-01)
    (2.5342307358e-21 4.4871916534e-01)
    (2.6489692876e-21 4.6627608546e-01)
    (2.7689026842e-21 4.8444246122e-01)
    (2.8942661247e-21 5.0313526437e-01)
    (3.0253054571e-21 5.2226243543e-01)
    (3.1622776602e-21 5.4172546688e-01)
    (3.3054513476e-21 5.6142215538e-01)
    (3.4551072946e-21 5.8124935489e-01)
    (3.6115389887e-21 6.0110557847e-01)
    (3.7750532053e-21 6.2089332763e-01)
    (3.9459706091e-21 6.4052105642e-01)
    (4.1246263829e-21 6.5990472218e-01)
    (4.3113708854e-21 6.7896890624e-01)
    (4.5065703377e-21 6.9764751934e-01)
    (4.7106075420e-21 7.1588412933e-01)
    (4.9238826317e-21 7.3358637930e-01)
    (5.1468138568e-21 7.5079958278e-01)
    (5.3798384034e-21 7.6745534914e-01)
    (5.6234132519e-21 7.8353257443e-01)
    (5.8780160723e-21 7.9901752925e-01)
    (6.1441461614e-21 8.1390306874e-01)
    (6.4223254222e-21 8.2818782881e-01)
    (6.7130993868e-21 8.4187543928e-01)
    (7.0170382867e-21 8.5497377065e-01)
    (7.3347381708e-21 8.6749423532e-01)
    (7.6668220745e-21 8.7945114959e-01)
    (8.0139412415e-21 8.9086116369e-01)
    (8.3767764007e-21 9.0174276209e-01)
    (8.7560391014e-21 9.1211583392e-01)
    (9.1524731088e-21 9.2200131124e-01)
    (9.5668558622e-21 9.3142087166e-01)
    (1.0000000000e-20 9.4039670018e-01)
    (1.0452754953e-20 9.4895130466e-01)
    (1.0926008611e-20 9.5710737851e-01)
    (1.1420689063e-20 9.6488770504e-01)
    (1.1937766417e-20 9.7229590480e-01)
    (1.2478254705e-20 9.7938516806e-01)
    (1.3043213867e-20 9.8616493157e-01)
    (1.3633751836e-20 9.9265725541e-01)
    (1.4251026703e-20 9.9888405066e-01)
    (1.4896248996e-20 1.0048670871e+00)
    (1.5570684048e-20 1.0106280072e+00)
    (1.6275654480e-20 1.0161883436e+00)
    (1.7012542799e-20 1.0215695406e+00)
    (1.7782794100e-20 1.0267929771e+00)
    (1.8587918911e-20 1.0318799906e+00)
    (1.9429496147e-20 1.0368231653e+00)
    (2.0309176209e-20 1.0417033545e+00)
    (2.1228684221e-20 1.0465120906e+00)
    (2.2189823415e-20 1.0510868807e+00)
    (2.3194478661e-20 1.0558591909e+00)
    (2.4244620171e-20 1.0606532018e+00)
    (2.5342307358e-20 1.0655074201e+00)
    (2.6489692876e-20 1.0704684874e+00)
    (2.7689026842e-20 1.0751997678e+00)
    (2.8942661247e-20 1.0804337622e+00)
    (3.0253054571e-20 1.0860944541e+00)
    (3.1622776602e-20 1.0921800386e+00)
    (3.3054513476e-20 1.0986620881e+00)
    (3.4551072946e-20 1.1060807530e+00)
    (3.6115389887e-20 1.1144567565e+00)
    (3.7750532053e-20 1.1240549778e+00)
    (3.9459706091e-20 1.1350476813e+00)
    (4.1246263829e-20 1.1481500998e+00)
    (4.3113708854e-20 1.1636258816e+00)
    (4.5065703377e-20 1.1819885903e+00)
    (4.7106075420e-20 1.2038177970e+00)
    (4.9238826317e-20 1.2301634392e+00)
    (5.1468138568e-20 1.2609969547e+00)
    (5.3798384034e-20 1.2973623011e+00)
    (5.6234132519e-20 1.3400043219e+00)
    (5.8780160723e-20 1.3902463434e+00)
    (6.1441461614e-20 1.4476740790e+00)
    (6.4223254222e-20 1.5134371389e+00)
    (6.7130993868e-20 1.5880617832e+00)
    (7.0170382867e-20 1.6719409936e+00)
    (7.3347381708e-20 1.7660607111e+00)
    (7.6668220745e-20 1.8689224012e+00)
    (8.0139412415e-20 1.9811674971e+00)
    (8.3767764007e-20 2.1024762205e+00)
    (8.7560391014e-20 2.2323544682e+00)
    (9.1524731088e-20 2.3723894733e+00)
    (9.5668558622e-20 2.5173051548e+00)
    (1.0000000000e-19 2.6685098830e+00)
    (1.0452754953e-19 2.8251127850e+00)
    (1.0926008611e-19 2.9864403851e+00)
    (1.1420689063e-19 3.1511716909e+00)
    (1.1937766417e-19 3.3187345269e+00)
    (1.2478254705e-19 3.4884072290e+00)
    (1.3043213867e-19 3.6595680233e+00)
    (1.3633751836e-19 3.8329812664e+00)
    (1.4251026703e-19 4.0054036496e+00)
    (1.4896248996e-19 4.1781426577e+00)
    (1.5570684048e-19 4.3510158693e+00)
    (1.6275654480e-19 4.5239369987e+00)
    (1.7012542799e-19 4.6971621124e+00)
    (1.7782794100e-19 4.8701409956e+00)
    (1.8587918911e-19 5.0433978981e+00)
    (1.9429496147e-19 5.2171246269e+00)
    (2.0309176209e-19 5.3915564385e+00)
    (2.1228684221e-19 5.5669629672e+00)
    (2.2189823415e-19 5.7436400437e+00)
    (2.3194478661e-19 5.9219025873e+00)
    (2.4244620171e-19 6.1010979378e+00)
    (2.5342307358e-19 6.2835570480e+00)
    (2.6489692876e-19 6.4679920424e+00)
    (2.7689026842e-19 6.6560078498e+00)
    (2.8942661247e-19 6.8473428105e+00)
    (3.0253054571e-19 7.0423340173e+00)
    (3.1622776602e-19 7.2409465160e+00)
    (3.3054513476e-19 7.4442081971e+00)
    (3.4551072946e-19 7.6521663603e+00)
    (3.6115389887e-19 7.8676105911e+00)
    (3.7750532053e-19 8.0858487204e+00)
    (3.9459706091e-19 8.3098278045e+00)
    (4.1246263829e-19 8.5398932951e+00)
    (4.3113708854e-19 8.7763949131e+00)
    (4.5065703377e-19 9.0196879697e+00)
    (4.7106075420e-19 9.2670974767e+00)
    (4.9238826317e-19 9.5251096886e+00)
    (5.1468138568e-19 9.7910839770e+00)
    (5.3798384034e-19 1.0065371630e+01)
    (5.6234132519e-19 1.0346344593e+01)
    (5.8780160723e-19 1.0638438926e+01)
    (6.1441461614e-19 1.0940187398e+01)
    (6.4223254222e-19 1.1925355136e+01)
    (6.7130993868e-19 1.2308824412e+01)
    (7.0170382867e-19 1.2709276652e+01)
    (7.3347381708e-19 1.3126439691e+01)
    (7.6668220745e-19 1.3561263285e+01)
    (8.0139412415e-19 1.4012493747e+01)
    (8.3767764007e-19 1.4484291915e+01)
    (8.7560391014e-19 1.4973992379e+01)
    (9.1524731088e-19 1.5487666223e+01)
    (9.5668558622e-19 1.6023909695e+01)
    (1.0000000000e-18 1.6583468512e+01)
    (1.0452754953e-18 1.7168941463e+01)
    (1.0926008611e-18 1.7781023452e+01)
    (1.1420689063e-18 1.8422151615e+01)
    (1.1937766417e-18 1.9092649339e+01)
    (1.2478254705e-18 1.9794733945e+01)
    (1.3043213867e-18 2.0530664058e+01)
    (1.3633751836e-18 2.1299508263e+01)
    (1.4251026703e-18 2.2109288431e+01)
    (1.4896248996e-18 2.2959485968e+01)
    (1.5570684048e-18 2.3850104879e+01)
    (1.6275654480e-18 2.4788921536e+01)
    (1.7012542799e-18 2.5776295005e+01)
    (1.7782794100e-18 2.6817698048e+01)
    (1.8587918911e-18 2.7909067436e+01)
    (1.9429496147e-18 2.9061538888e+01)
    (2.0309176209e-18 3.0279874265e+01)
    (2.1228684221e-18 3.1556757395e+01)
    (2.2189823415e-18 3.2908931845e+01)
    (2.3194478661e-18 3.4342348823e+01)
    (2.4244620171e-18 3.5842127009e+01)
    (2.5342307358e-18 3.7437719791e+01)
    (2.6489692876e-18 3.9117090489e+01)
    (2.7689026842e-18 4.0644106575e+01)
    (2.8942661247e-18 4.2796040127e+01)
    (3.0253054571e-18 4.4789131155e+01)
    (3.1622776602e-18 4.6589221150e+01)
    (3.3054513476e-18 4.9179324484e+01)
    (3.4551072946e-18 5.1201199815e+01)
    (3.6115389887e-18 5.4099126670e+01)
    (3.7750532053e-18 5.6778858337e+01)
    (3.9459706091e-18 5.9117854096e+01)
    (4.1246263829e-18 6.2718461942e+01)
    (4.3113708854e-18 6.5410085846e+01)
    (4.5065703377e-18 6.9496742822e+01)
    (4.7106075420e-18 7.3180976752e+01)
    (4.9238826317e-18 7.7182577491e+01)
    (5.1468138568e-18 8.1420085225e+01)
    (5.3798384034e-18 8.6011788405e+01)
    (5.6234132519e-18 9.0867763137e+01)
    (5.8780160723e-18 9.6165388139e+01)
    (6.1441461614e-18 1.0177823578e+02)
    (6.4223254222e-18 1.0792309375e+02)
    (6.7130993868e-18 1.1458604701e+02)
    (7.0170382867e-18 1.2160542734e+02)
    (7.3347381708e-18 1.2939531717e+02)
    (7.6668220745e-18 1.3542361118e+02)
    (8.0139412415e-18 1.4388362195e+02)
    (8.3767764007e-18 1.5371740495e+02)
    (8.7560391014e-18 1.6736124994e+02)
    (9.1524731088e-18 1.7556818514e+02)
    (9.5668558622e-18 1.9180551086e+02)
    (1.0000000000e-17 2.0148427830e+02)
);
