// muEpsN vs reducedE [V m^2]; air_plasma [94c490be646f8872], T_gas = 300.000000 K
(
    (0 1.4120373918e+25)
    (1.0000000000e-22 1.4120373918e+25)
    (1.0452754953e-22 1.3806408584e+25)
    (1.0926008611e-22 1.3540440000e+25)
    (1.1420689063e-22 1.3312827638e+25)
    (1.1937766417e-22 1.3116221036e+25)
    (1.2478254705e-22 1.2944952355e+25)
    (1.3043213867e-22 1.2794590666e+25)
    (1.3633751836e-22 1.2661618827e+25)
    (1.4251026703e-22 1.2543200018e+25)
    (1.4896248996e-22 1.2437008730e+25)
    (1.5570684048e-22 1.2348481757e+25)
    (1.6275654480e-22 1.2253858783e+25)
    (1.7012542799e-22 1.2173855009e+25)
    (1.7782794100e-22 1.2099873105e+25)
    (1.8587918911e-22 1.2030835855e+25)
    (1.9429496147e-22 1.1965784545e+25)
    (2.0309176209e-22 1.1903857872e+25)
    (2.1228684221e-22 1.1844479374e+25)
    (2.2189823415e-22 1.1787225938e+25)
    (2.3194478661e-22 1.1731061383e+25)
    (2.4244620171e-22 1.1675592868e+25)
    (2.5342307358e-22 1.1620477291e+25)
    (2.6489692876e-22 1.1565009958e+25)
    (2.7689026842e-22 1.1508787809e+25)
    (2.8942661247e-22 1.1451453847e+25)
    (3.0253054571e-22 1.1392695499e+25)
    (3.1622776602e-22 1.1332243129e+25)
    (3.3054513476e-22 1.1269868774e+25)
    (3.4551072946e-22 1.1205384395e+25)
    (3.6115389887e-22 1.1138640299e+25)
    (3.7750532053e-22 1.1069523062e+25)
    (3.9459706091e-22 1.0997953144e+25)
    (4.1246263829e-22 1.0923882104e+25)
    (4.3113708854e-22 1.0847289420e+25)
    (4.5065703377e-22 1.0768178910e+25)
    (4.7106075420e-22 1.0686574776e+25)
    (4.9238826317e-22 1.0602517278e+25)
    (5.1468138568e-22 1.0516058062e+25)
    (5.3798384034e-22 1.0427255143e+25)
    (5.6234132519e-22 1.0336167513e+25)
    (5.8780160723e-22 1.0242849351e+25)
    (6.1441461614e-22 1.0147343781e+25)
    (6.4223254222e-22 1.0049676112e+25)
    (6.7130993868e-22 9.9498465247e+24)
    (7.0170382867e-22 9.8478221894e+24)
    (7.3347381708e-22 9.7479187797e+24)
    (7.6668220745e-22 9.6443107768e+24)
    (8.0139412415e-22 9.5378628412e+24)
    (8.3767764007e-22 9.4295490264e+24)
    (8.7560391014e-22 9.3192919668e+24)
    (9.1524731088e-22 9.2081100878e+24)
    (9.5668558622e-22 9.0943971656e+24)
    (1.0000000000e-21 8.9785919838e+24)
    (1.0452754953e-21 8.8605379888e+24)
    (1.0926008611e-21 8.7400414375e+24)
    (1.1420689063e-21 8.6177365734e+24)
    (1.1937766417e-21 8.4921956692e+24)
    (1.2478254705e-21 8.3637175819e+24)
    (1.3043213867e-21 8.2320964689e+24)
    (1.3633751836e-21 8.0971407400e+24)
    (1.4251026703e-21 7.9586878561e+24)
    (1.4896248996e-21 7.8166202318e+24)
    (1.5570684048e-21 7.6708812967e+24)
    (1.6275654480e-21 7.5214899955e+24)
    (1.7012542799e-21 7.3685520490e+24)
    (1.7782794100e-21 7.2141424257e+24)
    (1.8587918911e-21 7.0556681821e+24)
    (1.9429496147e-21 6.8949454680e+24)
    (2.0309176209e-21 6.7325830792e+24)
    (2.1228684221e-21 6.5692784589e+24)
    (2.2189823415e-21 6.4057936287e+24)
    (2.3194478661e-21 6.2429264755e+24)
    (2.4244620171e-21 6.0814799186e+24)
    (2.5342307358e-21 5.9222320659e+24)
    (2.6489692876e-21 5.7659086189e+24)
    (2.7689026842e-21 5.6131603885e+24)
    (2.8942661247e-21 5.4645469720e+24)
    (3.0253054571e-21 5.3205268510e+24)
    (3.1622776602e-21 5.1814537952e+24)
    (3.3054513476e-21 5.0475787158e+24)
    (3.4551072946e-21 4.9190558560e+24)
    (3.6115389887e-21 4.7959520527e+24)
    (3.7750532053e-21 4.6782577797e+24)
    (3.9459706091e-21 4.5658989293e+24)
    (4.1246263829e-21 4.4587484068e+24)
    (4.3113708854e-21 4.3566369187e+24)
    (4.5065703377e-21 4.2593625461e+24)
    (4.7106075420e-21 4.1666988977e+24)
    (4.9238826317e-21 4.0800015587e+24)
    (5.1468138568e-21 3.9964335912e+24)
    (5.3798384034e-21 3.9169166034e+24)
    (5.6234132519e-21 3.8412330924e+24)
    (5.8780160723e-21 3.7691710529e+24)
    (6.1441461614e-21 3.7005259147e+24)
    (6.4223254222e-21 3.6351017650e+24)
    (6.7130993868e-21 3.5727119896e+24)
    (7.0170382867e-21 3.5131795917e+24)
    (7.3347381708e-21 3.4563371699e+24)
    (7.6668220745e-21 3.4020266595e+24)
    (8.0139412415e-21 3.3500988907e+24)
    (8.3767764007e-21 3.3004130007e+24)
    (8.7560391014e-21 3.2528357298e+24)
    (9.1524731088e-21 3.2072406199e+24)
    (9.5668558622e-21 3.1635071267e+24)
    (1.0000000000e-20 3.1215196574e+24)
    (1.0452754953e-20 3.0811665432e+24)
    (1.0926008611e-20 3.0423389567e+24)
    (1.1420689063e-20 3.0049297863e+24)
    (1.1937766417e-20 2.9693381788e+24)
    (1.2478254705e-20 2.9347148040e+24)
    (1.3043213867e-20 2.9012843227e+24)
    (1.3633751836e-20 2.8689637725e+24)
    (1.4251026703e-20 2.8376722643e+24)
    (1.4896248996e-20 2.8073305839e+24)
    (1.5570684048e-20 2.7778608023e+24)
    (1.6275654480e-20 2.7491858797e+24)
    (1.7012542799e-20 2.7212292487e+24)
    (1.7782794100e-20 2.6939143590e+24)
    (1.8587918911e-20 2.6671641790e+24)
    (1.9429496147e-20 2.6414323928e+24)
    (2.0309176209e-20 2.6157203493e+24)
    (2.1228684221e-20 2.5903931532e+24)
    (2.2189823415e-20 2.5653903482e+24)
    (2.3194478661e-20 2.5406238179e+24)
    (2.4244620171e-20 2.5160125609e+24)
    (2.5342307358e-20 2.4914636300e+24)
    (2.6489692876e-20 2.4668670525e+24)
    (2.7689026842e-20 2.4436956368e+24)
    (2.8942661247e-20 2.4207183409e+24)
    (3.0253054571e-20 2.3965189287e+24)
    (3.1622776602e-20 2.3722198027e+24)
    (3.3054513476e-20 2.3479543196e+24)
    (3.4551072946e-20 2.3234205549e+24)
    (3.6115389887e-20 2.2986903254e+24)
    (3.7750532053e-20 2.2737293189e+24)
    (3.9459706091e-20 2.2490628016e+24)
    (4.1246263829e-20 2.2236661022e+24)
    (4.3113708854e-20 2.1980539283e+24)
    (4.5065703377e-20 2.1722486771e+24)
    (4.7106075420e-20 2.1462880887e+24)
    (4.9238826317e-20 2.1202128561e+24)
    (5.1468138568e-20 2.0943231774e+24)
    (5.3798384034e-20 2.0685717729e+24)
    (5.6234132519e-20 2.0430723420e+24)
    (5.8780160723e-20 2.0176163782e+24)
    (6.1441461614e-20 1.9931269387e+24)
    (6.4223254222e-20 1.9692574723e+24)
    (6.7130993868e-20 1.9460852168e+24)
    (7.0170382867e-20 1.9236553486e+24)
    (7.3347381708e-20 1.9044413631e+24)
    (7.6668220745e-20 1.8834198157e+24)
    (8.0139412415e-20 1.8631385558e+24)
    (8.3767764007e-20 1.8435346404e+24)
    (8.7560391014e-20 1.8245270941e+24)
    (9.1524731088e-20 1.8063553375e+24)
    (9.5668558622e-20 1.7883815737e+24)
    (1.0000000000e-19 1.7707745953e+24)
    (1.0452754953e-19 1.7534542166e+24)
    (1.0926008611e-19 1.7363352122e+24)
    (1.1420689063e-19 1.7194865717e+24)
    (1.1937766417e-19 1.7027641436e+24)
    (1.2478254705e-19 1.6861270172e+24)
    (1.3043213867e-19 1.6695412454e+24)
    (1.3633751836e-19 1.6537345451e+24)
    (1.4251026703e-19 1.6372220246e+24)
    (1.4896248996e-19 1.6207354505e+24)
    (1.5570684048e-19 1.6042686205e+24)
    (1.6275654480e-19 1.5878173562e+24)
    (1.7012542799e-19 1.5716229204e+24)
    (1.7782794100e-19 1.5553065936e+24)
    (1.8587918911e-19 1.5390399545e+24)
    (1.9429496147e-19 1.5228300734e+24)
    (2.0309176209e-19 1.5066826639e+24)
    (2.1228684221e-19 1.4906008844e+24)
    (2.2189823415e-19 1.4745842023e+24)
    (2.3194478661e-19 1.4586271324e+24)
    (2.4244620171e-19 1.4437785694e+24)
    (2.5342307358e-19 1.4282336188e+24)
    (2.6489692876e-19 1.4132332417e+24)
    (2.7689026842e-19 1.3980964263e+24)
    (2.8942661247e-19 1.3831064696e+24)
    (3.0253054571e-19 1.3682783815e+24)
    (3.1622776602e-19 1.3540764744e+24)
    (3.3054513476e-19 1.3397013614e+24)
    (3.4551072946e-19 1.3255293301e+24)
    (3.6115389887e-19 1.3114294454e+24)
    (3.7750532053e-19 1.2976499532e+24)
    (3.9459706091e-19 1.2840593575e+24)
    (4.1246263829e-19 1.2706489324e+24)
    (4.3113708854e-19 1.2574069656e+24)
    (4.5065703377e-19 1.2443184195e+24)
    (4.7106075420e-19 1.2320973779e+24)
    (4.9238826317e-19 1.2194488178e+24)
    (5.1468138568e-19 1.2068948992e+24)
    (5.3798384034e-19 1.1944696312e+24)
    (5.6234132519e-19 1.1826717473e+24)
    (5.8780160723e-19 1.1706813603e+24)
    (6.1441461614e-19 1.1588166973e+24)
    (6.4223254222e-19 1.1049016360e+24)
    (6.7130993868e-19 1.0912995482e+24)
    (7.0170382867e-19 1.0774413349e+24)
    (7.3347381708e-19 1.0636348014e+24)
    (7.6668220745e-19 1.0496084853e+24)
    (8.0139412415e-19 1.0366674195e+24)
    (8.3767764007e-19 1.0232956978e+24)
    (8.7560391014e-19 1.0102217710e+24)
    (9.1524731088e-19 9.9714313056e+23)
    (9.5668558622e-19 9.8423569132e+23)
    (1.0000000000e-18 9.7157593215e+23)
    (1.0452754953e-18 9.5903118415e+23)
    (1.0926008611e-18 9.4668257404e+23)
    (1.1420689063e-18 9.3463571041e+23)
    (1.1937766417e-18 9.2267659349e+23)
    (1.2478254705e-18 9.1092644524e+23)
    (1.3043213867e-18 8.9938024050e+23)
    (1.3633751836e-18 8.8820227891e+23)
    (1.4251026703e-18 8.7705213274e+23)
    (1.4896248996e-18 8.6610094312e+23)
    (1.5570684048e-18 8.5547178798e+23)
    (1.6275654480e-18 8.4489067284e+23)
    (1.7012542799e-18 8.3448974703e+23)
    (1.7782794100e-18 8.2406373042e+23)
    (1.8587918911e-18 8.1433731351e+23)
    (1.9429496147e-18 8.0442663543e+23)
    (2.0309176209e-18 7.9437741814e+23)
    (2.1228684221e-18 7.8521523339e+23)
    (2.2189823415e-18 7.7576030674e+23)
    (2.3194478661e-18 7.6586769586e+23)
    (2.4244620171e-18 7.5742621929e+23)
    (2.5342307358e-18 7.4839242114e+23)
    (2.6489692876e-18 7.3969701412e+23)
    (2.7689026842e-18 7.3351065067e+23)
    (2.8942661247e-18 7.2235256403e+23)
    (3.0253054571e-18 7.1412599807e+23)
    (3.1622776602e-18 7.0827124841e+23)
    (3.3054513476e-18 6.9723694274e+23)
    (3.4551072946e-18 6.9189433358e+23)
    (3.6115389887e-18 6.8241659826e+23)
    (3.7750532053e-18 6.7521722493e+23)
    (3.9459706091e-18 6.7037591906e+23)
    (4.1246263829e-18 6.6113884834e+23)
    (4.3113708854e-18 6.5607220810e+23)
    (4.5065703377e-18 6.4784094942e+23)
    (4.7106075420e-18 6.4187687991e+23)
    (4.9238826317e-18 6.3590434789e+23)
    (5.1468138568e-18 6.3045011879e+23)
    (5.3798384034e-18 6.2507762605e+23)
    (5.6234132519e-18 6.2035982976e+23)
    (5.8780160723e-18 6.1565757468e+23)
    (6.1441461614e-18 6.1157200920e+23)
    (6.4223254222e-18 6.0755008263e+23)
    (6.7130993868e-18 6.0394520001e+23)
    (7.0170382867e-18 6.0097166917e+23)
    (7.3347381708e-18 5.9817645109e+23)
    (7.6668220745e-18 5.9669240058e+23)
    (8.0139412415e-18 5.9519056064e+23)
    (8.3767764007e-18 5.9327004028e+23)
    (8.7560391014e-18 5.9207815031e+23)
    (9.1524731088e-18 5.9159885005e+23)
    (9.5668558622e-18 5.9215264637e+23)
    (1.0000000000e-17 5.9240863321e+23)
);
