// muEpsN vs mean energy [eV]; air_plasma [94c490be646f8872], T_gas = 300.000000 K
(
    (0 1.4120373918e+25)
    (1.3716749438e-01 1.4120373918e+25)
    (1.4076979314e-01 1.3806408584e+25)
    (1.4397604008e-01 1.3540440000e+25)
    (1.4684113805e-01 1.3312827638e+25)
    (1.4941204783e-01 1.3116221036e+25)
    (1.5172864004e-01 1.2944952355e+25)
    (1.5382482203e-01 1.2794590666e+25)
    (1.5572964088e-01 1.2661618827e+25)
    (1.5746824649e-01 1.2543200018e+25)
    (1.5906268561e-01 1.2437008730e+25)
    (1.6040186980e-01 1.2348481757e+25)
    (1.6189539494e-01 1.2253858783e+25)
    (1.6316727128e-01 1.2173855009e+25)
    (1.6436286366e-01 1.2099873105e+25)
    (1.6549578572e-01 1.2030835855e+25)
    (1.6657873020e-01 1.1965784545e+25)
    (1.6762359287e-01 1.1903857872e+25)
    (1.6865359887e-01 1.1844479374e+25)
    (1.6965539117e-01 1.1787225938e+25)
    (1.7065096866e-01 1.1731061383e+25)
    (1.7163702901e-01 1.1675592868e+25)
    (1.7264762429e-01 1.1620477291e+25)
    (1.7367878080e-01 1.1565009958e+25)
    (1.7473849913e-01 1.1508787809e+25)
    (1.7583432821e-01 1.1451453847e+25)
    (1.7697337833e-01 1.1392695499e+25)
    (1.7816233417e-01 1.1332243129e+25)
    (1.7940746844e-01 1.1269868774e+25)
    (1.8071465956e-01 1.1205384395e+25)
    (1.8208941158e-01 1.1138640299e+25)
    (1.8353687952e-01 1.1069523062e+25)
    (1.8506190021e-01 1.0997953144e+25)
    (1.8666902928e-01 1.0923882104e+25)
    (1.8836258474e-01 1.0847289420e+25)
    (1.9014669747e-01 1.0768178910e+25)
    (1.9202536831e-01 1.0686574776e+25)
    (1.9400253175e-01 1.0602517278e+25)
    (1.9608212573e-01 1.0516058062e+25)
    (1.9826816696e-01 1.0427255143e+25)
    (2.0056483136e-01 1.0336167513e+25)
    (2.0297653896e-01 1.0242849351e+25)
    (2.0550804255e-01 1.0147343781e+25)
    (2.0816451961e-01 1.0049676112e+25)
    (2.1095166654e-01 9.9498465247e+24)
    (2.1387579417e-01 9.8478221894e+24)
    (2.1694256551e-01 9.7479187797e+24)
    (2.2014788174e-01 9.6443107768e+24)
    (2.2353446165e-01 9.5378628412e+24)
    (2.2709477487e-01 9.4295490264e+24)
    (2.3084127841e-01 9.3192919668e+24)
    (2.3479833990e-01 9.2081100878e+24)
    (2.3896131204e-01 9.0943971656e+24)
    (2.4336011410e-01 8.9785919838e+24)
    (2.4801612280e-01 8.8605379888e+24)
    (2.5295360836e-01 8.7400414375e+24)
    (2.5819915170e-01 8.6177365734e+24)
    (2.6378576428e-01 8.4921956692e+24)
    (2.6974626976e-01 8.3637175819e+24)
    (2.7611829297e-01 8.2320964689e+24)
    (2.8294269841e-01 8.0971407400e+24)
    (2.9026321198e-01 7.9586878561e+24)
    (2.9812580887e-01 7.8166202318e+24)
    (3.0657783145e-01 7.6708812967e+24)
    (3.1566682518e-01 7.5214899955e+24)
    (3.2543909275e-01 7.3685520490e+24)
    (3.3590887576e-01 7.2141424257e+24)
    (3.4717223366e-01 7.0556681821e+24)
    (3.5923184525e-01 6.8949454680e+24)
    (3.7211014051e-01 6.7325830792e+24)
    (3.8581860584e-01 6.5692784589e+24)
    (4.0035610545e-01 6.4057936287e+24)
    (4.1570760906e-01 6.2429264755e+24)
    (4.3184344429e-01 6.0814799186e+24)
    (4.4871916534e-01 5.9222320659e+24)
    (4.6627608546e-01 5.7659086189e+24)
    (4.8444246122e-01 5.6131603885e+24)
    (5.0313526437e-01 5.4645469720e+24)
    (5.2226243543e-01 5.3205268510e+24)
    (5.4172546688e-01 5.1814537952e+24)
    (5.6142215538e-01 5.0475787158e+24)
    (5.8124935489e-01 4.9190558560e+24)
    (6.0110557847e-01 4.7959520527e+24)
    (6.2089332763e-01 4.6782577797e+24)
    (6.4052105642e-01 4.5658989293e+24)
    (6.5990472218e-01 4.4587484068e+24)
    (6.7896890624e-01 4.3566369187e+24)
    (6.9764751934e-01 4.2593625461e+24)
    (7.1588412933e-01 4.1666988977e+24)
    (7.3358637930e-01 4.0800015587e+24)
    (7.5079958278e-01 3.9964335912e+24)
    (7.6745534914e-01 3.9169166034e+24)
    (7.8353257443e-01 3.8412330924e+24)
    (7.9901752925e-01 3.7691710529e+24)
    (8.1390306874e-01 3.7005259147e+24)
    (8.2818782881e-01 3.6351017650e+24)
    (8.4187543928e-01 3.5727119896e+24)
    (8.5497377065e-01 3.5131795917e+24)
    (8.6749423532e-01 3.4563371699e+24)
    (8.7945114959e-01 3.4020266595e+24)
    (8.9086116369e-01 3.3500988907e+24)
    (9.0174276209e-01 3.3004130007e+24)
    (9.1211583392e-01 3.2528357298e+24)
    (9.2200131124e-01 3.2072406199e+24)
    (9.3142087166e-01 3.1635071267e+24)
    (9.4039670018e-01 3.1215196574e+24)
    (9.4895130466e-01 3.0811665432e+24)
    (9.5710737851e-01 3.0423389567e+24)
    (9.6488770504e-01 3.0049297863e+24)
    (9.7229590480e-01 2.9693381788e+24)
    (9.7938516806e-01 2.9347148040e+24)
    (9.8616493157e-01 2.9012843227e+24)
    (9.9265725541e-01 2.8689637725e+24)
    (9.9888405066e-01 2.8376722643e+24)
    (1.0048670871e+00 2.8073305839e+24)
    (1.0106280072e+00 2.7778608023e+24)
    (1.0161883436e+00 2.7491858797e+24)
    (1.0215695406e+00 2.7212292487e+24)
    (1.0267929771e+00 2.6939143590e+24)
    (1.0318799906e+00 2.6671641790e+24)
    (1.0368231653e+00 2.6414323928e+24)
    (1.0417033545e+00 2.6157203493e+24)
    (1.0465120906e+00 2.5903931532e+24)
    (1.0510868807e+00 2.5653903482e+24)
    (1.0558591909e+00 2.5406238179e+24)
    (1.0606532018e+00 2.5160125609e+24)
    (1.0655074201e+00 2.4914636300e+24)
    (1.0704684874e+00 2.4668670525e+24)
    (1.0751997678e+00 2.4436956368e+24)
    (1.0804337622e+00 2.4207183409e+24)
    (1.0860944541e+00 2.3965189287e+24)
    (1.0921800386e+00 2.3722198027e+24)
    (1.0986620881e+00 2.3479543196e+24)
    (1.1060807530e+00 2.3234205549e+24)
    (1.1144567565e+00 2.2986903254e+24)
    (1.1240549778e+00 2.2737293189e+24)
    (1.1350476813e+00 2.2490628016e+24)
    (1.1481500998e+00 2.2236661022e+24)
    (1.1636258816e+00 2.1980539283e+24)
    (1.1819885903e+00 2.1722486771e+24)
    (1.2038177970e+00 2.1462880887e+24)
    (1.2301634392e+00 2.1202128561e+24)
    (1.2609969547e+00 2.0943231774e+24)
    (1.2973623011e+00 2.0685717729e+24)
    (1.3400043219e+00 2.0430723420e+24)
    (1.3902463434e+00 2.0176163782e+24)
    (1.4476740790e+00 1.9931269387e+24)
    (1.5134371389e+00 1.9692574723e+24)
    (1.5880617832e+00 1.9460852168e+24)
    (1.6719409936e+00 1.9236553486e+24)
    (1.7660607111e+00 1.9044413631e+24)
    (1.8689224012e+00 1.8834198157e+24)
    (1.9811674971e+00 1.8631385558e+24)
    (2.1024762205e+00 1.8435346404e+24)
    (2.2323544682e+00 1.8245270941e+24)
    (2.3723894733e+00 1.8063553375e+24)
    (2.5173051548e+00 1.7883815737e+24)
    (2.6685098830e+00 1.7707745953e+24)
    (2.8251127850e+00 1.7534542166e+24)
    (2.9864403851e+00 1.7363352122e+24)
    (3.1511716909e+00 1.7194865717e+24)
    (3.3187345269e+00 1.7027641436e+24)
    (3.4884072290e+00 1.6861270172e+24)
    (3.6595680233e+00 1.6695412454e+24)
    (3.8329812664e+00 1.6537345451e+24)
    (4.0054036496e+00 1.6372220246e+24)
    (4.1781426577e+00 1.6207354505e+24)
    (4.3510158693e+00 1.6042686205e+24)
    (4.5239369987e+00 1.5878173562e+24)
    (4.6971621124e+00 1.5716229204e+24)
    (4.8701409956e+00 1.5553065936e+24)
    (5.0433978981e+00 1.5390399545e+24)
    (5.2171246269e+00 1.5228300734e+24)
    (5.3915564385e+00 1.5066826639e+24)
    (5.5669629672e+00 1.4906008844e+24)
    (5.7436400437e+00 1.4745842023e+24)
    (5.9219025873e+00 1.4586271324e+24)
    (6.1010979378e+00 1.4437785694e+24)
    (6.2835570480e+00 1.4282336188e+24)
    (6.4679920424e+00 1.4132332417e+24)
    (6.6560078498e+00 1.3980964263e+24)
    (6.8473428105e+00 1.3831064696e+24)
    (7.0423340173e+00 1.3682783815e+24)
    (7.2409465160e+00 1.3540764744e+24)
    (7.4442081971e+00 1.3397013614e+24)
    (7.6521663603e+00 1.3255293301e+24)
    (7.8676105911e+00 1.3114294454e+24)
    (8.0858487204e+00 1.2976499532e+24)
    (8.3098278045e+00 1.2840593575e+24)
    (8.5398932951e+00 1.2706489324e+24)
    (8.7763949131e+00 1.2574069656e+24)
    (9.0196879697e+00 1.2443184195e+24)
    (9.2670974767e+00 1.2320973779e+24)
    (9.5251096886e+00 1.2194488178e+24)
    (9.7910839770e+00 1.2068948992e+24)
    (1.0065371630e+01 1.1944696312e+24)
    (1.0346344593e+01 1.1826717473e+24)
    (1.0638438926e+01 1.1706813603e+24)
    (1.0940187398e+01 1.1588166973e+24)
    (1.1925355136e+01 1.1049016360e+24)
    (1.2308824412e+01 1.0912995482e+24)
    (1.2709276652e+01 1.0774413349e+24)
    (1.3126439691e+01 1.0636348014e+24)
    (1.3561263285e+01 1.0496084853e+24)
    (1.4012493747e+01 1.0366674195e+24)
    (1.4484291915e+01 1.0232956978e+24)
    (1.4973992379e+01 1.0102217710e+24)
    (1.5487666223e+01 9.9714313056e+23)
    (1.6023909695e+01 9.8423569132e+23)
    (1.6583468512e+01 9.7157593215e+23)
    (1.7168941463e+01 9.5903118415e+23)
    (1.7781023452e+01 9.4668257404e+23)
    (1.8422151615e+01 9.3463571041e+23)
    (1.9092649339e+01 9.2267659349e+23)
    (1.9794733945e+01 9.1092644524e+23)
    (2.0530664058e+01 8.9938024050e+23)
    (2.1299508263e+01 8.8820227891e+23)
    (2.2109288431e+01 8.7705213274e+23)
    (2.2959485968e+01 8.6610094312e+23)
    (2.3850104879e+01 8.5547178798e+23)
    (2.4788921536e+01 8.4489067284e+23)
    (2.5776295005e+01 8.3448974703e+23)
    (2.6817698048e+01 8.2406373042e+23)
    (2.7909067436e+01 8.1433731351e+23)
    (2.9061538888e+01 8.0442663543e+23)
    (3.0279874265e+01 7.9437741814e+23)
    (3.1556757395e+01 7.8521523339e+23)
    (3.2908931845e+01 7.7576030674e+23)
    (3.4342348823e+01 7.6586769586e+23)
    (3.5842127009e+01 7.5742621929e+23)
    (3.7437719791e+01 7.4839242114e+23)
    (3.9117090489e+01 7.3969701412e+23)
    (4.0644106575e+01 7.3351065067e+23)
    (4.2796040127e+01 7.2235256403e+23)
    (4.4789131155e+01 7.1412599807e+23)
    (4.6589221150e+01 7.0827124841e+23)
    (4.9179324484e+01 6.9723694274e+23)
    (5.1201199815e+01 6.9189433358e+23)
    (5.4099126670e+01 6.8241659826e+23)
    (5.6778858337e+01 6.7521722493e+23)
    (5.9117854096e+01 6.7037591906e+23)
    (6.2718461942e+01 6.6113884834e+23)
    (6.5410085846e+01 6.5607220810e+23)
    (6.9496742822e+01 6.4784094942e+23)
    (7.3180976752e+01 6.4187687991e+23)
    (7.7182577491e+01 6.3590434789e+23)
    (8.1420085225e+01 6.3045011879e+23)
    (8.6011788405e+01 6.2507762605e+23)
    (9.0867763137e+01 6.2035982976e+23)
    (9.6165388139e+01 6.1565757468e+23)
    (1.0177823578e+02 6.1157200920e+23)
    (1.0792309375e+02 6.0755008263e+23)
    (1.1458604701e+02 6.0394520001e+23)
    (1.2160542734e+02 6.0097166917e+23)
    (1.2939531717e+02 5.9817645109e+23)
    (1.3542361118e+02 5.9669240058e+23)
    (1.4388362195e+02 5.9519056064e+23)
    (1.5371740495e+02 5.9327004028e+23)
    (1.6736124994e+02 5.9207815031e+23)
    (1.7556818514e+02 5.9159885005e+23)
    (1.9180551086e+02 5.9215264637e+23)
    (2.0148427830e+02 5.9240863321e+23)
);
