// muN vs mean energy [eV]; air_plasma [94c490be646f8872], T_gas = 300.000000 K
(
    (0 1.0283045976e+25)
    (1.3716736877e-01 1.0283045976e+25)
    (1.4076967004e-01 9.8237532775e+24)
    (1.4397591983e-01 9.4330549244e+24)
    (1.4684102077e-01 9.0994228073e+24)
    (1.4941193350e-01 8.8134523787e+24)
    (1.5172852860e-01 8.5674999635e+24)
    (1.5382471337e-01 8.3553445601e+24)
    (1.5572953486e-01 8.1718998403e+24)
    (1.5746814299e-01 8.0129793652e+24)
    (1.5906258451e-01 7.8751093758e+24)
    (1.6040177321e-01 7.8007114373e+24)
    (1.6189529828e-01 7.6513352542e+24)
    (1.6316717670e-01 7.5608706718e+24)
    (1.6436277106e-01 7.4821739192e+24)
    (1.6549569504e-01 7.4136633057e+24)
    (1.6657864137e-01 7.3539453162e+24)
    (1.6762350584e-01 7.3017804074e+24)
    (1.6865351356e-01 7.2568787839e+24)
    (1.6965530759e-01 7.2167543622e+24)
    (1.7065088677e-01 7.1811928465e+24)
    (1.7163694874e-01 7.1524916912e+24)
    (1.7264754568e-01 7.1235526252e+24)
    (1.7367870384e-01 7.0969405115e+24)
    (1.7473842382e-01 7.0720242488e+24)
    (1.7583425455e-01 7.0482282919e+24)
    (1.7697330632e-01 7.0250298889e+24)
    (1.7816226381e-01 7.0019570340e+24)
    (1.7940739973e-01 6.9785869080e+24)
    (1.8071459251e-01 6.9545445230e+24)
    (1.8208934620e-01 6.9295014834e+24)
    (1.8353681581e-01 6.9031746497e+24)
    (1.8506183817e-01 6.8753246181e+24)
    (1.8666896889e-01 6.8457539317e+24)
    (1.8836252602e-01 6.8143049688e+24)
    (1.9014664040e-01 6.7808574818e+24)
    (1.9202531289e-01 6.7453257871e+24)
    (1.9400247796e-01 6.7076556206e+24)
    (1.9608207355e-01 6.6678206940e+24)
    (1.9826811637e-01 6.6258189921e+24)
    (2.0056478234e-01 6.5816688574e+24)
    (2.0297649148e-01 6.5354049043e+24)
    (2.0550799658e-01 6.4870737996e+24)
    (2.0816447512e-01 6.4367299347e+24)
    (2.1095162348e-01 6.3844310051e+24)
    (2.1387575250e-01 6.3302335037e+24)
    (2.1694252519e-01 6.2750806684e+24)
    (2.2014784268e-01 6.2177843528e+24)
    (2.2353442384e-01 6.1588212371e+24)
    (2.2709473824e-01 6.0983425364e+24)
    (2.3084124291e-01 6.0364064324e+24)
    (2.3479830546e-01 5.9726969021e+24)
    (2.3896127860e-01 5.9081522583e+24)
    (2.4336008158e-01 5.8423164168e+24)
    (2.4801609114e-01 5.7752114829e+24)
    (2.5295357748e-01 5.7068443617e+24)
    (2.5819912151e-01 5.6371093501e+24)
    (2.6378573470e-01 5.5662628085e+24)
    (2.6974624072e-01 5.4941321320e+24)
    (2.7611826438e-01 5.4206776025e+24)
    (2.8294267020e-01 5.3458484943e+24)
    (2.9026318406e-01 5.2695852192e+24)
    (2.9812578117e-01 5.1918221717e+24)
    (3.0657780390e-01 5.1124912756e+24)
    (3.1566679772e-01 5.0315261136e+24)
    (3.2543906532e-01 4.9488664724e+24)
    (3.3590884834e-01 4.8646189131e+24)
    (3.4717220621e-01 4.7786221452e+24)
    (3.5923181777e-01 4.6909356050e+24)
    (3.7211011301e-01 4.6016119983e+24)
    (3.8581857835e-01 4.5107432761e+24)
    (4.0035607801e-01 4.4184637108e+24)
    (4.1570758173e-01 4.3249510460e+24)
    (4.3184341715e-01 4.2304254734e+24)
    (4.4871913847e-01 4.1351464591e+24)
    (4.6627605897e-01 4.0394072835e+24)
    (4.8444243519e-01 3.9435277665e+24)
    (5.0313523891e-01 3.8478456036e+24)
    (5.2226241062e-01 3.7527068402e+24)
    (5.4172544282e-01 3.6584561227e+24)
    (5.6142213216e-01 3.5654273177e+24)
    (5.8124933256e-01 3.4739350273e+24)
    (6.0110555710e-01 3.3842674051e+24)
    (6.2089330726e-01 3.2966805245e+24)
    (6.4052103707e-01 3.2113944119e+24)
    (6.5990470387e-01 3.1285907094e+24)
    (6.7896888897e-01 3.0484118290e+24)
    (6.9764750311e-01 2.9709613847e+24)
    (7.1588411412e-01 2.8963056459e+24)
    (7.3358636508e-01 2.8249836859e+24)
    (7.5079956951e-01 2.7562343870e+24)
    (7.6745533679e-01 2.6903680283e+24)
    (7.8353256295e-01 2.6273533423e+24)
    (7.9901751861e-01 2.5671408089e+24)
    (8.1390305888e-01 2.5096660246e+24)
    (8.2818781969e-01 2.4548527919e+24)
    (8.4187543085e-01 2.4026158697e+24)
    (8.5497376287e-01 2.3528634256e+24)
    (8.6749422815e-01 2.3054991291e+24)
    (8.7945114297e-01 2.2604239166e+24)
    (8.9086115759e-01 2.2175374369e+24)
    (9.0174275648e-01 2.1767391990e+24)
    (9.1211582875e-01 2.1379294455e+24)
    (9.2200130648e-01 2.1010097736e+24)
    (9.3142086729e-01 2.0658835304e+24)
    (9.4039669615e-01 2.0324560037e+24)
    (9.4895130096e-01 2.0006344352e+24)
    (9.5710737510e-01 1.9703278791e+24)
    (9.6488770191e-01 1.9414469280e+24)
    (9.7229590192e-01 1.9140532046e+24)
    (9.7938516542e-01 1.8878925487e+24)
    (9.8616492913e-01 1.8629406008e+24)
    (9.9265725317e-01 1.8391240440e+24)
    (9.9888404860e-01 1.8163717858e+24)
    (1.0048670852e+00 1.7946147611e+24)
    (1.0106280054e+00 1.7737857270e+24)
    (1.0161883420e+00 1.7538190497e+24)
    (1.0215695391e+00 1.7346504798e+24)
    (1.0267929757e+00 1.7162169067e+24)
    (1.0318799893e+00 1.6984560998e+24)
    (1.0368231641e+00 1.6815550150e+24)
    (1.0417033534e+00 1.6650127120e+24)
    (1.0465120896e+00 1.6489840773e+24)
    (1.0510868798e+00 1.6331544114e+24)
    (1.0558591901e+00 1.6180226637e+24)
    (1.0606532011e+00 1.6032466070e+24)
    (1.0655074194e+00 1.5887738730e+24)
    (1.0704684867e+00 1.5745505902e+24)
    (1.0751997672e+00 1.5607500646e+24)
    (1.0804337616e+00 1.5474250767e+24)
    (1.0860944535e+00 1.5338688027e+24)
    (1.0921800381e+00 1.5204356036e+24)
    (1.0986620877e+00 1.5071165496e+24)
    (1.1060807526e+00 1.4938379249e+24)
    (1.1144567561e+00 1.4806001288e+24)
    (1.1240549775e+00 1.4673798203e+24)
    (1.1350476809e+00 1.4541241963e+24)
    (1.1481500995e+00 1.4408726627e+24)
    (1.1636258812e+00 1.4275959328e+24)
    (1.1819885899e+00 1.4142853383e+24)
    (1.2038177966e+00 1.4009358168e+24)
    (1.2301634388e+00 1.3874407206e+24)
    (1.2609969543e+00 1.3740350238e+24)
    (1.2973623006e+00 1.3606048625e+24)
    (1.3400043215e+00 1.3471622058e+24)
    (1.3902463429e+00 1.3328657977e+24)
    (1.4476740785e+00 1.3194876194e+24)
    (1.5134371384e+00 1.3061578824e+24)
    (1.5880617826e+00 1.2928986545e+24)
    (1.6719409929e+00 1.2797320147e+24)
    (1.7660607105e+00 1.2687566717e+24)
    (1.8689224005e+00 1.2557302843e+24)
    (1.9811674964e+00 1.2428604879e+24)
    (2.1024762198e+00 1.2301615599e+24)
    (2.2323544675e+00 1.2176433073e+24)
    (2.3723894726e+00 1.2050949380e+24)
    (2.5173051541e+00 1.1929708191e+24)
    (2.6685098823e+00 1.1810365892e+24)
    (2.8251127843e+00 1.1692857790e+24)
    (2.9864403845e+00 1.1570286032e+24)
    (3.1511716903e+00 1.1456583100e+24)
    (3.3187345263e+00 1.1344415649e+24)
    (3.4884072284e+00 1.1233638959e+24)
    (3.6595680228e+00 1.1124104928e+24)
    (3.8329812660e+00 1.1020191139e+24)
    (4.0054036492e+00 1.0912675496e+24)
    (4.1781426573e+00 1.0806036526e+24)
    (4.3510158689e+00 1.0700181927e+24)
    (4.5239369983e+00 1.0595031482e+24)
    (4.6971621121e+00 1.0486275108e+24)
    (4.8701409953e+00 1.0382911142e+24)
    (5.0433978978e+00 1.0280121205e+24)
    (5.2171246267e+00 1.0177888710e+24)
    (5.3915564382e+00 1.0076204225e+24)
    (5.5669629670e+00 9.9750619335e+23)
    (5.7436400435e+00 9.8744558398e+23)
    (5.9219025871e+00 9.7743755527e+23)
    (6.1010979376e+00 9.6783974099e+23)
    (6.2835570479e+00 9.5797221686e+23)
    (6.4679920423e+00 9.4822188676e+23)
    (6.6560078497e+00 9.3850794665e+23)
    (6.8473428104e+00 9.2887375998e+23)
    (7.0423340172e+00 9.1932255655e+23)
    (7.2409465159e+00 9.0995199663e+23)
    (7.4442081970e+00 9.0058974787e+23)
    (7.6521663603e+00 8.9132130277e+23)
    (7.8676105910e+00 8.8154455069e+23)
    (8.0858487204e+00 8.7250476967e+23)
    (8.3098278044e+00 8.6355754341e+23)
    (8.5398932950e+00 8.5470271889e+23)
    (8.7763949131e+00 8.4593943435e+23)
    (9.0196879697e+00 8.3726603383e+23)
    (9.2670974766e+00 8.2900582787e+23)
    (9.5251096885e+00 8.2050867551e+23)
    (9.7910839770e+00 8.1209800062e+23)
    (1.0065371630e+01 8.0377672583e+23)
    (1.0346344593e+01 7.9549511006e+23)
    (1.0638438926e+01 7.8737902546e+23)
    (1.0940187398e+01 7.7935118616e+23)
    (1.1925355136e+01 7.3791134935e+23)
    (1.2308824412e+01 7.2810897856e+23)
    (1.2709276652e+01 7.1837866131e+23)
    (1.3126439691e+01 7.0869149998e+23)
    (1.3561263285e+01 6.9901214280e+23)
    (1.4012493747e+01 6.8937486275e+23)
    (1.4484291915e+01 6.7988953698e+23)
    (1.4973992379e+01 6.7077455200e+23)
    (1.5487666223e+01 6.6138391260e+23)
    (1.6023909695e+01 6.5207452927e+23)
    (1.6583468512e+01 6.4250663963e+23)
    (1.7168941463e+01 6.3341058866e+23)
    (1.7781023451e+01 6.2440662245e+23)
    (1.8422151615e+01 6.1542319388e+23)
    (1.9092649339e+01 6.0661896358e+23)
    (1.9794733945e+01 5.9792255536e+23)
    (2.0530664058e+01 5.8933666290e+23)
    (2.1299508263e+01 5.8092337296e+23)
    (2.2109288431e+01 5.7256170875e+23)
    (2.2959485968e+01 5.6432437678e+23)
    (2.3850104879e+01 5.5613588270e+23)
    (2.4788921536e+01 5.4816142155e+23)
    (2.5776295005e+01 5.4031774253e+23)
    (2.6817698048e+01 5.3257856580e+23)
    (2.7909067436e+01 5.2495852667e+23)
    (2.9061538888e+01 5.1752196264e+23)
    (3.0279874265e+01 5.1018003755e+23)
    (3.1556757395e+01 5.0292693025e+23)
    (3.2908931845e+01 4.9590763497e+23)
    (3.4342348823e+01 4.8894792620e+23)
    (3.5842127009e+01 4.8216776745e+23)
    (3.7437719791e+01 4.7555054177e+23)
    (3.9117090489e+01 4.6902981203e+23)
    (4.0644106575e+01 4.6249792093e+23)
    (4.2796040127e+01 4.5644637805e+23)
    (4.4789131155e+01 4.5033587098e+23)
    (4.6589221150e+01 4.4408313049e+23)
    (4.9179324484e+01 4.3846727249e+23)
    (5.1201199815e+01 4.3262372868e+23)
    (5.4099126670e+01 4.2718756997e+23)
    (5.6778858337e+01 4.2179904411e+23)
    (5.9117854096e+01 4.1623255005e+23)
    (6.2718461942e+01 4.1125886426e+23)
    (6.5410085846e+01 4.0612001985e+23)
    (6.9496742822e+01 4.0137691645e+23)
    (7.3180976752e+01 3.9665212336e+23)
    (7.7182577491e+01 3.9208257230e+23)
    (8.1420085225e+01 3.8760252273e+23)
    (8.6011788405e+01 3.8335450604e+23)
    (9.0867763137e+01 3.7931312270e+23)
    (9.6165388139e+01 3.7539653927e+23)
    (1.0177823578e+02 3.7157813367e+23)
    (1.0792309375e+02 3.6802219864e+23)
    (1.1458604701e+02 3.6465213491e+23)
    (1.2160542734e+02 3.6149696977e+23)
    (1.2939531717e+02 3.5851637979e+23)
    (1.3542361118e+02 3.5518356203e+23)
    (1.4388362195e+02 3.5279664656e+23)
    (1.5371740495e+02 3.5046373322e+23)
    (1.6736124994e+02 3.4863952303e+23)
    (1.7556818514e+02 3.4612067898e+23)
    (1.9180551086e+02 3.4509117608e+23)
    (2.0148427830e+02 3.4322467364e+23)
);
