// nuEffN vs reducedE [V m^2]; air_plasma [94c490be646f8872], T_gas = 300.000000 K
(
    (0 -3.2085909995e-18)
    (1.0000000000e-22 -3.2085909995e-18)
    (1.0452754953e-22 -3.1832900794e-18)
    (1.0926008611e-22 -3.1601750016e-18)
    (1.1420689063e-22 -3.1394970499e-18)
    (1.1937766417e-22 -3.1213473682e-18)
    (1.2478254705e-22 -3.1057141579e-18)
    (1.3043213867e-22 -3.0925181160e-18)
    (1.3633751836e-22 -3.0816345257e-18)
    (1.4251026703e-22 -3.0729072735e-18)
    (1.4896248996e-22 -3.0661580178e-18)
    (1.5570684048e-22 -3.0628896627e-18)
    (1.6275654480e-22 -3.0578049162e-18)
    (1.7012542799e-22 -3.0557818270e-18)
    (1.7782794100e-22 -3.0549047323e-18)
    (1.8587918911e-22 -3.0549528385e-18)
    (1.9429496147e-22 -3.0557053774e-18)
    (2.0309176209e-22 -3.0569438013e-18)
    (2.1228684221e-22 -3.0581522198e-18)
    (2.2189823415e-22 -3.0597261045e-18)
    (2.3194478661e-22 -3.0611635142e-18)
    (2.4244620171e-22 -3.0624946845e-18)
    (2.5342307358e-22 -3.0630605331e-18)
    (2.6489692876e-22 -3.0629560177e-18)
    (2.7689026842e-22 -3.0620277172e-18)
    (2.8942661247e-22 -3.0601366832e-18)
    (3.0253054571e-22 -3.0571591494e-18)
    (3.1622776602e-22 -3.0529870258e-18)
    (3.3054513476e-22 -3.0475281736e-18)
    (3.4551072946e-22 -3.0407064550e-18)
    (3.6115389887e-22 -3.0324615660e-18)
    (3.7750532053e-22 -3.0227486522e-18)
    (3.9459706091e-22 -3.0115377174e-18)
    (4.1246263829e-22 -2.9988128378e-18)
    (4.3113708854e-22 -2.9845711994e-18)
    (4.5065703377e-22 -2.9688219787e-18)
    (4.7106075420e-22 -2.9515850957e-18)
    (4.9238826317e-22 -2.9328898660e-18)
    (5.1468138568e-22 -2.9127735870e-18)
    (5.3798384034e-22 -2.8912800915e-18)
    (5.6234132519e-22 -2.8684583037e-18)
    (5.8780160723e-22 -2.8443608299e-18)
    (6.1441461614e-22 -2.8190426162e-18)
    (6.4223254222e-22 -2.7925596983e-18)
    (6.7130993868e-22 -2.7649680665e-18)
    (7.0170382867e-22 -2.7363226630e-18)
    (7.3347381708e-22 -2.7065366797e-18)
    (7.6668220745e-22 -2.6758713291e-18)
    (8.0139412415e-22 -2.6443699967e-18)
    (8.3767764007e-22 -2.6120041813e-18)
    (8.7560391014e-22 -2.5788105797e-18)
    (9.1524731088e-22 -2.5443984722e-18)
    (9.5668558622e-22 -2.5096666846e-18)
    (1.0000000000e-21 -2.4741828082e-18)
    (1.0452754953e-21 -2.4379604418e-18)
    (1.0926008611e-21 -2.4010069875e-18)
    (1.1420689063e-21 -2.3631863680e-18)
    (1.1937766417e-21 -2.3247672879e-18)
    (1.2478254705e-21 -2.2856043605e-18)
    (1.3043213867e-21 -2.2456828295e-18)
    (1.3633751836e-21 -2.2049844195e-18)
    (1.4251026703e-21 -2.1634888461e-18)
    (1.4896248996e-21 -2.1211757339e-18)
    (1.5570684048e-21 -2.0780269543e-18)
    (1.6275654480e-21 -2.0340293404e-18)
    (1.7012542799e-21 -1.9891777051e-18)
    (1.7782794100e-21 -1.9434559008e-18)
    (1.8587918911e-21 -1.8969297666e-18)
    (1.9429496147e-21 -1.8496149052e-18)
    (2.0309176209e-21 -1.8015693273e-18)
    (2.1228684221e-21 -1.7528730016e-18)
    (2.2189823415e-21 -1.7036288333e-18)
    (2.3194478661e-21 -1.6539625454e-18)
    (2.4244620171e-21 -1.6040213647e-18)
    (2.5342307358e-21 -1.5539715013e-18)
    (2.6489692876e-21 -1.5039945127e-18)
    (2.7689026842e-21 -1.4542827507e-18)
    (2.8942661247e-21 -1.4050341703e-18)
    (3.0253054571e-21 -1.3564468260e-18)
    (3.1622776602e-21 -1.3087134108e-18)
    (3.3054513476e-21 -1.2620161640e-18)
    (3.4551072946e-21 -1.2165224304e-18)
    (3.6115389887e-21 -1.1723810752e-18)
    (3.7750532053e-21 -1.1297198773e-18)
    (3.9459706091e-21 -1.0886439356e-18)
    (4.1246263829e-21 -1.0492350467e-18)
    (4.3113708854e-21 -1.0115519558e-18)
    (4.5065703377e-21 -9.7563133730e-19)
    (4.7106075420e-21 -9.4148934597e-19)
    (4.9238826317e-21 -9.0913014862e-19)
    (5.1468138568e-21 -8.7853268608e-19)
    (5.3798384034e-21 -8.4966210148e-19)
    (5.6234132519e-21 -8.2247475775e-19)
    (5.8780160723e-21 -7.9691770433e-19)
    (6.1441461614e-21 -7.7293077700e-19)
    (6.4223254222e-21 -7.5044850571e-19)
    (6.7130993868e-21 -7.2940180447e-19)
    (7.0170382867e-21 -7.0971944190e-19)
    (7.3347381708e-21 -6.9132928526e-19)
    (7.6668220745e-21 -6.7415933480e-19)
    (8.0139412415e-21 -6.5813856102e-19)
    (8.3767764007e-21 -6.4319756305e-19)
    (8.7560391014e-21 -6.2926906809e-19)
    (9.1524731088e-21 -6.1628829144e-19)
    (9.5668558622e-21 -6.0419317684e-19)
    (1.0000000000e-20 -5.9292453550e-19)
    (1.0452754953e-20 -5.8242610116e-19)
    (1.0926008611e-20 -5.7264451754e-19)
    (1.1420689063e-20 -5.6352927046e-19)
    (1.1937766417e-20 -5.5501341276e-19)
    (1.2478254705e-20 -5.4710160522e-19)
    (1.3043213867e-20 -5.3972281317e-19)
    (1.3633751836e-20 -5.3283744006e-19)
    (1.4251026703e-20 -5.2640816760e-19)
    (1.4896248996e-20 -5.2039980344e-19)
    (1.5570684048e-20 -5.1477913193e-19)
    (1.6275654480e-20 -5.0951477007e-19)
    (1.7012542799e-20 -5.0457703054e-19)
    (1.7782794100e-20 -4.9993779020e-19)
    (1.8587918911e-20 -4.9557036932e-19)
    (1.9429496147e-20 -4.9146225793e-19)
    (2.0309176209e-20 -4.8756263695e-19)
    (2.1228684221e-20 -4.8386244610e-19)
    (2.2189823415e-20 -4.8033643704e-19)
    (2.3194478661e-20 -4.7702116963e-19)
    (2.4244620171e-20 -4.7387610644e-19)
    (2.5342307358e-20 -4.7090393036e-19)
    (2.6489692876e-20 -4.6811948021e-19)
    (2.7689026842e-20 -4.6628367948e-19)
    (2.8942661247e-20 -4.6427110396e-19)
    (3.0253054571e-20 -4.6294584698e-19)
    (3.1622776602e-20 -4.6241445762e-19)
    (3.3054513476e-20 -4.6319804955e-19)
    (3.4551072946e-20 -4.6532318808e-19)
    (3.6115389887e-20 -4.6951147584e-19)
    (3.7750532053e-20 -4.7644945926e-19)
    (3.9459706091e-20 -4.8728135508e-19)
    (4.1246263829e-20 -5.0249739804e-19)
    (4.3113708854e-20 -5.2357155172e-19)
    (4.5065703377e-20 -5.5191528770e-19)
    (4.7106075420e-20 -5.8911496576e-19)
    (4.9238826317e-20 -6.3843548545e-19)
    (5.1468138568e-20 -6.9868760998e-19)
    (5.3798384034e-20 -7.7302581844e-19)
    (5.6234132519e-20 -8.6307901011e-19)
    (5.8780160723e-20 -9.7119153070e-19)
    (6.1441461614e-20 -1.0954686759e-18)
    (6.4223254222e-20 -1.2371454023e-18)
    (6.7130993868e-20 -1.3950380961e-18)
    (7.0170382867e-20 -1.5665543210e-18)
    (7.3347381708e-20 -1.7477718102e-18)
    (7.6668220745e-20 -1.9289085139e-18)
    (8.0139412415e-20 -2.1020331849e-18)
    (8.3767764007e-20 -2.2540816036e-18)
    (8.7560391014e-20 -2.3680875464e-18)
    (9.1524731088e-20 -2.4242941188e-18)
    (9.5668558622e-20 -2.3890487977e-18)
    (1.0000000000e-19 -2.2325746041e-18)
    (1.0452754953e-19 -1.9141131402e-18)
    (1.0926008611e-19 -1.3840308810e-18)
    (1.1420689063e-19 -5.8265248722e-19)
    (1.1937766417e-19 5.5905229661e-19)
    (1.2478254705e-19 2.1234182951e-18)
    (1.3043213867e-19 4.2068552540e-18)
    (1.3633751836e-19 6.9240674838e-18)
    (1.4251026703e-19 1.0401294537e-17)
    (1.4896248996e-19 1.4790936052e-17)
    (1.5570684048e-19 2.0265347406e-17)
    (1.6275654480e-19 2.7020912244e-17)
    (1.7012542799e-19 3.5296011255e-17)
    (1.7782794100e-19 4.5313205496e-17)
    (1.8587918911e-19 5.7368414432e-17)
    (1.9429496147e-19 7.1776296418e-17)
    (2.0309176209e-19 8.8885777287e-17)
    (2.1228684221e-19 1.0908160751e-16)
    (2.2189823415e-19 1.3278544906e-16)
    (2.3194478661e-19 1.6045668186e-16)
    (2.4244620171e-19 1.9253985337e-16)
    (2.5342307358e-19 2.2970345280e-16)
    (2.6489692876e-19 2.7242507480e-16)
    (2.7689026842e-19 3.2138845747e-16)
    (2.8942661247e-19 3.7727170846e-16)
    (3.0253054571e-19 4.4076394715e-16)
    (3.1622776602e-19 5.1256460162e-16)
    (3.3054513476e-19 5.9348681585e-16)
    (3.4551072946e-19 6.8438725380e-16)
    (3.6115389887e-19 7.8713479111e-16)
    (3.7750532053e-19 9.0073046345e-16)
    (3.9459706091e-19 1.0270268236e-15)
    (4.1246263829e-19 1.1670068807e-15)
    (4.3113708854e-19 1.3216897750e-15)
    (4.5065703377e-19 1.4921297798e-15)
    (4.7106075420e-19 1.6779772131e-15)
    (4.9238826317e-19 1.8831017597e-15)
    (5.1468138568e-19 2.1074640796e-15)
    (5.3798384034e-19 2.3521646872e-15)
    (5.6234132519e-19 2.6174800696e-15)
    (5.8780160723e-19 2.9063058991e-15)
    (6.1441461614e-19 3.2193563398e-15)
    (6.4223254222e-19 4.2668079525e-15)
    (6.7130993868e-19 4.7343215347e-15)
    (7.0170382867e-19 5.2412506105e-15)
    (7.3347381708e-19 5.7900471940e-15)
    (7.6668220745e-19 6.3830627916e-15)
    (8.0139412415e-19 7.0203838193e-15)
    (8.3767764007e-19 7.7065192553e-15)
    (8.7560391014e-19 8.4428634258e-15)
    (9.1524731088e-19 9.2321501069e-15)
    (9.5668558622e-19 1.0076445507e-14)
    (1.0000000000e-18 1.0978650611e-14)
    (1.0452754953e-18 1.1940127851e-14)
    (1.0926008611e-18 1.2963447278e-14)
    (1.1420689063e-18 1.4053151092e-14)
    (1.1937766417e-18 1.5207552515e-14)
    (1.2478254705e-18 1.6430434014e-14)
    (1.3043213867e-18 1.7724428147e-14)
    (1.3633751836e-18 1.9088940261e-14)
    (1.4251026703e-18 2.0530755435e-14)
    (1.4896248996e-18 2.2049544713e-14)
    (1.5570684048e-18 2.3643799768e-14)
    (1.6275654480e-18 2.5321463265e-14)
    (1.7012542799e-18 2.7080941054e-14)
    (1.7782794100e-18 2.8926198598e-14)
    (1.8587918911e-18 3.0848561765e-14)
    (1.9429496147e-18 3.2860126414e-14)
    (2.0309176209e-18 3.4960903231e-14)
    (2.1228684221e-18 3.7136164387e-14)
    (2.2189823415e-18 3.9405740417e-14)
    (2.3194478661e-18 4.1766307316e-14)
    (2.4244620171e-18 4.4195330500e-14)
    (2.5342307358e-18 4.6722555679e-14)
    (2.6489692876e-18 4.9318201395e-14)
    (2.7689026842e-18 5.1738492836e-14)
    (2.8942661247e-18 5.4788412100e-14)
    (3.0253054571e-18 5.7624019849e-14)
    (3.1622776602e-18 6.0254763973e-14)
    (3.3054513476e-18 6.3566082606e-14)
    (3.4551072946e-18 6.6338068095e-14)
    (3.6115389887e-18 6.9761810992e-14)
    (3.7750532053e-18 7.2930862620e-14)
    (3.9459706091e-18 7.5801034188e-14)
    (4.1246263829e-18 7.9511858850e-14)
    (4.3113708854e-18 8.2526531870e-14)
    (4.5065703377e-18 8.6318725189e-14)
    (4.7106075420e-18 8.9732974877e-14)
    (4.9238826317e-18 9.3238182746e-14)
    (5.1468138568e-18 9.6734798658e-14)
    (5.3798384034e-18 1.0029314031e-13)
    (5.6234132519e-18 1.0380679042e-13)
    (5.8780160723e-18 1.0739309553e-13)
    (6.1441461614e-18 1.1092197445e-13)
    (6.4223254222e-18 1.1450717627e-13)
    (6.7130993868e-18 1.1808049919e-13)
    (7.0170382867e-18 1.2155875811e-13)
    (7.3347381708e-18 1.2508282684e-13)
    (7.6668220745e-18 1.2795019005e-13)
    (8.0139412415e-18 1.3120458503e-13)
    (8.3767764007e-18 1.3464067425e-13)
    (8.7560391014e-18 1.3858946661e-13)
    (9.1524731088e-18 1.4120098060e-13)
    (9.5668558622e-18 1.4493364253e-13)
    (1.0000000000e-17 1.4735364826e-13)
);
