// nuEffN vs mean energy [eV]; air_plasma [94c490be646f8872], T_gas = 300.000000 K
(
    (0 -3.2085909995e-18)
    (1.3716736877e-01 -3.2085909995e-18)
    (1.4076967004e-01 -3.1832900794e-18)
    (1.4397591983e-01 -3.1601750016e-18)
    (1.4684102077e-01 -3.1394970499e-18)
    (1.4941193350e-01 -3.1213473682e-18)
    (1.5172852860e-01 -3.1057141579e-18)
    (1.5382471337e-01 -3.0925181160e-18)
    (1.5572953486e-01 -3.0816345257e-18)
    (1.5746814299e-01 -3.0729072735e-18)
    (1.5906258451e-01 -3.0661580178e-18)
    (1.6040177321e-01 -3.0628896627e-18)
    (1.6189529828e-01 -3.0578049162e-18)
    (1.6316717670e-01 -3.0557818270e-18)
    (1.6436277106e-01 -3.0549047323e-18)
    (1.6549569504e-01 -3.0549528385e-18)
    (1.6657864137e-01 -3.0557053774e-18)
    (1.6762350584e-01 -3.0569438013e-18)
    (1.6865351356e-01 -3.0581522198e-18)
    (1.6965530759e-01 -3.0597261045e-18)
    (1.7065088677e-01 -3.0611635142e-18)
    (1.7163694874e-01 -3.0624946845e-18)
    (1.7264754568e-01 -3.0630605331e-18)
    (1.7367870384e-01 -3.0629560177e-18)
    (1.7473842382e-01 -3.0620277172e-18)
    (1.7583425455e-01 -3.0601366832e-18)
    (1.7697330632e-01 -3.0571591494e-18)
    (1.7816226381e-01 -3.0529870258e-18)
    (1.7940739973e-01 -3.0475281736e-18)
    (1.8071459251e-01 -3.0407064550e-18)
    (1.8208934620e-01 -3.0324615660e-18)
    (1.8353681581e-01 -3.0227486522e-18)
    (1.8506183817e-01 -3.0115377174e-18)
    (1.8666896889e-01 -2.9988128378e-18)
    (1.8836252602e-01 -2.9845711994e-18)
    (1.9014664040e-01 -2.9688219787e-18)
    (1.9202531289e-01 -2.9515850957e-18)
    (1.9400247796e-01 -2.9328898660e-18)
    (1.9608207355e-01 -2.9127735870e-18)
    (1.9826811637e-01 -2.8912800915e-18)
    (2.0056478234e-01 -2.8684583037e-18)
    (2.0297649148e-01 -2.8443608299e-18)
    (2.0550799658e-01 -2.8190426162e-18)
    (2.0816447512e-01 -2.7925596983e-18)
    (2.1095162348e-01 -2.7649680665e-18)
    (2.1387575250e-01 -2.7363226630e-18)
    (2.1694252519e-01 -2.7065366797e-18)
    (2.2014784268e-01 -2.6758713291e-18)
    (2.2353442384e-01 -2.6443699967e-18)
    (2.2709473824e-01 -2.6120041813e-18)
    (2.3084124291e-01 -2.5788105797e-18)
    (2.3479830546e-01 -2.5443984722e-18)
    (2.3896127860e-01 -2.5096666846e-18)
    (2.4336008158e-01 -2.4741828082e-18)
    (2.4801609114e-01 -2.4379604418e-18)
    (2.5295357748e-01 -2.4010069875e-18)
    (2.5819912151e-01 -2.3631863680e-18)
    (2.6378573470e-01 -2.3247672879e-18)
    (2.6974624072e-01 -2.2856043605e-18)
    (2.7611826438e-01 -2.2456828295e-18)
    (2.8294267020e-01 -2.2049844195e-18)
    (2.9026318406e-01 -2.1634888461e-18)
    (2.9812578117e-01 -2.1211757339e-18)
    (3.0657780390e-01 -2.0780269543e-18)
    (3.1566679772e-01 -2.0340293404e-18)
    (3.2543906532e-01 -1.9891777051e-18)
    (3.3590884834e-01 -1.9434559008e-18)
    (3.4717220621e-01 -1.8969297666e-18)
    (3.5923181777e-01 -1.8496149052e-18)
    (3.7211011301e-01 -1.8015693273e-18)
    (3.8581857835e-01 -1.7528730016e-18)
    (4.0035607801e-01 -1.7036288333e-18)
    (4.1570758173e-01 -1.6539625454e-18)
    (4.3184341715e-01 -1.6040213647e-18)
    (4.4871913847e-01 -1.5539715013e-18)
    (4.6627605897e-01 -1.5039945127e-18)
    (4.8444243519e-01 -1.4542827507e-18)
    (5.0313523891e-01 -1.4050341703e-18)
    (5.2226241062e-01 -1.3564468260e-18)
    (5.4172544282e-01 -1.3087134108e-18)
    (5.6142213216e-01 -1.2620161640e-18)
    (5.8124933256e-01 -1.2165224304e-18)
    (6.0110555710e-01 -1.1723810752e-18)
    (6.2089330726e-01 -1.1297198773e-18)
    (6.4052103707e-01 -1.0886439356e-18)
    (6.5990470387e-01 -1.0492350467e-18)
    (6.7896888897e-01 -1.0115519558e-18)
    (6.9764750311e-01 -9.7563133730e-19)
    (7.1588411412e-01 -9.4148934597e-19)
    (7.3358636508e-01 -9.0913014862e-19)
    (7.5079956951e-01 -8.7853268608e-19)
    (7.6745533679e-01 -8.4966210148e-19)
    (7.8353256295e-01 -8.2247475775e-19)
    (7.9901751861e-01 -7.9691770433e-19)
    (8.1390305888e-01 -7.7293077700e-19)
    (8.2818781969e-01 -7.5044850571e-19)
    (8.4187543085e-01 -7.2940180447e-19)
    (8.5497376287e-01 -7.0971944190e-19)
    (8.6749422815e-01 -6.9132928526e-19)
    (8.7945114297e-01 -6.7415933480e-19)
    (8.9086115759e-01 -6.5813856102e-19)
    (9.0174275648e-01 -6.4319756305e-19)
    (9.1211582875e-01 -6.2926906809e-19)
    (9.2200130648e-01 -6.1628829144e-19)
    (9.3142086729e-01 -6.0419317684e-19)
    (9.4039669615e-01 -5.9292453550e-19)
    (9.4895130096e-01 -5.8242610116e-19)
    (9.5710737510e-01 -5.7264451754e-19)
    (9.6488770191e-01 -5.6352927046e-19)
    (9.7229590192e-01 -5.5501341276e-19)
    (9.7938516542e-01 -5.4710160522e-19)
    (9.8616492913e-01 -5.3972281317e-19)
    (9.9265725317e-01 -5.3283744006e-19)
    (9.9888404860e-01 -5.2640816760e-19)
    (1.0048670852e+00 -5.2039980344e-19)
    (1.0106280054e+00 -5.1477913193e-19)
    (1.0161883420e+00 -5.0951477007e-19)
    (1.0215695391e+00 -5.0457703054e-19)
    (1.0267929757e+00 -4.9993779020e-19)
    (1.0318799893e+00 -4.9557036932e-19)
    (1.0368231641e+00 -4.9146225793e-19)
    (1.0417033534e+00 -4.8756263695e-19)
    (1.0465120896e+00 -4.8386244610e-19)
    (1.0510868798e+00 -4.8033643704e-19)
    (1.0558591901e+00 -4.7702116963e-19)
    (1.0606532011e+00 -4.7387610644e-19)
    (1.0655074194e+00 -4.7090393036e-19)
    (1.0704684867e+00 -4.6811948021e-19)
    (1.0751997672e+00 -4.6628367948e-19)
    (1.0804337616e+00 -4.6427110396e-19)
    (1.0860944535e+00 -4.6294584698e-19)
    (1.0921800381e+00 -4.6241445762e-19)
    (1.0986620877e+00 -4.6319804955e-19)
    (1.1060807526e+00 -4.6532318808e-19)
    (1.1144567561e+00 -4.6951147584e-19)
    (1.1240549775e+00 -4.7644945926e-19)
    (1.1350476809e+00 -4.8728135508e-19)
    (1.1481500995e+00 -5.0249739804e-19)
    (1.1636258812e+00 -5.2357155172e-19)
    (1.1819885899e+00 -5.5191528770e-19)
    (1.2038177966e+00 -5.8911496576e-19)
    (1.2301634388e+00 -6.3843548545e-19)
    (1.2609969543e+00 -6.9868760998e-19)
    (1.2973623006e+00 -7.7302581844e-19)
    (1.3400043215e+00 -8.6307901011e-19)
    (1.3902463429e+00 -9.7119153070e-19)
    (1.4476740785e+00 -1.0954686759e-18)
    (1.5134371384e+00 -1.2371454023e-18)
    (1.5880617826e+00 -1.3950380961e-18)
    (1.6719409929e+00 -1.5665543210e-18)
    (1.7660607105e+00 -1.7477718102e-18)
    (1.8689224005e+00 -1.9289085139e-18)
    (1.9811674964e+00 -2.1020331849e-18)
    (2.1024762198e+00 -2.2540816036e-18)
    (2.2323544675e+00 -2.3680875464e-18)
    (2.3723894726e+00 -2.4242941188e-18)
    (2.5173051541e+00 -2.3890487977e-18)
    (2.6685098823e+00 -2.2325746041e-18)
    (2.8251127843e+00 -1.9141131402e-18)
    (2.9864403845e+00 -1.3840308810e-18)
    (3.1511716903e+00 -5.8265248722e-19)
    (3.3187345263e+00 5.5905229661e-19)
    (3.4884072284e+00 2.1234182951e-18)
    (3.6595680228e+00 4.2068552540e-18)
    (3.8329812660e+00 6.9240674838e-18)
    (4.0054036492e+00 1.0401294537e-17)
    (4.1781426573e+00 1.4790936052e-17)
    (4.3510158689e+00 2.0265347406e-17)
    (4.5239369983e+00 2.7020912244e-17)
    (4.6971621121e+00 3.5296011255e-17)
    (4.8701409953e+00 4.5313205496e-17)
    (5.0433978978e+00 5.7368414432e-17)
    (5.2171246267e+00 7.1776296418e-17)
    (5.3915564382e+00 8.8885777287e-17)
    (5.5669629670e+00 1.0908160751e-16)
    (5.7436400435e+00 1.3278544906e-16)
    (5.9219025871e+00 1.6045668186e-16)
    (6.1010979376e+00 1.9253985337e-16)
    (6.2835570479e+00 2.2970345280e-16)
    (6.4679920423e+00 2.7242507480e-16)
    (6.6560078497e+00 3.2138845747e-16)
    (6.8473428104e+00 3.7727170846e-16)
    (7.0423340172e+00 4.4076394715e-16)
    (7.2409465159e+00 5.1256460162e-16)
    (7.4442081970e+00 5.9348681585e-16)
    (7.6521663603e+00 6.8438725380e-16)
    (7.8676105910e+00 7.8713479111e-16)
    (8.0858487204e+00 9.0073046345e-16)
    (8.3098278044e+00 1.0270268236e-15)
    (8.5398932950e+00 1.1670068807e-15)
    (8.7763949131e+00 1.3216897750e-15)
    (9.0196879697e+00 1.4921297798e-15)
    (9.2670974766e+00 1.6779772131e-15)
    (9.5251096885e+00 1.8831017597e-15)
    (9.7910839770e+00 2.1074640796e-15)
    (1.0065371630e+01 2.3521646872e-15)
    (1.0346344593e+01 2.6174800696e-15)
    (1.0638438926e+01 2.9063058991e-15)
    (1.0940187398e+01 3.2193563398e-15)
    (1.1925355136e+01 4.2668079525e-15)
    (1.2308824412e+01 4.7343215347e-15)
    (1.2709276652e+01 5.2412506105e-15)
    (1.3126439691e+01 5.7900471940e-15)
    (1.3561263285e+01 6.3830627916e-15)
    (1.4012493747e+01 7.0203838193e-15)
    (1.4484291915e+01 7.7065192553e-15)
    (1.4973992379e+01 8.4428634258e-15)
    (1.5487666223e+01 9.2321501069e-15)
    (1.6023909695e+01 1.0076445507e-14)
    (1.6583468512e+01 1.0978650611e-14)
    (1.7168941463e+01 1.1940127851e-14)
    (1.7781023451e+01 1.2963447278e-14)
    (1.8422151615e+01 1.4053151092e-14)
    (1.9092649339e+01 1.5207552515e-14)
    (1.9794733945e+01 1.6430434014e-14)
    (2.0530664058e+01 1.7724428147e-14)
    (2.1299508263e+01 1.9088940261e-14)
    (2.2109288431e+01 2.0530755435e-14)
    (2.2959485968e+01 2.2049544713e-14)
    (2.3850104879e+01 2.3643799768e-14)
    (2.4788921536e+01 2.5321463265e-14)
    (2.5776295005e+01 2.7080941054e-14)
    (2.6817698048e+01 2.8926198598e-14)
    (2.7909067436e+01 3.0848561765e-14)
    (2.9061538888e+01 3.2860126414e-14)
    (3.0279874265e+01 3.4960903231e-14)
    (3.1556757395e+01 3.7136164387e-14)
    (3.2908931845e+01 3.9405740417e-14)
    (3.4342348823e+01 4.1766307316e-14)
    (3.5842127009e+01 4.4195330500e-14)
    (3.7437719791e+01 4.6722555679e-14)
    (3.9117090489e+01 4.9318201395e-14)
    (4.0644106575e+01 5.1738492836e-14)
    (4.2796040127e+01 5.4788412100e-14)
    (4.4789131155e+01 5.7624019849e-14)
    (4.6589221150e+01 6.0254763973e-14)
    (4.9179324484e+01 6.3566082606e-14)
    (5.1201199815e+01 6.6338068095e-14)
    (5.4099126670e+01 6.9761810992e-14)
    (5.6778858337e+01 7.2930862620e-14)
    (5.9117854096e+01 7.5801034188e-14)
    (6.2718461942e+01 7.9511858850e-14)
    (6.5410085846e+01 8.2526531870e-14)
    (6.9496742822e+01 8.6318725189e-14)
    (7.3180976752e+01 8.9732974877e-14)
    (7.7182577491e+01 9.3238182746e-14)
    (8.1420085225e+01 9.6734798658e-14)
    (8.6011788405e+01 1.0029314031e-13)
    (9.0867763137e+01 1.0380679042e-13)
    (9.6165388139e+01 1.0739309553e-13)
    (1.0177823578e+02 1.1092197445e-13)
    (1.0792309375e+02 1.1450717627e-13)
    (1.1458604701e+02 1.1808049919e-13)
    (1.2160542734e+02 1.2155875811e-13)
    (1.2939531717e+02 1.2508282684e-13)
    (1.3542361118e+02 1.2795019005e-13)
    (1.4388362195e+02 1.3120458503e-13)
    (1.5371740495e+02 1.3464067425e-13)
    (1.6736124994e+02 1.3858946661e-13)
    (1.7556818514e+02 1.4120098060e-13)
    (1.9180551086e+02 1.4493364253e-13)
    (2.0148427830e+02 1.4735364826e-13)
);
