// PelecN vs mean energy [eV]; air_plasma [94c490be646f8872], T_gas = 300.000000 K
(
    (0 0.0000000000e+00)
    (1.3716749438e-01 0.0000000000e+00)
    (1.4076979314e-01 0.0000000000e+00)
    (1.4397604008e-01 0.0000000000e+00)
    (1.4684113805e-01 0.0000000000e+00)
    (1.4941204783e-01 0.0000000000e+00)
    (1.5172864004e-01 0.0000000000e+00)
    (1.5382482203e-01 0.0000000000e+00)
    (1.5572964088e-01 0.0000000000e+00)
    (1.5746824649e-01 0.0000000000e+00)
    (1.5906268561e-01 0.0000000000e+00)
    (1.6040186980e-01 0.0000000000e+00)
    (1.6189539494e-01 0.0000000000e+00)
    (1.6316727128e-01 0.0000000000e+00)
    (1.6436286366e-01 0.0000000000e+00)
    (1.6549578572e-01 0.0000000000e+00)
    (1.6657873020e-01 0.0000000000e+00)
    (1.6762359287e-01 0.0000000000e+00)
    (1.6865359887e-01 0.0000000000e+00)
    (1.6965539117e-01 0.0000000000e+00)
    (1.7065096866e-01 0.0000000000e+00)
    (1.7163702901e-01 0.0000000000e+00)
    (1.7264762429e-01 0.0000000000e+00)
    (1.7367878080e-01 0.0000000000e+00)
    (1.7473849913e-01 0.0000000000e+00)
    (1.7583432821e-01 0.0000000000e+00)
    (1.7697337833e-01 0.0000000000e+00)
    (1.7816233417e-01 0.0000000000e+00)
    (1.7940746844e-01 0.0000000000e+00)
    (1.8071465956e-01 0.0000000000e+00)
    (1.8208941158e-01 0.0000000000e+00)
    (1.8353687952e-01 0.0000000000e+00)
    (1.8506190021e-01 0.0000000000e+00)
    (1.8666902928e-01 0.0000000000e+00)
    (1.8836258474e-01 0.0000000000e+00)
    (1.9014669747e-01 0.0000000000e+00)
    (1.9202536831e-01 0.0000000000e+00)
    (1.9400253175e-01 0.0000000000e+00)
    (1.9608212573e-01 0.0000000000e+00)
    (1.9826816696e-01 0.0000000000e+00)
    (2.0056483136e-01 0.0000000000e+00)
    (2.0297653896e-01 0.0000000000e+00)
    (2.0550804255e-01 0.0000000000e+00)
    (2.0816451961e-01 0.0000000000e+00)
    (2.1095166654e-01 0.0000000000e+00)
    (2.1387579417e-01 0.0000000000e+00)
    (2.1694256551e-01 0.0000000000e+00)
    (2.2014788174e-01 0.0000000000e+00)
    (2.2353446165e-01 0.0000000000e+00)
    (2.2709477487e-01 0.0000000000e+00)
    (2.3084127841e-01 0.0000000000e+00)
    (2.3479833990e-01 0.0000000000e+00)
    (2.3896131204e-01 0.0000000000e+00)
    (2.4336011410e-01 0.0000000000e+00)
    (2.4801612280e-01 0.0000000000e+00)
    (2.5295360836e-01 0.0000000000e+00)
    (2.5819915170e-01 0.0000000000e+00)
    (2.6378576428e-01 0.0000000000e+00)
    (2.6974626976e-01 0.0000000000e+00)
    (2.7611829297e-01 0.0000000000e+00)
    (2.8294269841e-01 0.0000000000e+00)
    (2.9026321198e-01 0.0000000000e+00)
    (2.9812580887e-01 0.0000000000e+00)
    (3.0657783145e-01 0.0000000000e+00)
    (3.1566682518e-01 0.0000000000e+00)
    (3.2543909275e-01 0.0000000000e+00)
    (3.3590887576e-01 0.0000000000e+00)
    (3.4717223366e-01 0.0000000000e+00)
    (3.5923184525e-01 0.0000000000e+00)
    (3.7211014051e-01 0.0000000000e+00)
    (3.8581860584e-01 0.0000000000e+00)
    (4.0035610545e-01 0.0000000000e+00)
    (4.1570760906e-01 0.0000000000e+00)
    (4.3184344429e-01 0.0000000000e+00)
    (4.4871916534e-01 0.0000000000e+00)
    (4.6627608546e-01 0.0000000000e+00)
    (4.8444246122e-01 0.0000000000e+00)
    (5.0313526437e-01 0.0000000000e+00)
    (5.2226243543e-01 0.0000000000e+00)
    (5.4172546688e-01 0.0000000000e+00)
    (5.6142215538e-01 0.0000000000e+00)
    (5.8124935489e-01 0.0000000000e+00)
    (6.0110557847e-01 0.0000000000e+00)
    (6.2089332763e-01 0.0000000000e+00)
    (6.4052105642e-01 0.0000000000e+00)
    (6.5990472218e-01 0.0000000000e+00)
    (6.7896890624e-01 0.0000000000e+00)
    (6.9764751934e-01 0.0000000000e+00)
    (7.1588412933e-01 0.0000000000e+00)
    (7.3358637930e-01 0.0000000000e+00)
    (7.5079958278e-01 0.0000000000e+00)
    (7.6745534914e-01 0.0000000000e+00)
    (7.8353257443e-01 0.0000000000e+00)
    (7.9901752925e-01 0.0000000000e+00)
    (8.1390306874e-01 0.0000000000e+00)
    (8.2818782881e-01 0.0000000000e+00)
    (8.4187543928e-01 0.0000000000e+00)
    (8.5497377065e-01 0.0000000000e+00)
    (8.6749423532e-01 0.0000000000e+00)
    (8.7945114959e-01 0.0000000000e+00)
    (8.9086116369e-01 0.0000000000e+00)
    (9.0174276209e-01 0.0000000000e+00)
    (9.1211583392e-01 0.0000000000e+00)
    (9.2200131124e-01 0.0000000000e+00)
    (9.3142087166e-01 0.0000000000e+00)
    (9.4039670018e-01 0.0000000000e+00)
    (9.4895130466e-01 0.0000000000e+00)
    (9.5710737851e-01 0.0000000000e+00)
    (9.6488770504e-01 0.0000000000e+00)
    (9.7229590480e-01 0.0000000000e+00)
    (9.7938516806e-01 0.0000000000e+00)
    (9.8616493157e-01 0.0000000000e+00)
    (9.9265725541e-01 0.0000000000e+00)
    (9.9888405066e-01 0.0000000000e+00)
    (1.0048670871e+00 0.0000000000e+00)
    (1.0106280072e+00 0.0000000000e+00)
    (1.0161883436e+00 0.0000000000e+00)
    (1.0215695406e+00 0.0000000000e+00)
    (1.0267929771e+00 0.0000000000e+00)
    (1.0318799906e+00 0.0000000000e+00)
    (1.0368231653e+00 0.0000000000e+00)
    (1.0417033545e+00 0.0000000000e+00)
    (1.0465120906e+00 0.0000000000e+00)
    (1.0510868807e+00 0.0000000000e+00)
    (1.0558591909e+00 0.0000000000e+00)
    (1.0606532018e+00 0.0000000000e+00)
    (1.0655074201e+00 0.0000000000e+00)
    (1.0704684874e+00 0.0000000000e+00)
    (1.0751997678e+00 0.0000000000e+00)
    (1.0804337622e+00 0.0000000000e+00)
    (1.0860944541e+00 0.0000000000e+00)
    (1.0921800386e+00 0.0000000000e+00)
    (1.0986620881e+00 0.0000000000e+00)
    (1.1060807530e+00 0.0000000000e+00)
    (1.1144567565e+00 0.0000000000e+00)
    (1.1240549778e+00 0.0000000000e+00)
    (1.1350476813e+00 2.2573945141e-21)
    (1.1481500998e+00 4.4828738763e-21)
    (1.1636258816e+00 8.6049798783e-21)
    (1.1819885903e+00 1.6029621723e-20)
    (1.2038177970e+00 2.9042120042e-20)
    (1.2301634392e+00 7.0147191422e-20)
    (1.2609969547e+00 1.2443731031e-19)
    (1.2973623011e+00 2.1554687032e-19)
    (1.3400043219e+00 3.6495683203e-19)
    (1.3902463434e+00 6.2388836339e-19)
    (1.4476740790e+00 1.0199382382e-18)
    (1.5134371389e+00 1.6341589880e-18)
    (1.5880617832e+00 2.5682165288e-18)
    (1.6719409936e+00 3.9617838421e-18)
    (1.7660607111e+00 6.0462564278e-18)
    (1.8689224012e+00 9.0042530662e-18)
    (1.9811674971e+00 1.3193392239e-17)
    (2.1024762205e+00 1.9030353010e-17)
    (2.2323544682e+00 2.7037008030e-17)
    (2.3723894733e+00 3.7947692576e-17)
    (2.5173051548e+00 5.2387912296e-17)
    (2.6685098830e+00 7.1367875003e-17)
    (2.8251127850e+00 9.5997644529e-17)
    (2.9864403851e+00 1.2760497766e-16)
    (3.1511716909e+00 1.6763349363e-16)
    (3.3187345269e+00 2.1782858009e-16)
    (3.4884072290e+00 2.8014179009e-16)
    (3.6595680233e+00 3.5677069492e-16)
    (3.8329812664e+00 4.5037743612e-16)
    (4.0054036496e+00 5.6322763914e-16)
    (4.1781426577e+00 6.9856991674e-16)
    (4.3510158693e+00 8.5969913279e-16)
    (4.5239369987e+00 1.0502040328e-15)
    (4.6971621124e+00 1.2742157037e-15)
    (4.8701409956e+00 1.5353595792e-15)
    (5.0433978981e+00 1.8383984720e-15)
    (5.2171246269e+00 2.1880883604e-15)
    (5.3915564385e+00 2.5894574697e-15)
    (5.5669629672e+00 3.0477902478e-15)
    (5.7436400437e+00 3.5686052931e-15)
    (5.9219025873e+00 4.1576299557e-15)
    (6.1010979378e+00 4.8193545776e-15)
    (6.2835570480e+00 5.5624705208e-15)
    (6.4679920424e+00 6.3913051484e-15)
    (6.6560078498e+00 7.3131143588e-15)
    (6.8473428105e+00 8.3340607674e-15)
    (7.0423340173e+00 9.4603367796e-15)
    (7.2409465160e+00 1.0697569878e-14)
    (7.4442081971e+00 1.2052782534e-14)
    (7.6521663603e+00 1.3532133324e-14)
    (7.8676105911e+00 1.5152519602e-14)
    (8.0858487204e+00 1.6898801678e-14)
    (8.3098278045e+00 1.8787106184e-14)
    (8.5398932951e+00 2.0823109956e-14)
    (8.7763949131e+00 2.3012316930e-14)
    (9.0196879697e+00 2.5360046657e-14)
    (9.2670974767e+00 2.7856962284e-14)
    (9.5251096886e+00 3.0536093213e-14)
    (9.7910839770e+00 3.3389223580e-14)
    (1.0065371630e+01 3.6420338652e-14)
    (1.0346344593e+01 3.9623833209e-14)
    (1.0638438926e+01 4.3022123144e-14)
    (1.0940187398e+01 4.6611399998e-14)
    (1.1925355136e+01 5.8262945992e-14)
    (1.2308824412e+01 6.3139378028e-14)
    (1.2709276652e+01 6.8286808578e-14)
    (1.3126439691e+01 7.3706687924e-14)
    (1.3561263285e+01 7.9403156932e-14)
    (1.4012493747e+01 8.5360819662e-14)
    (1.4484291915e+01 9.1606198997e-14)
    (1.4973992379e+01 9.8116461924e-14)
    (1.5487666223e+01 1.0492307061e-13)
    (1.6023909695e+01 1.1201084684e-13)
    (1.6583468512e+01 1.1937162050e-13)
    (1.7168941463e+01 1.2702108753e-13)
    (1.7781023452e+01 1.3494833416e-13)
    (1.8422151615e+01 1.4315375976e-13)
    (1.9092649339e+01 1.5163087026e-13)
    (1.9794733945e+01 1.6037609576e-13)
    (2.0530664058e+01 1.6938706104e-13)
    (2.1299508263e+01 1.7861887345e-13)
    (2.2109288431e+01 1.8814286850e-13)
    (2.2959485968e+01 1.9791362995e-13)
    (2.3850104879e+01 2.0787856906e-13)
    (2.4788921536e+01 2.1811872458e-13)
    (2.5776295005e+01 2.2857961733e-13)
    (2.6817698048e+01 2.3926116220e-13)
    (2.7909067436e+01 2.5008998478e-13)
    (2.9061538888e+01 2.6114703408e-13)
    (3.0279874265e+01 2.7239121471e-13)
    (3.1556757395e+01 2.8372741244e-13)
    (3.2908931845e+01 2.9526632914e-13)
    (3.4342348823e+01 3.0695363514e-13)
    (3.5842127009e+01 3.1866559427e-13)
    (3.7437719791e+01 3.3055679269e-13)
    (3.9117090489e+01 3.4242679513e-13)
    (4.0644106575e+01 3.5314998827e-13)
    (4.2796040127e+01 3.6656946937e-13)
    (4.4789131155e+01 3.7858451926e-13)
    (4.6589221150e+01 3.8934934222e-13)
    (4.9179324484e+01 4.0288344150e-13)
    (5.1201199815e+01 4.1367122603e-13)
    (5.4099126670e+01 4.2695344694e-13)
    (5.6778858337e+01 4.3877416103e-13)
    (5.9117854096e+01 4.4901547297e-13)
    (6.2718461942e+01 4.6251569318e-13)
    (6.5410085846e+01 4.7277974679e-13)
    (6.9496742822e+01 4.8592281940e-13)
    (7.3180976752e+01 4.9718715275e-13)
    (7.7182577491e+01 5.0854842447e-13)
    (8.1420085225e+01 5.1956559213e-13)
    (8.6011788405e+01 5.3058296522e-13)
    (9.0867763137e+01 5.4114381141e-13)
    (9.6165388139e+01 5.5177441140e-13)
    (1.0177823578e+02 5.6194143147e-13)
    (1.0792309375e+02 5.7214300666e-13)
    (1.1458604701e+02 5.8211786482e-13)
    (1.2160542734e+02 5.9154904300e-13)
    (1.2939531717e+02 6.0106056916e-13)
    (1.3542361118e+02 6.0771180207e-13)
    (1.4388362195e+02 6.1586540727e-13)
    (1.5371740495e+02 6.2485361337e-13)
    (1.6736124994e+02 6.3620470645e-13)
    (1.7556818514e+02 6.4158527547e-13)
    (1.9180551086e+02 6.5240590222e-13)
    (2.0148427830e+02 6.5710803954e-13)
);
