// PelecN vs reducedE [V m^2]; air_plasma [94c490be646f8872], T_gas = 300.000000 K
(
    (0 0.0000000000e+00)
    (1.0000000000e-22 0.0000000000e+00)
    (1.0452754953e-22 0.0000000000e+00)
    (1.0926008611e-22 0.0000000000e+00)
    (1.1420689063e-22 0.0000000000e+00)
    (1.1937766417e-22 0.0000000000e+00)
    (1.2478254705e-22 0.0000000000e+00)
    (1.3043213867e-22 0.0000000000e+00)
    (1.3633751836e-22 0.0000000000e+00)
    (1.4251026703e-22 0.0000000000e+00)
    (1.4896248996e-22 0.0000000000e+00)
    (1.5570684048e-22 0.0000000000e+00)
    (1.6275654480e-22 0.0000000000e+00)
    (1.7012542799e-22 0.0000000000e+00)
    (1.7782794100e-22 0.0000000000e+00)
    (1.8587918911e-22 0.0000000000e+00)
    (1.9429496147e-22 0.0000000000e+00)
    (2.0309176209e-22 0.0000000000e+00)
    (2.1228684221e-22 0.0000000000e+00)
    (2.2189823415e-22 0.0000000000e+00)
    (2.3194478661e-22 0.0000000000e+00)
    (2.4244620171e-22 0.0000000000e+00)
    (2.5342307358e-22 0.0000000000e+00)
    (2.6489692876e-22 0.0000000000e+00)
    (2.7689026842e-22 0.0000000000e+00)
    (2.8942661247e-22 0.0000000000e+00)
    (3.0253054571e-22 0.0000000000e+00)
    (3.1622776602e-22 0.0000000000e+00)
    (3.3054513476e-22 0.0000000000e+00)
    (3.4551072946e-22 0.0000000000e+00)
    (3.6115389887e-22 0.0000000000e+00)
    (3.7750532053e-22 0.0000000000e+00)
    (3.9459706091e-22 0.0000000000e+00)
    (4.1246263829e-22 0.0000000000e+00)
    (4.3113708854e-22 0.0000000000e+00)
    (4.5065703377e-22 0.0000000000e+00)
    (4.7106075420e-22 0.0000000000e+00)
    (4.9238826317e-22 0.0000000000e+00)
    (5.1468138568e-22 0.0000000000e+00)
    (5.3798384034e-22 0.0000000000e+00)
    (5.6234132519e-22 0.0000000000e+00)
    (5.8780160723e-22 0.0000000000e+00)
    (6.1441461614e-22 0.0000000000e+00)
    (6.4223254222e-22 0.0000000000e+00)
    (6.7130993868e-22 0.0000000000e+00)
    (7.0170382867e-22 0.0000000000e+00)
    (7.3347381708e-22 0.0000000000e+00)
    (7.6668220745e-22 0.0000000000e+00)
    (8.0139412415e-22 0.0000000000e+00)
    (8.3767764007e-22 0.0000000000e+00)
    (8.7560391014e-22 0.0000000000e+00)
    (9.1524731088e-22 0.0000000000e+00)
    (9.5668558622e-22 0.0000000000e+00)
    (1.0000000000e-21 0.0000000000e+00)
    (1.0452754953e-21 0.0000000000e+00)
    (1.0926008611e-21 0.0000000000e+00)
    (1.1420689063e-21 0.0000000000e+00)
    (1.1937766417e-21 0.0000000000e+00)
    (1.2478254705e-21 0.0000000000e+00)
    (1.3043213867e-21 0.0000000000e+00)
    (1.3633751836e-21 0.0000000000e+00)
    (1.4251026703e-21 0.0000000000e+00)
    (1.4896248996e-21 0.0000000000e+00)
    (1.5570684048e-21 0.0000000000e+00)
    (1.6275654480e-21 0.0000000000e+00)
    (1.7012542799e-21 0.0000000000e+00)
    (1.7782794100e-21 0.0000000000e+00)
    (1.8587918911e-21 0.0000000000e+00)
    (1.9429496147e-21 0.0000000000e+00)
    (2.0309176209e-21 0.0000000000e+00)
    (2.1228684221e-21 0.0000000000e+00)
    (2.2189823415e-21 0.0000000000e+00)
    (2.3194478661e-21 0.0000000000e+00)
    (2.4244620171e-21 0.0000000000e+00)
    (2.5342307358e-21 0.0000000000e+00)
    (2.6489692876e-21 0.0000000000e+00)
    (2.7689026842e-21 0.0000000000e+00)
    (2.8942661247e-21 0.0000000000e+00)
    (3.0253054571e-21 0.0000000000e+00)
    (3.1622776602e-21 0.0000000000e+00)
    (3.3054513476e-21 0.0000000000e+00)
    (3.4551072946e-21 0.0000000000e+00)
    (3.6115389887e-21 0.0000000000e+00)
    (3.7750532053e-21 0.0000000000e+00)
    (3.9459706091e-21 0.0000000000e+00)
    (4.1246263829e-21 0.0000000000e+00)
    (4.3113708854e-21 0.0000000000e+00)
    (4.5065703377e-21 0.0000000000e+00)
    (4.7106075420e-21 0.0000000000e+00)
    (4.9238826317e-21 0.0000000000e+00)
    (5.1468138568e-21 0.0000000000e+00)
    (5.3798384034e-21 0.0000000000e+00)
    (5.6234132519e-21 0.0000000000e+00)
    (5.8780160723e-21 0.0000000000e+00)
    (6.1441461614e-21 0.0000000000e+00)
    (6.4223254222e-21 0.0000000000e+00)
    (6.7130993868e-21 0.0000000000e+00)
    (7.0170382867e-21 0.0000000000e+00)
    (7.3347381708e-21 0.0000000000e+00)
    (7.6668220745e-21 0.0000000000e+00)
    (8.0139412415e-21 0.0000000000e+00)
    (8.3767764007e-21 0.0000000000e+00)
    (8.7560391014e-21 0.0000000000e+00)
    (9.1524731088e-21 0.0000000000e+00)
    (9.5668558622e-21 0.0000000000e+00)
    (1.0000000000e-20 0.0000000000e+00)
    (1.0452754953e-20 0.0000000000e+00)
    (1.0926008611e-20 0.0000000000e+00)
    (1.1420689063e-20 0.0000000000e+00)
    (1.1937766417e-20 0.0000000000e+00)
    (1.2478254705e-20 0.0000000000e+00)
    (1.3043213867e-20 0.0000000000e+00)
    (1.3633751836e-20 0.0000000000e+00)
    (1.4251026703e-20 0.0000000000e+00)
    (1.4896248996e-20 0.0000000000e+00)
    (1.5570684048e-20 0.0000000000e+00)
    (1.6275654480e-20 0.0000000000e+00)
    (1.7012542799e-20 0.0000000000e+00)
    (1.7782794100e-20 0.0000000000e+00)
    (1.8587918911e-20 0.0000000000e+00)
    (1.9429496147e-20 0.0000000000e+00)
    (2.0309176209e-20 0.0000000000e+00)
    (2.1228684221e-20 0.0000000000e+00)
    (2.2189823415e-20 0.0000000000e+00)
    (2.3194478661e-20 0.0000000000e+00)
    (2.4244620171e-20 0.0000000000e+00)
    (2.5342307358e-20 0.0000000000e+00)
    (2.6489692876e-20 0.0000000000e+00)
    (2.7689026842e-20 0.0000000000e+00)
    (2.8942661247e-20 0.0000000000e+00)
    (3.0253054571e-20 0.0000000000e+00)
    (3.1622776602e-20 0.0000000000e+00)
    (3.3054513476e-20 0.0000000000e+00)
    (3.4551072946e-20 0.0000000000e+00)
    (3.6115389887e-20 0.0000000000e+00)
    (3.7750532053e-20 0.0000000000e+00)
    (3.9459706091e-20 2.2573946112e-21)
    (4.1246263829e-20 4.4828739138e-21)
    (4.3113708854e-20 8.6049798621e-21)
    (4.5065703377e-20 1.6029621658e-20)
    (4.7106075420e-20 2.9042119909e-20)
    (4.9238826317e-20 7.0147191465e-20)
    (5.1468138568e-20 1.2443731018e-19)
    (5.3798384034e-20 2.1554686965e-19)
    (5.6234132519e-20 3.6495683070e-19)
    (5.8780160723e-20 6.2388836415e-19)
    (6.1441461614e-20 1.0199382373e-18)
    (6.4223254222e-20 1.6341589847e-18)
    (6.7130993868e-20 2.5682165226e-18)
    (7.0170382867e-20 3.9617838324e-18)
    (7.3347381708e-20 6.0462564090e-18)
    (7.6668220745e-20 9.0042530408e-18)
    (8.0139412415e-20 1.3193392208e-17)
    (8.3767764007e-20 1.9030352971e-17)
    (8.7560391014e-20 2.7037007982e-17)
    (9.1524731088e-20 3.7947692520e-17)
    (9.5668558622e-20 5.2387912227e-17)
    (1.0000000000e-19 7.1367874921e-17)
    (1.0452754953e-19 9.5997644432e-17)
    (1.0926008611e-19 1.2760497755e-16)
    (1.1420689063e-19 1.6763349351e-16)
    (1.1937766417e-19 2.1782857995e-16)
    (1.2478254705e-19 2.8014178993e-16)
    (1.3043213867e-19 3.5677069474e-16)
    (1.3633751836e-19 4.5037743591e-16)
    (1.4251026703e-19 5.6322763892e-16)
    (1.4896248996e-19 6.9856991650e-16)
    (1.5570684048e-19 8.5969913254e-16)
    (1.6275654480e-19 1.0502040326e-15)
    (1.7012542799e-19 1.2742157035e-15)
    (1.7782794100e-19 1.5353595789e-15)
    (1.8587918911e-19 1.8383984717e-15)
    (1.9429496147e-19 2.1880883601e-15)
    (2.0309176209e-19 2.5894574693e-15)
    (2.1228684221e-19 3.0477902475e-15)
    (2.2189823415e-19 3.5686052927e-15)
    (2.3194478661e-19 4.1576299553e-15)
    (2.4244620171e-19 4.8193545773e-15)
    (2.5342307358e-19 5.5624705204e-15)
    (2.6489692876e-19 6.3913051480e-15)
    (2.7689026842e-19 7.3131143584e-15)
    (2.8942661247e-19 8.3340607670e-15)
    (3.0253054571e-19 9.4603367792e-15)
    (3.1622776602e-19 1.0697569878e-14)
    (3.3054513476e-19 1.2052782533e-14)
    (3.4551072946e-19 1.3532133323e-14)
    (3.6115389887e-19 1.5152519602e-14)
    (3.7750532053e-19 1.6898801678e-14)
    (3.9459706091e-19 1.8787106183e-14)
    (4.1246263829e-19 2.0823109956e-14)
    (4.3113708854e-19 2.3012316930e-14)
    (4.5065703377e-19 2.5360046657e-14)
    (4.7106075420e-19 2.7856962283e-14)
    (4.9238826317e-19 3.0536093213e-14)
    (5.1468138568e-19 3.3389223580e-14)
    (5.3798384034e-19 3.6420338652e-14)
    (5.6234132519e-19 3.9623833209e-14)
    (5.8780160723e-19 4.3022123144e-14)
    (6.1441461614e-19 4.6611399998e-14)
    (6.4223254222e-19 5.8262945992e-14)
    (6.7130993868e-19 6.3139378028e-14)
    (7.0170382867e-19 6.8286808578e-14)
    (7.3347381708e-19 7.3706687924e-14)
    (7.6668220745e-19 7.9403156932e-14)
    (8.0139412415e-19 8.5360819662e-14)
    (8.3767764007e-19 9.1606198997e-14)
    (8.7560391014e-19 9.8116461924e-14)
    (9.1524731088e-19 1.0492307061e-13)
    (9.5668558622e-19 1.1201084684e-13)
    (1.0000000000e-18 1.1937162050e-13)
    (1.0452754953e-18 1.2702108753e-13)
    (1.0926008611e-18 1.3494833416e-13)
    (1.1420689063e-18 1.4315375976e-13)
    (1.1937766417e-18 1.5163087026e-13)
    (1.2478254705e-18 1.6037609576e-13)
    (1.3043213867e-18 1.6938706104e-13)
    (1.3633751836e-18 1.7861887345e-13)
    (1.4251026703e-18 1.8814286850e-13)
    (1.4896248996e-18 1.9791362995e-13)
    (1.5570684048e-18 2.0787856906e-13)
    (1.6275654480e-18 2.1811872458e-13)
    (1.7012542799e-18 2.2857961733e-13)
    (1.7782794100e-18 2.3926116220e-13)
    (1.8587918911e-18 2.5008998478e-13)
    (1.9429496147e-18 2.6114703408e-13)
    (2.0309176209e-18 2.7239121471e-13)
    (2.1228684221e-18 2.8372741244e-13)
    (2.2189823415e-18 2.9526632914e-13)
    (2.3194478661e-18 3.0695363514e-13)
    (2.4244620171e-18 3.1866559427e-13)
    (2.5342307358e-18 3.3055679269e-13)
    (2.6489692876e-18 3.4242679513e-13)
    (2.7689026842e-18 3.5314998827e-13)
    (2.8942661247e-18 3.6656946937e-13)
    (3.0253054571e-18 3.7858451926e-13)
    (3.1622776602e-18 3.8934934222e-13)
    (3.3054513476e-18 4.0288344150e-13)
    (3.4551072946e-18 4.1367122603e-13)
    (3.6115389887e-18 4.2695344694e-13)
    (3.7750532053e-18 4.3877416103e-13)
    (3.9459706091e-18 4.4901547297e-13)
    (4.1246263829e-18 4.6251569318e-13)
    (4.3113708854e-18 4.7277974679e-13)
    (4.5065703377e-18 4.8592281940e-13)
    (4.7106075420e-18 4.9718715275e-13)
    (4.9238826317e-18 5.0854842447e-13)
    (5.1468138568e-18 5.1956559213e-13)
    (5.3798384034e-18 5.3058296522e-13)
    (5.6234132519e-18 5.4114381141e-13)
    (5.8780160723e-18 5.5177441140e-13)
    (6.1441461614e-18 5.6194143146e-13)
    (6.4223254222e-18 5.7214300666e-13)
    (6.7130993868e-18 5.8211786482e-13)
    (7.0170382867e-18 5.9154904300e-13)
    (7.3347381708e-18 6.0106056916e-13)
    (7.6668220745e-18 6.0771180207e-13)
    (8.0139412415e-18 6.1586540727e-13)
    (8.3767764007e-18 6.2485361337e-13)
    (8.7560391014e-18 6.3620470645e-13)
    (9.1524731088e-18 6.4158527547e-13)
    (9.5668558622e-18 6.5240590222e-13)
    (1.0000000000e-17 6.5710803954e-13)
);
