// PinelasticN vs mean energy [eV]; air_plasma [94c490be646f8872], T_gas = 300.000000 K
(
    (0 9.4603894379e-19)
    (1.3716749438e-01 9.4603894379e-19)
    (1.4076979314e-01 9.7601797011e-19)
    (1.4397604008e-01 1.0051280606e-18)
    (1.4684113805e-01 1.0337107243e-18)
    (1.4941204783e-01 1.0620669960e-18)
    (1.5172864004e-01 1.0904616254e-18)
    (1.5382482203e-01 1.1191289448e-18)
    (1.5572964088e-01 1.1482789217e-18)
    (1.5746824649e-01 1.1781027159e-18)
    (1.5906268561e-01 1.2087775640e-18)
    (1.6040186980e-01 1.2498348963e-18)
    (1.6189539494e-01 1.2733444030e-18)
    (1.6316727128e-01 1.3075563565e-18)
    (1.6436286366e-01 1.3432652218e-18)
    (1.6549578572e-01 1.3806317450e-18)
    (1.6657873020e-01 1.4198213180e-18)
    (1.6762359287e-01 1.4610061009e-18)
    (1.6865359887e-01 1.5038712097e-18)
    (1.6965539117e-01 1.5494996714e-18)
    (1.7065096866e-01 1.5976769509e-18)
    (1.7163702901e-01 1.6490996963e-18)
    (1.7264762429e-01 1.7030384351e-18)
    (1.7367878080e-01 1.7602171826e-18)
    (1.7473849913e-01 1.8209002099e-18)
    (1.7583432821e-01 1.8853719464e-18)
    (1.7697337833e-01 1.9539386667e-18)
    (1.7816233417e-01 2.0269302383e-18)
    (1.7940746844e-01 2.1047019053e-18)
    (1.8071465956e-01 2.1876362370e-18)
    (1.8208941158e-01 2.2761451192e-18)
    (1.8353687952e-01 2.3706719177e-18)
    (1.8506190021e-01 2.4716937883e-18)
    (1.8666902928e-01 2.5797241568e-18)
    (1.8836258474e-01 2.6953153796e-18)
    (1.9014669747e-01 2.8190615917e-18)
    (1.9202536831e-01 2.9516017407e-18)
    (1.9400253175e-01 3.0936227977e-18)
    (1.9608212573e-01 3.2458631245e-18)
    (1.9826816696e-01 3.4091159611e-18)
    (2.0056483136e-01 3.5842329812e-18)
    (2.0297653896e-01 3.7721278417e-18)
    (2.0550804255e-01 3.9737796261e-18)
    (2.0816451961e-01 4.1902360447e-18)
    (2.1095166654e-01 4.4226162102e-18)
    (2.1387579417e-01 4.6721127509e-18)
    (2.1694256551e-01 4.9410538850e-18)
    (2.2014788174e-01 5.2285958638e-18)
    (2.2353446165e-01 5.5380416352e-18)
    (2.2709477487e-01 5.8704407769e-18)
    (2.3084127841e-01 6.2274751521e-18)
    (2.3479833990e-01 6.6127246852e-18)
    (2.3896131204e-01 7.0245999649e-18)
    (2.4336011410e-01 7.4668627120e-18)
    (2.4801612280e-01 7.9416394030e-18)
    (2.5295360836e-01 8.4511627572e-18)
    (2.5819915170e-01 9.0003632191e-18)
    (2.6378576428e-01 9.5865593418e-18)
    (2.6974626976e-01 1.0214864884e-17)
    (2.7611829297e-01 1.0887913058e-17)
    (2.8294269841e-01 1.1608411921e-17)
    (2.9026321198e-01 1.2379131376e-17)
    (2.9812580887e-01 1.3202889568e-17)
    (3.0657783145e-01 1.4082538787e-17)
    (3.1566682518e-01 1.5020952545e-17)
    (3.2543909275e-01 1.6021014753e-17)
    (3.3590887576e-01 1.7086393467e-17)
    (3.4717223366e-01 1.8218474223e-17)
    (3.5923184525e-01 1.9421022614e-17)
    (3.7211014051e-01 2.0697089953e-17)
    (3.8581860584e-01 2.2049845896e-17)
    (4.0035610545e-01 2.3482645272e-17)
    (4.1570760906e-01 2.4999100020e-17)
    (4.3184344429e-01 2.6603186644e-17)
    (4.4871916534e-01 2.8299317294e-17)
    (4.6627608546e-01 3.0092473293e-17)
    (4.8444246122e-01 3.1988325034e-17)
    (5.0313526437e-01 3.3993348319e-17)
    (5.2226243543e-01 3.6114944958e-17)
    (5.4172546688e-01 3.8361559217e-17)
    (5.6142215538e-01 4.0742791037e-17)
    (5.8124935489e-01 4.3269505596e-17)
    (6.0110557847e-01 4.5953939619e-17)
    (6.2089332763e-01 4.8809808854e-17)
    (6.4052105642e-01 5.1852415742e-17)
    (6.5990472218e-01 5.5098761870e-17)
    (6.7896890624e-01 5.8567665602e-17)
    (6.9764751934e-01 6.2279885360e-17)
    (7.1588412933e-01 6.6258247590e-17)
    (7.3358637930e-01 7.0442003202e-17)
    (7.5079958278e-01 7.4996148904e-17)
    (7.6745534914e-01 7.9887890964e-17)
    (7.8353257443e-01 8.5147277412e-17)
    (7.9901752925e-01 9.0806910411e-17)
    (8.1390306874e-01 9.6902140522e-17)
    (8.2818782881e-01 1.0347129519e-16)
    (8.4187543928e-01 1.1055595969e-16)
    (8.5497377065e-01 1.1820125862e-16)
    (8.6749423532e-01 1.2645617567e-16)
    (8.7945114959e-01 1.3537390739e-16)
    (8.9086116369e-01 1.4501225234e-16)
    (9.0174276209e-01 1.5543403817e-16)
    (9.1211583392e-01 1.6670758882e-16)
    (9.2200131124e-01 1.7890723317e-16)
    (9.3142087166e-01 1.9211385583e-16)
    (9.4039670018e-01 2.0641548908e-16)
    (9.4895130466e-01 2.2190794325e-16)
    (9.5710737851e-01 2.3869547056e-16)
    (9.6488770504e-01 2.5689145379e-16)
    (9.7229590480e-01 2.7655722541e-16)
    (9.7938516806e-01 2.9791890399e-16)
    (9.8616493157e-01 3.2108202410e-16)
    (9.9265725541e-01 3.4620254629e-16)
    (9.9888405066e-01 3.7344964139e-16)
    (1.0048670871e+00 4.0300671474e-16)
    (1.0106280072e+00 4.3507248997e-16)
    (1.0161883436e+00 4.6986215054e-16)
    (1.0215695406e+00 5.0760853471e-16)
    (1.0267929771e+00 5.4856337329e-16)
    (1.0318799906e+00 5.9299856057e-16)
    (1.0368231653e+00 6.4106620356e-16)
    (1.0417033545e+00 6.9335785805e-16)
    (1.0465120906e+00 7.5008127186e-16)
    (1.0510868807e+00 8.1132534410e-16)
    (1.0558591909e+00 8.7806486433e-16)
    (1.0606532018e+00 9.5042698788e-16)
    (1.0655074201e+00 1.0288665221e-15)
    (1.0704684874e+00 1.1138688044e-15)
    (1.0751997678e+00 1.2053604848e-15)
    (1.0804337622e+00 1.3051715579e-15)
    (1.0860944541e+00 1.4134275997e-15)
    (1.0921800386e+00 1.5306626184e-15)
    (1.0986620881e+00 1.6573296717e-15)
    (1.1060807530e+00 1.7947566548e-15)
    (1.1144567565e+00 1.9434603629e-15)
    (1.1240549778e+00 2.1043199204e-15)
    (1.1350476813e+00 2.2750021072e-15)
    (1.1481500998e+00 2.4631484177e-15)
    (1.1636258816e+00 2.6665139310e-15)
    (1.1819885903e+00 2.8862767118e-15)
    (1.2038177970e+00 3.1237079529e-15)
    (1.2301634392e+00 3.3831859381e-15)
    (1.2609969547e+00 3.6603449168e-15)
    (1.2973623011e+00 3.9596475615e-15)
    (1.3400043219e+00 4.2828483740e-15)
    (1.3902463434e+00 4.6313250307e-15)
    (1.4476740790e+00 5.0084988667e-15)
    (1.5134371389e+00 5.4158469442e-15)
    (1.5880617832e+00 5.8558559075e-15)
    (1.6719409936e+00 6.3312401317e-15)
    (1.7660607111e+00 6.8416973675e-15)
    (1.8689224012e+00 7.3969028569e-15)
    (1.9811674971e+00 7.9971375761e-15)
    (2.1024762205e+00 8.6461765358e-15)
    (2.2323544682e+00 9.3480855356e-15)
    (2.3723894733e+00 1.0114336918e-14)
    (2.5173051548e+00 1.0935554528e-14)
    (2.6685098830e+00 1.1823592483e-14)
    (2.8251127850e+00 1.2783732601e-14)
    (2.9864403851e+00 1.3818872312e-14)
    (3.1511716909e+00 1.4940882801e-14)
    (3.3187345269e+00 1.6152673136e-14)
    (3.4884072290e+00 1.7460807936e-14)
    (3.6595680233e+00 1.8872185995e-14)
    (3.8329812664e+00 2.0402040050e-14)
    (4.0054036496e+00 2.2040572672e-14)
    (4.1781426577e+00 2.3805152188e-14)
    (4.3510158693e+00 2.5704090684e-14)
    (4.5239369987e+00 2.7746061703e-14)
    (4.6971621124e+00 2.9941048569e-14)
    (4.8701409956e+00 3.2296043092e-14)
    (5.0433978981e+00 3.4822323794e-14)
    (5.2171246269e+00 3.7530046156e-14)
    (5.3915564385e+00 4.0429727970e-14)
    (5.5669629672e+00 4.3532243206e-14)
    (5.7436400437e+00 4.6848807561e-14)
    (5.9219025873e+00 5.0390963360e-14)
    (6.1010979378e+00 5.4160459837e-14)
    (6.2835570480e+00 5.8190343856e-14)
    (6.4679920424e+00 6.2477785040e-14)
    (6.6560078498e+00 6.7045113350e-14)
    (6.8473428105e+00 7.1902207012e-14)
    (7.0423340173e+00 7.7062247335e-14)
    (7.2409465160e+00 8.2533305793e-14)
    (7.4442081971e+00 8.8339241411e-14)
    (7.6521663603e+00 9.4491357218e-14)
    (7.8676105911e+00 1.0105126358e-13)
    (8.0858487204e+00 1.0794201054e-13)
    (8.3098278045e+00 1.1522542739e-13)
    (8.5398932951e+00 1.2291776770e-13)
    (8.7763949131e+00 1.3103567209e-13)
    (9.0196879697e+00 1.3959616665e-13)
    (9.2670974767e+00 1.4855159524e-13)
    (9.5251096886e+00 1.5804743484e-13)
    (9.7910839770e+00 1.6804180356e-13)
    (1.0065371630e+01 1.7855127932e-13)
    (1.0346344593e+01 1.8954916526e-13)
    (1.0638438926e+01 2.0114090085e-13)
    (1.0940187398e+01 2.1330846641e-13)
    (1.1925355136e+01 2.5299209141e-13)
    (1.2308824412e+01 2.6928933290e-13)
    (1.2709276652e+01 2.8648202605e-13)
    (1.3126439691e+01 3.0458535273e-13)
    (1.3561263285e+01 3.2363410713e-13)
    (1.4012493747e+01 3.4359007854e-13)
    (1.4484291915e+01 3.6457668549e-13)
    (1.4973992379e+01 3.8653179511e-13)
    (1.5487666223e+01 4.0960629450e-13)
    (1.6023909695e+01 4.3376921779e-13)
    (1.6583468512e+01 4.5902984289e-13)
    (1.7168941463e+01 4.8546526227e-13)
    (1.7781023452e+01 5.1307673716e-13)
    (1.8422151615e+01 5.4191591225e-13)
    (1.9092649339e+01 5.7197440116e-13)
    (1.9794733945e+01 6.0328882197e-13)
    (2.0530664058e+01 6.3589381404e-13)
    (2.1299508263e+01 6.6967572622e-13)
    (2.2109288431e+01 7.0492093155e-13)
    (2.2959485968e+01 7.4151650171e-13)
    (2.3850104879e+01 7.7933080739e-13)
    (2.4788921536e+01 8.1867107715e-13)
    (2.5776295005e+01 8.5939988212e-13)
    (2.6817698048e+01 9.0157617122e-13)
    (2.7909067436e+01 9.4494680536e-13)
    (2.9061538888e+01 9.8985956962e-13)
    (3.0279874265e+01 1.0362298492e-12)
    (3.1556757395e+01 1.0836908518e-12)
    (3.2908931845e+01 1.1327367762e-12)
    (3.4342348823e+01 1.1832201118e-12)
    (3.5842127009e+01 1.2346122070e-12)
    (3.7437719791e+01 1.2876335778e-12)
    (3.9117090489e+01 1.3414937473e-12)
    (4.0644106575e+01 1.3908650606e-12)
    (4.2796040127e+01 1.4536951014e-12)
    (4.4789131155e+01 1.5110279411e-12)
    (4.6589221150e+01 1.5633080438e-12)
    (4.9179324484e+01 1.6298888673e-12)
    (5.1201199815e+01 1.6841769909e-12)
    (5.4099126670e+01 1.7518376336e-12)
    (5.6778858337e+01 1.8134388101e-12)
    (5.9117854096e+01 1.8681540999e-12)
    (6.2718461942e+01 1.9401976301e-12)
    (6.5410085846e+01 1.9970465739e-12)
    (6.9496742822e+01 2.0696235029e-12)
    (7.3180976752e+01 2.1337747731e-12)
    (7.7182577491e+01 2.1993830941e-12)
    (8.1420085225e+01 2.2643000964e-12)
    (8.6011788405e+01 2.3301257251e-12)
    (9.0867763137e+01 2.3945856514e-12)
    (9.6165388139e+01 2.4602086057e-12)
    (1.0177823578e+02 2.5242691615e-12)
    (1.0792309375e+02 2.5892123981e-12)
    (1.1458604701e+02 2.6536308994e-12)
    (1.2160542734e+02 2.7158391726e-12)
    (1.2939531717e+02 2.7788350046e-12)
    (1.3542361118e+02 2.8279462592e-12)
    (1.4388362195e+02 2.8849795207e-12)
    (1.5371740495e+02 2.9459233702e-12)
    (1.6736124994e+02 3.0178191561e-12)
    (1.7556818514e+02 3.0612825351e-12)
    (1.9180551086e+02 3.1292861676e-12)
    (2.0148427830e+02 3.1689728568e-12)
);
