// PinelasticN vs reducedE [V m^2]; air_plasma [94c490be646f8872], T_gas = 300.000000 K
(
    (0 9.4603894379e-19)
    (1.0000000000e-22 9.4603894379e-19)
    (1.0452754953e-22 9.7601797011e-19)
    (1.0926008611e-22 1.0051280606e-18)
    (1.1420689063e-22 1.0337107243e-18)
    (1.1937766417e-22 1.0620669960e-18)
    (1.2478254705e-22 1.0904616254e-18)
    (1.3043213867e-22 1.1191289448e-18)
    (1.3633751836e-22 1.1482789217e-18)
    (1.4251026703e-22 1.1781027159e-18)
    (1.4896248996e-22 1.2087775640e-18)
    (1.5570684048e-22 1.2498348963e-18)
    (1.6275654480e-22 1.2733444030e-18)
    (1.7012542799e-22 1.3075563565e-18)
    (1.7782794100e-22 1.3432652218e-18)
    (1.8587918911e-22 1.3806317450e-18)
    (1.9429496147e-22 1.4198213180e-18)
    (2.0309176209e-22 1.4610061009e-18)
    (2.1228684221e-22 1.5038712097e-18)
    (2.2189823415e-22 1.5494996714e-18)
    (2.3194478661e-22 1.5976769509e-18)
    (2.4244620171e-22 1.6490996963e-18)
    (2.5342307358e-22 1.7030384351e-18)
    (2.6489692876e-22 1.7602171826e-18)
    (2.7689026842e-22 1.8209002099e-18)
    (2.8942661247e-22 1.8853719464e-18)
    (3.0253054571e-22 1.9539386667e-18)
    (3.1622776602e-22 2.0269302383e-18)
    (3.3054513476e-22 2.1047019053e-18)
    (3.4551072946e-22 2.1876362370e-18)
    (3.6115389887e-22 2.2761451192e-18)
    (3.7750532053e-22 2.3706719177e-18)
    (3.9459706091e-22 2.4716937883e-18)
    (4.1246263829e-22 2.5797241568e-18)
    (4.3113708854e-22 2.6953153796e-18)
    (4.5065703377e-22 2.8190615917e-18)
    (4.7106075420e-22 2.9516017407e-18)
    (4.9238826317e-22 3.0936227977e-18)
    (5.1468138568e-22 3.2458631245e-18)
    (5.3798384034e-22 3.4091159611e-18)
    (5.6234132519e-22 3.5842329812e-18)
    (5.8780160723e-22 3.7721278417e-18)
    (6.1441461614e-22 3.9737796261e-18)
    (6.4223254222e-22 4.1902360447e-18)
    (6.7130993868e-22 4.4226162102e-18)
    (7.0170382867e-22 4.6721127509e-18)
    (7.3347381708e-22 4.9410538850e-18)
    (7.6668220745e-22 5.2285958638e-18)
    (8.0139412415e-22 5.5380416352e-18)
    (8.3767764007e-22 5.8704407769e-18)
    (8.7560391014e-22 6.2274751521e-18)
    (9.1524731088e-22 6.6127246852e-18)
    (9.5668558622e-22 7.0245999649e-18)
    (1.0000000000e-21 7.4668627120e-18)
    (1.0452754953e-21 7.9416394030e-18)
    (1.0926008611e-21 8.4511627572e-18)
    (1.1420689063e-21 9.0003632191e-18)
    (1.1937766417e-21 9.5865593418e-18)
    (1.2478254705e-21 1.0214864884e-17)
    (1.3043213867e-21 1.0887913058e-17)
    (1.3633751836e-21 1.1608411921e-17)
    (1.4251026703e-21 1.2379131376e-17)
    (1.4896248996e-21 1.3202889568e-17)
    (1.5570684048e-21 1.4082538787e-17)
    (1.6275654480e-21 1.5020952545e-17)
    (1.7012542799e-21 1.6021014753e-17)
    (1.7782794100e-21 1.7086393467e-17)
    (1.8587918911e-21 1.8218474223e-17)
    (1.9429496147e-21 1.9421022614e-17)
    (2.0309176209e-21 2.0697089953e-17)
    (2.1228684221e-21 2.2049845896e-17)
    (2.2189823415e-21 2.3482645272e-17)
    (2.3194478661e-21 2.4999100020e-17)
    (2.4244620171e-21 2.6603186644e-17)
    (2.5342307358e-21 2.8299317294e-17)
    (2.6489692876e-21 3.0092473293e-17)
    (2.7689026842e-21 3.1988325034e-17)
    (2.8942661247e-21 3.3993348319e-17)
    (3.0253054571e-21 3.6114944958e-17)
    (3.1622776602e-21 3.8361559217e-17)
    (3.3054513476e-21 4.0742791037e-17)
    (3.4551072946e-21 4.3269505596e-17)
    (3.6115389887e-21 4.5953939619e-17)
    (3.7750532053e-21 4.8809808854e-17)
    (3.9459706091e-21 5.1852415742e-17)
    (4.1246263829e-21 5.5098761870e-17)
    (4.3113708854e-21 5.8567665602e-17)
    (4.5065703377e-21 6.2279885360e-17)
    (4.7106075420e-21 6.6258247590e-17)
    (4.9238826317e-21 7.0442003202e-17)
    (5.1468138568e-21 7.4996148904e-17)
    (5.3798384034e-21 7.9887890964e-17)
    (5.6234132519e-21 8.5147277412e-17)
    (5.8780160723e-21 9.0806910411e-17)
    (6.1441461614e-21 9.6902140522e-17)
    (6.4223254222e-21 1.0347129519e-16)
    (6.7130993868e-21 1.1055595969e-16)
    (7.0170382867e-21 1.1820125862e-16)
    (7.3347381708e-21 1.2645617567e-16)
    (7.6668220745e-21 1.3537390739e-16)
    (8.0139412415e-21 1.4501225234e-16)
    (8.3767764007e-21 1.5543403817e-16)
    (8.7560391014e-21 1.6670758882e-16)
    (9.1524731088e-21 1.7890723317e-16)
    (9.5668558622e-21 1.9211385583e-16)
    (1.0000000000e-20 2.0641548908e-16)
    (1.0452754953e-20 2.2190794325e-16)
    (1.0926008611e-20 2.3869547056e-16)
    (1.1420689063e-20 2.5689145379e-16)
    (1.1937766417e-20 2.7655722541e-16)
    (1.2478254705e-20 2.9791890399e-16)
    (1.3043213867e-20 3.2108202410e-16)
    (1.3633751836e-20 3.4620254629e-16)
    (1.4251026703e-20 3.7344964139e-16)
    (1.4896248996e-20 4.0300671474e-16)
    (1.5570684048e-20 4.3507248997e-16)
    (1.6275654480e-20 4.6986215054e-16)
    (1.7012542799e-20 5.0760853471e-16)
    (1.7782794100e-20 5.4856337329e-16)
    (1.8587918911e-20 5.9299856057e-16)
    (1.9429496147e-20 6.4106620356e-16)
    (2.0309176209e-20 6.9335785805e-16)
    (2.1228684221e-20 7.5008127186e-16)
    (2.2189823415e-20 8.1132534410e-16)
    (2.3194478661e-20 8.7806486433e-16)
    (2.4244620171e-20 9.5042698788e-16)
    (2.5342307358e-20 1.0288665221e-15)
    (2.6489692876e-20 1.1138688044e-15)
    (2.7689026842e-20 1.2053604848e-15)
    (2.8942661247e-20 1.3051715579e-15)
    (3.0253054571e-20 1.4134275997e-15)
    (3.1622776602e-20 1.5306626184e-15)
    (3.3054513476e-20 1.6573296717e-15)
    (3.4551072946e-20 1.7947566548e-15)
    (3.6115389887e-20 1.9434603629e-15)
    (3.7750532053e-20 2.1043199204e-15)
    (3.9459706091e-20 2.2750021072e-15)
    (4.1246263829e-20 2.4631484177e-15)
    (4.3113708854e-20 2.6665139310e-15)
    (4.5065703377e-20 2.8862767118e-15)
    (4.7106075420e-20 3.1237079529e-15)
    (4.9238826317e-20 3.3831859381e-15)
    (5.1468138568e-20 3.6603449168e-15)
    (5.3798384034e-20 3.9596475615e-15)
    (5.6234132519e-20 4.2828483740e-15)
    (5.8780160723e-20 4.6313250307e-15)
    (6.1441461614e-20 5.0084988667e-15)
    (6.4223254222e-20 5.4158469442e-15)
    (6.7130993868e-20 5.8558559075e-15)
    (7.0170382867e-20 6.3312401317e-15)
    (7.3347381708e-20 6.8416973675e-15)
    (7.6668220745e-20 7.3969028569e-15)
    (8.0139412415e-20 7.9971375761e-15)
    (8.3767764007e-20 8.6461765358e-15)
    (8.7560391014e-20 9.3480855356e-15)
    (9.1524731088e-20 1.0114336918e-14)
    (9.5668558622e-20 1.0935554528e-14)
    (1.0000000000e-19 1.1823592483e-14)
    (1.0452754953e-19 1.2783732601e-14)
    (1.0926008611e-19 1.3818872312e-14)
    (1.1420689063e-19 1.4940882801e-14)
    (1.1937766417e-19 1.6152673136e-14)
    (1.2478254705e-19 1.7460807936e-14)
    (1.3043213867e-19 1.8872185995e-14)
    (1.3633751836e-19 2.0402040050e-14)
    (1.4251026703e-19 2.2040572672e-14)
    (1.4896248996e-19 2.3805152188e-14)
    (1.5570684048e-19 2.5704090684e-14)
    (1.6275654480e-19 2.7746061703e-14)
    (1.7012542799e-19 2.9941048569e-14)
    (1.7782794100e-19 3.2296043092e-14)
    (1.8587918911e-19 3.4822323794e-14)
    (1.9429496147e-19 3.7530046156e-14)
    (2.0309176209e-19 4.0429727970e-14)
    (2.1228684221e-19 4.3532243206e-14)
    (2.2189823415e-19 4.6848807561e-14)
    (2.3194478661e-19 5.0390963360e-14)
    (2.4244620171e-19 5.4160459837e-14)
    (2.5342307358e-19 5.8190343856e-14)
    (2.6489692876e-19 6.2477785040e-14)
    (2.7689026842e-19 6.7045113350e-14)
    (2.8942661247e-19 7.1902207012e-14)
    (3.0253054571e-19 7.7062247335e-14)
    (3.1622776602e-19 8.2533305793e-14)
    (3.3054513476e-19 8.8339241411e-14)
    (3.4551072946e-19 9.4491357218e-14)
    (3.6115389887e-19 1.0105126358e-13)
    (3.7750532053e-19 1.0794201054e-13)
    (3.9459706091e-19 1.1522542739e-13)
    (4.1246263829e-19 1.2291776770e-13)
    (4.3113708854e-19 1.3103567209e-13)
    (4.5065703377e-19 1.3959616665e-13)
    (4.7106075420e-19 1.4855159524e-13)
    (4.9238826317e-19 1.5804743484e-13)
    (5.1468138568e-19 1.6804180356e-13)
    (5.3798384034e-19 1.7855127932e-13)
    (5.6234132519e-19 1.8954916526e-13)
    (5.8780160723e-19 2.0114090085e-13)
    (6.1441461614e-19 2.1330846641e-13)
    (6.4223254222e-19 2.5299209141e-13)
    (6.7130993868e-19 2.6928933290e-13)
    (7.0170382867e-19 2.8648202605e-13)
    (7.3347381708e-19 3.0458535273e-13)
    (7.6668220745e-19 3.2363410713e-13)
    (8.0139412415e-19 3.4359007854e-13)
    (8.3767764007e-19 3.6457668549e-13)
    (8.7560391014e-19 3.8653179511e-13)
    (9.1524731088e-19 4.0960629450e-13)
    (9.5668558622e-19 4.3376921779e-13)
    (1.0000000000e-18 4.5902984289e-13)
    (1.0452754953e-18 4.8546526227e-13)
    (1.0926008611e-18 5.1307673716e-13)
    (1.1420689063e-18 5.4191591225e-13)
    (1.1937766417e-18 5.7197440116e-13)
    (1.2478254705e-18 6.0328882197e-13)
    (1.3043213867e-18 6.3589381404e-13)
    (1.3633751836e-18 6.6967572622e-13)
    (1.4251026703e-18 7.0492093155e-13)
    (1.4896248996e-18 7.4151650171e-13)
    (1.5570684048e-18 7.7933080739e-13)
    (1.6275654480e-18 8.1867107715e-13)
    (1.7012542799e-18 8.5939988212e-13)
    (1.7782794100e-18 9.0157617122e-13)
    (1.8587918911e-18 9.4494680536e-13)
    (1.9429496147e-18 9.8985956962e-13)
    (2.0309176209e-18 1.0362298492e-12)
    (2.1228684221e-18 1.0836908518e-12)
    (2.2189823415e-18 1.1327367762e-12)
    (2.3194478661e-18 1.1832201118e-12)
    (2.4244620171e-18 1.2346122070e-12)
    (2.5342307358e-18 1.2876335778e-12)
    (2.6489692876e-18 1.3414937473e-12)
    (2.7689026842e-18 1.3908650606e-12)
    (2.8942661247e-18 1.4536951014e-12)
    (3.0253054571e-18 1.5110279411e-12)
    (3.1622776602e-18 1.5633080438e-12)
    (3.3054513476e-18 1.6298888673e-12)
    (3.4551072946e-18 1.6841769909e-12)
    (3.6115389887e-18 1.7518376336e-12)
    (3.7750532053e-18 1.8134388101e-12)
    (3.9459706091e-18 1.8681540999e-12)
    (4.1246263829e-18 1.9401976301e-12)
    (4.3113708854e-18 1.9970465739e-12)
    (4.5065703377e-18 2.0696235029e-12)
    (4.7106075420e-18 2.1337747731e-12)
    (4.9238826317e-18 2.1993830941e-12)
    (5.1468138568e-18 2.2643000964e-12)
    (5.3798384034e-18 2.3301257251e-12)
    (5.6234132519e-18 2.3945856514e-12)
    (5.8780160723e-18 2.4602086057e-12)
    (6.1441461614e-18 2.5242691615e-12)
    (6.4223254222e-18 2.5892123981e-12)
    (6.7130993868e-18 2.6536308994e-12)
    (7.0170382867e-18 2.7158391726e-12)
    (7.3347381708e-18 2.7788350046e-12)
    (7.6668220745e-18 2.8279462592e-12)
    (8.0139412415e-18 2.8849795207e-12)
    (8.3767764007e-18 2.9459233702e-12)
    (8.7560391014e-18 3.0178191561e-12)
    (9.1524731088e-18 3.0612825351e-12)
    (9.5668558622e-18 3.1292861676e-12)
    (1.0000000000e-17 3.1689728568e-12)
);
