// PvibN vs mean energy [eV]; air_plasma [94c490be646f8872], T_gas = 300.000000 K
(
    (0 1.2623643800e-19)
    (1.3716749438e-01 1.2623643800e-19)
    (1.4076979314e-01 1.4177553482e-19)
    (1.4397604008e-01 1.5822004773e-19)
    (1.4684113805e-01 1.7564793026e-19)
    (1.4941204783e-01 1.9413848464e-19)
    (1.5172864004e-01 2.1377104101e-19)
    (1.5382482203e-01 2.3462465208e-19)
    (1.5572964088e-01 2.5677843905e-19)
    (1.5746824649e-01 2.8031229246e-19)
    (1.5906268561e-01 3.0530779414e-19)
    (1.6040186980e-01 3.4353176082e-19)
    (1.6189539494e-01 3.6002491868e-19)
    (1.6316727128e-01 3.8992812114e-19)
    (1.6436286366e-01 4.2165863817e-19)
    (1.6549578572e-01 4.5532400278e-19)
    (1.6657873020e-01 4.9104090402e-19)
    (1.6762359287e-01 5.2893662522e-19)
    (1.6865359887e-01 5.6865385173e-19)
    (1.6965539117e-01 6.1123842712e-19)
    (1.7065096866e-01 6.5643898419e-19)
    (1.7163702901e-01 7.0506145167e-19)
    (1.7264762429e-01 7.5605738683e-19)
    (1.7367878080e-01 8.1026599629e-19)
    (1.7473849913e-01 8.6792400623e-19)
    (1.7583432821e-01 9.2929018243e-19)
    (1.7697337833e-01 9.9464696057e-19)
    (1.7816233417e-01 1.0643021431e-18)
    (1.7940746844e-01 1.1385906370e-18)
    (1.8071465956e-01 1.2178763480e-18)
    (1.8208941158e-01 1.3025541131e-18)
    (1.8353687952e-01 1.3930517896e-18)
    (1.8506190021e-01 1.4898324759e-18)
    (1.8666902928e-01 1.5933968816e-18)
    (1.8836258474e-01 1.7042858595e-18)
    (1.9014669747e-01 1.8230831031e-18)
    (1.9202536831e-01 1.9504180090e-18)
    (1.9400253175e-01 2.0869686974e-18)
    (1.9608212573e-01 2.2334651682e-18)
    (1.9826816696e-01 2.3906925627e-18)
    (2.0056483136e-01 2.5594944761e-18)
    (2.0297653896e-01 2.7407762522e-18)
    (2.0550804255e-01 2.9355081582e-18)
    (2.0816451961e-01 3.1447283069e-18)
    (2.1095166654e-01 3.3695451441e-18)
    (2.1387579417e-01 3.6111392661e-18)
    (2.1694256551e-01 3.8718264769e-18)
    (2.2014788174e-01 4.1507660501e-18)
    (2.2353446165e-01 4.4511425420e-18)
    (2.2709477487e-01 4.7740338742e-18)
    (2.3084127841e-01 5.1210835789e-18)
    (2.3479833990e-01 5.4958376472e-18)
    (2.3896131204e-01 5.8966141246e-18)
    (2.4336011410e-01 6.3271153963e-18)
    (2.4801612280e-01 6.7893745924e-18)
    (2.5295360836e-01 7.2855091087e-18)
    (2.5819915170e-01 7.8203517401e-18)
    (2.6378576428e-01 8.3909512015e-18)
    (2.6974626976e-01 9.0022609407e-18)
    (2.7611829297e-01 9.6566615788e-18)
    (2.8294269841e-01 1.0356561442e-17)
    (2.9026321198e-01 1.1104378947e-17)
    (2.9812580887e-01 1.1902525316e-17)
    (3.0657783145e-01 1.2753388278e-17)
    (3.1566682518e-01 1.3659318895e-17)
    (3.2543909275e-01 1.4622622999e-17)
    (3.3590887576e-01 1.5646493520e-17)
    (3.4717223366e-01 1.6731349191e-17)
    (3.5923184525e-01 1.7880401882e-17)
    (3.7211014051e-01 1.9095987623e-17)
    (3.8581860584e-01 2.0380563078e-17)
    (4.0035610545e-01 2.1736791801e-17)
    (4.1570760906e-01 2.3167636593e-17)
    (4.3184344429e-01 2.4676486790e-17)
    (4.4871916534e-01 2.6267248056e-17)
    (4.6627608546e-01 2.7944491051e-17)
    (4.8444246122e-01 2.9713582652e-17)
    (5.0313526437e-01 3.1580808902e-17)
    (5.2226243543e-01 3.3553496935e-17)
    (5.4172546688e-01 3.5640127624e-17)
    (5.6142215538e-01 3.7850440256e-17)
    (5.8124935489e-01 4.0195529554e-17)
    (6.0110557847e-01 4.2687936457e-17)
    (6.2089332763e-01 4.5341738065e-17)
    (6.4052105642e-01 4.8172636922e-17)
    (6.5990472218e-01 5.1198055099e-17)
    (6.7896890624e-01 5.4437234286e-17)
    (6.9764751934e-01 5.7911342907e-17)
    (7.1588412933e-01 6.1643589685e-17)
    (7.3358637930e-01 6.5575441676e-17)
    (7.5079958278e-01 6.9869113665e-17)
    (7.6745534914e-01 7.4493478749e-17)
    (7.8353257443e-01 7.9478821220e-17)
    (7.9901752925e-01 8.4857923115e-17)
    (8.1390306874e-01 9.0666256166e-17)
    (8.2818782881e-01 9.6942208785e-17)
    (8.4187543928e-01 1.0372736593e-16)
    (8.5497377065e-01 1.1106679010e-16)
    (8.6749423532e-01 1.1900934065e-16)
    (8.7945114959e-01 1.2760802698e-16)
    (8.9086116369e-01 1.3692039692e-16)
    (9.0174276209e-01 1.4700896264e-16)
    (9.1211583392e-01 1.5794166609e-16)
    (9.2200131124e-01 1.6979238545e-16)
    (9.3142087166e-01 1.8264148301e-16)
    (9.4039670018e-01 1.9657639356e-16)
    (9.4895130466e-01 2.1169225074e-16)
    (9.5710737851e-01 2.2809254619e-16)
    (9.6488770504e-01 2.4588981314e-16)
    (9.7229590480e-01 2.6514571148e-16)
    (9.7938516806e-01 2.8608329360e-16)
    (9.8616493157e-01 3.0880787761e-16)
    (9.9265725541e-01 3.3347421891e-16)
    (9.9888405066e-01 3.6025017827e-16)
    (1.0048670871e+00 3.8931774212e-16)
    (1.0106280072e+00 4.2087410262e-16)
    (1.0161883436e+00 4.5513279576e-16)
    (1.0215695406e+00 4.9232489313e-16)
    (1.0267929771e+00 5.3270023678e-16)
    (1.0318799906e+00 5.7652870745e-16)
    (1.0368231653e+00 6.2396307588e-16)
    (1.0417033545e+00 6.7558704259e-16)
    (1.0465120906e+00 7.3160870569e-16)
    (1.0510868807e+00 7.9212548923e-16)
    (1.0558591909e+00 8.5808237440e-16)
    (1.0606532018e+00 9.2961634882e-16)
    (1.0655074201e+00 1.0071772052e-15)
    (1.0704684874e+00 1.0912441094e-15)
    (1.0751997678e+00 1.1815303955e-15)
    (1.0804337622e+00 1.2800878810e-15)
    (1.0860944541e+00 1.3868764085e-15)
    (1.0921800386e+00 1.5023497956e-15)
    (1.0986620881e+00 1.6268209608e-15)
    (1.1060807530e+00 1.7614558850e-15)
    (1.1144567565e+00 1.9065164129e-15)
    (1.1240549778e+00 2.0625354538e-15)
    (1.1350476813e+00 2.2266511213e-15)
    (1.1481500998e+00 2.4059501070e-15)
    (1.1636258816e+00 2.5973274250e-15)
    (1.1819885903e+00 2.8008818797e-15)
    (1.2038177970e+00 3.0165088357e-15)
    (1.2301634392e+00 3.2461200217e-15)
    (1.2609969547e+00 3.4845397666e-15)
    (1.2973623011e+00 3.7330497955e-15)
    (1.3400043219e+00 3.9903271128e-15)
    (1.3902463434e+00 4.2529965072e-15)
    (1.4476740790e+00 4.5224569950e-15)
    (1.5134371389e+00 4.7945230773e-15)
    (1.5880617832e+00 5.0664970465e-15)
    (1.6719409936e+00 5.3354564941e-15)
    (1.7660607111e+00 5.5923731267e-15)
    (1.8689224012e+00 5.8460175282e-15)
    (1.9811674971e+00 6.0875834057e-15)
    (2.1024762205e+00 6.3143074530e-15)
    (2.2323544682e+00 6.5237476108e-15)
    (2.3723894733e+00 6.7132950492e-15)
    (2.5173051548e+00 6.8824247324e-15)
    (2.6685098830e+00 7.0296667088e-15)
    (2.8251127850e+00 7.1545160129e-15)
    (2.9864403851e+00 7.2520271084e-15)
    (3.1511716909e+00 7.3331448823e-15)
    (3.3187345269e+00 7.3931228364e-15)
    (3.4884072290e+00 7.4331454010e-15)
    (3.6595680233e+00 7.4546480243e-15)
    (3.8329812664e+00 7.4602051046e-15)
    (4.0054036496e+00 7.4494415753e-15)
    (4.1781426577e+00 7.4252820459e-15)
    (4.3510158693e+00 7.3894593483e-15)
    (4.5239369987e+00 7.3436539270e-15)
    (4.6971621124e+00 7.2871007173e-15)
    (4.8701409956e+00 7.2262292176e-15)
    (5.0433978981e+00 7.1598117731e-15)
    (5.2171246269e+00 7.0890865755e-15)
    (5.3915564385e+00 7.0151604134e-15)
    (5.5669629672e+00 6.9390102541e-15)
    (5.7436400437e+00 6.8614879247e-15)
    (5.9219025873e+00 6.7833269499e-15)
    (6.1010979378e+00 6.7030123536e-15)
    (6.2835570480e+00 6.6255909677e-15)
    (6.4679920424e+00 6.5493577140e-15)
    (6.6560078498e+00 6.4740712601e-15)
    (6.8473428105e+00 6.4003329587e-15)
    (7.0423340173e+00 6.3283591966e-15)
    (7.2409465160e+00 6.2574580582e-15)
    (7.4442081971e+00 6.1895804447e-15)
    (7.6521663603e+00 6.1237858076e-15)
    (7.8676105911e+00 6.0549637388e-15)
    (8.0858487204e+00 5.9936496383e-15)
    (8.3098278045e+00 5.9344330292e-15)
    (8.5398932951e+00 5.8772679425e-15)
    (8.7763949131e+00 5.8220905268e-15)
    (9.0196879697e+00 5.7688222344e-15)
    (9.2670974767e+00 5.7188665855e-15)
    (9.5251096886e+00 5.6690279975e-15)
    (9.7910839770e+00 5.6207990736e-15)
    (1.0065371630e+01 5.5740664950e-15)
    (1.0346344593e+01 5.5276353783e-15)
    (1.0638438926e+01 5.4835759995e-15)
    (1.0940187398e+01 5.4406433012e-15)
    (1.1925355136e+01 5.2806262720e-15)
    (1.2308824412e+01 5.2342235964e-15)
    (1.2709276652e+01 5.1906966133e-15)
    (1.3126439691e+01 5.1476181785e-15)
    (1.3561263285e+01 5.1048204307e-15)
    (1.4012493747e+01 5.0641668855e-15)
    (1.4484291915e+01 5.0212759928e-15)
    (1.4973992379e+01 4.9753561338e-15)
    (1.5487666223e+01 4.9322935737e-15)
    (1.6023909695e+01 4.8887501191e-15)
    (1.6583468512e+01 4.8438968547e-15)
    (1.7168941463e+01 4.7989745624e-15)
    (1.7781023452e+01 4.7531815849e-15)
    (1.8422151615e+01 4.7068705893e-15)
    (1.9092649339e+01 4.6588348218e-15)
    (1.9794733945e+01 4.6096167683e-15)
    (2.0530664058e+01 4.5591099531e-15)
    (2.1299508263e+01 4.5040446794e-15)
    (2.2109288431e+01 4.4510919965e-15)
    (2.2959485968e+01 4.3966026751e-15)
    (2.3850104879e+01 4.3407575607e-15)
    (2.4788921536e+01 4.2829820700e-15)
    (2.5776295005e+01 4.2235862031e-15)
    (2.6817698048e+01 4.1624870077e-15)
    (2.7909067436e+01 4.0998473380e-15)
    (2.9061538888e+01 4.0354709192e-15)
    (3.0279874265e+01 3.9694144806e-15)
    (3.1556757395e+01 3.9001760302e-15)
    (3.2908931845e+01 3.8313021042e-15)
    (3.4342348823e+01 3.7608121002e-15)
    (3.5842127009e+01 3.6877686939e-15)
    (3.7437719791e+01 3.6147058433e-15)
    (3.9117090489e+01 3.5398024884e-15)
    (4.0644106575e+01 3.4583820668e-15)
    (4.2796040127e+01 3.3875212377e-15)
    (4.4789131155e+01 3.3093335076e-15)
    (4.6589221150e+01 3.2250696360e-15)
    (4.9179324484e+01 3.1511343245e-15)
    (5.1201199815e+01 3.0670394736e-15)
    (5.4099126670e+01 2.9895987095e-15)
    (5.6778858337e+01 2.9078571149e-15)
    (5.9117854096e+01 2.8222517356e-15)
    (6.2718461942e+01 2.7436901390e-15)
    (6.5410085846e+01 2.6603073033e-15)
    (6.9496742822e+01 2.5805905003e-15)
    (7.3180976752e+01 2.4989465412e-15)
    (7.7182577491e+01 2.4179112120e-15)
    (8.1420085225e+01 2.3365338731e-15)
    (8.6011788405e+01 2.2565398167e-15)
    (9.0867763137e+01 2.1768620128e-15)
    (9.6165388139e+01 2.0983543580e-15)
    (1.0177823578e+02 2.0201361324e-15)
    (1.0792309375e+02 1.9435838473e-15)
    (1.1458604701e+02 1.8680773914e-15)
    (1.2160542734e+02 1.7935647474e-15)
    (1.2939531717e+02 1.7206360346e-15)
    (1.3542361118e+02 1.6459520475e-15)
    (1.4388362195e+02 1.5753989270e-15)
    (1.5371740495e+02 1.5075680412e-15)
    (1.6736124994e+02 1.4427150364e-15)
    (1.7556818514e+02 1.3733261429e-15)
    (1.9180551086e+02 1.3140574827e-15)
    (2.0148427830e+02 1.2482279997e-15)
);
